0 0.013272 0.00151635 0.744755
0.005 0.013272 0.00151635 0.744755
0.01 0.013272 0.00151635 0.744753
0.015 0.013272 0.00151635 0.744749
0.02 0.013272 0.00151635 0.744745
0.025 0.013272 0.00151635 0.744739
0.03 0.013272 0.00151635 0.744731
0.035 0.013272 0.00151635 0.744723
0.04 0.013272 0.00151635 0.744713
0.045 0.013272 0.00151635 0.744702
0.05 0.013272 0.00151635 0.74469
0.055 0.013272 0.00151635 0.744676
0.06 0.013272 0.00151635 0.744661
0.065 0.013272 0.00151635 0.744645
0.07 0.013272 0.00151635 0.744628
0.075 0.013272 0.00151635 0.744609
0.08 0.013272 0.00151635 0.74459
0.085 0.013272 0.00151635 0.744569
0.09 0.013272 0.00151635 0.744546
0.095 0.013272 0.00151635 0.744523
0.1 0.013272 0.00151635 0.744499
0.105 0.013272 0.00151635 0.744473
0.11 0.013272 0.00151635 0.744446
0.115 0.013272 0.00151635 0.744418
0.12 0.013272 0.00151635 0.744389
0.125 0.013272 0.00151635 0.744359
0.13 0.013272 0.00151635 0.744327
0.135 0.013272 0.00151635 0.744295
0.14 0.013272 0.00151635 0.744261
0.145 0.013272 0.00151635 0.744226
0.15 0.013272 0.00151635 0.744191
0.155 0.013272 0.00151635 0.744154
0.16 0.013272 0.00151635 0.744116
0.165 0.013272 0.00151635 0.744077
0.17 0.013272 0.00151635 0.744037
0.175 0.013272 0.00151635 0.743995
0.18 0.013272 0.00151635 0.743953
0.185 0.013272 0.00151635 0.74391
0.19 0.013272 0.00151635 0.743866
0.195 0.013272 0.00151635 0.743821
0.2 0.013272 0.00151635 0.743774
0.205 0.013272 0.00151635 0.743727
0.21 0.013272 0.00151635 0.743679
0.215 0.013272 0.00151635 0.74363
0.22 0.013272 0.00151635 0.743579
0.225 0.013272 0.00151635 0.743528
0.23 0.013272 0.00151635 0.743476
0.235 0.013272 0.00151635 0.743423
0.24 0.013272 0.00151635 0.743369
0.245 0.013272 0.00151635 0.743314
0.25 0.013272 0.00151635 0.743258
0.255 0.013272 0.00151635 0.743202
0.26 0.013272 0.00151635 0.743144
0.265 0.013272 0.00151635 0.743085
0.27 0.013272 0.00151635 0.743026
0.275 0.013272 0.00151635 0.742966
0.28 0.013272 0.00151635 0.742904
0.285 0.013272 0.00151635 0.742842
0.29 0.013272 0.00151635 0.74278
0.295 0.013272 0.00151635 0.742716
0.3 0.013272 0.00151635 0.742651
0.305 0.013272 0.00151635 0.742586
0.31 0.013272 0.00151635 0.74252
0.315 0.013272 0.00151635 0.742453
0.32 0.013272 0.00151635 0.742385
0.325 0.013272 0.00151635 0.742316
0.33 0.013272 0.00151635 0.742247
0.335 0.013272 0.00151635 0.742177
0.34 0.013272 0.00151635 0.742106
0.345 0.013272 0.00151635 0.742034
0.35 0.013272 0.00151635 0.741962
0.355 0.013272 0.00151635 0.741889
0.36 0.013272 0.00151635 0.741815
0.365 0.013272 0.00151635 0.74174
0.37 0.013272 0.00151635 0.741665
0.375 0.013272 0.00151635 0.741589
0.38 0.013272 0.00151635 0.741512
0.385 0.013272 0.00151635 0.741435
0.39 0.013272 0.00151635 0.741357
0.395 0.013272 0.00151635 0.741278
0.4 0.013272 0.00151635 0.741199
0.405 0.013272 0.00151635 0.741119
0.41 0.013272 0.00151635 0.741038
0.415 0.013272 0.00151635 0.740957
0.42 0.013272 0.00151635 0.740875
0.425 0.013272 0.00151635 0.740792
0.43 0.013272 0.00151635 0.740709
0.435 0.013272 0.00151635 0.740625
0.44 0.013272 0.00151635 0.740541
0.445 0.013272 0.00151635 0.740456
0.45 0.013272 0.00151635 0.74037
0.455 0.013272 0.00151635 0.740284
0.46 0.013272 0.00151635 0.740197
0.465 0.013272 0.00151635 0.74011
0.47 0.013272 0.00151635 0.740022
0.475 0.013272 0.00151635 0.739934
0.48 0.013272 0.00151635 0.739845
0.485 0.013272 0.00151635 0.739756
0.49 0.013272 0.00151635 0.739666
0.495 0.013272 0.00151635 0.739576
0.5 0.013272 0.00151635 0.739485
0.505 0.013272 0.00151635 0.739394
0.51 0.013272 0.00151635 0.739302
0.515 0.013272 0.00151635 0.73921
0.52 0.013272 0.00151635 0.739117
0.525 0.013272 0.00151635 0.739024
0.53 0.013272 0.00151635 0.738931
0.535 0.013272 0.00151635 0.738837
0.54 0.013272 0.00151635 0.738742
0.545 0.013272 0.00151635 0.738648
0.55 0.013272 0.00151635 0.738554
0.555 0.013272 0.00151635 0.73846
0.56 0.013272 0.00151635 0.738365
0.565 0.013272 0.00151635 0.73827
0.57 0.013272 0.00151635 0.738175
0.575 0.013272 0.00151635 0.738079
0.58 0.013272 0.00151635 0.737983
0.585 0.013272 0.00151635 0.737887
0.59 0.013272 0.00151635 0.73779
0.595 0.013272 0.00151635 0.737693
0.6 0.013272 0.00151635 0.737595
0.605 0.013272 0.00151635 0.737498
0.61 0.013272 0.00151635 0.7374
0.615 0.013272 0.00151635 0.737301
0.62 0.013272 0.00151635 0.737203
0.625 0.013272 0.00151635 0.737104
0.63 0.013272 0.00151635 0.737005
0.635 0.013272 0.00151635 0.736906
0.64 0.013272 0.00151635 0.736806
0.645 0.013272 0.00151635 0.736706
0.65 0.013272 0.00151635 0.736606
0.655 0.013272 0.00151635 0.736506
0.66 0.013272 0.00151635 0.736406
0.665 0.013272 0.00151635 0.736305
0.67 0.013272 0.00151635 0.736204
0.675 0.013272 0.00151635 0.736103
0.68 0.013272 0.00151635 0.736002
0.685 0.013272 0.00151635 0.735901
0.69 0.013272 0.00151635 0.735799
0.695 0.013272 0.00151635 0.735697
0.7 0.013272 0.00151635 0.735596
0.705 0.013272 0.00151635 0.735494
0.71 0.013272 0.00151635 0.735392
0.715 0.013272 0.00151635 0.735289
0.72 0.013272 0.00151635 0.735187
0.725 0.013272 0.00151635 0.735085
0.73 0.013272 0.00151635 0.734982
0.735 0.013272 0.00151635 0.734879
0.74 0.013272 0.00151635 0.734777
0.745 0.013272 0.00151635 0.734674
0.75 0.013272 0.00151635 0.734571
0.755 0.013272 0.00151635 0.734468
0.76 0.013272 0.00151635 0.734366
0.765 0.013272 0.00151635 0.734263
0.77 0.013272 0.00151635 0.73416
0.775 0.013272 0.00151635 0.734057
0.78 0.013272 0.00151635 0.733954
0.785 0.013272 0.00151635 0.73385
0.79 0.013272 0.00151635 0.733747
0.795 0.013272 0.00151635 0.733644
0.8 0.013272 0.00151635 0.733541
0.805 0.013272 0.00151635 0.733438
0.81 0.013272 0.00151635 0.733335
0.815 0.013272 0.00151635 0.733232
0.82 0.013272 0.00151635 0.73313
0.825 0.013272 0.00151635 0.733027
0.83 0.013272 0.00151635 0.732924
0.835 0.013272 0.00151635 0.732821
0.84 0.013272 0.00151635 0.732719
0.845 0.013272 0.00151635 0.732616
0.85 0.013272 0.00151635 0.732514
0.855 0.013272 0.00151635 0.732411
0.86 0.013272 0.00151635 0.732309
0.865 0.013272 0.00151635 0.732207
0.87 0.013272 0.00151635 0.732105
0.875 0.013272 0.00151635 0.732003
0.88 0.013272 0.00151635 0.731902
0.885 0.013272 0.00151635 0.7318
0.89 0.013272 0.00151635 0.731699
0.895 0.013272 0.00151635 0.731598
0.9 0.013272 0.00151635 0.731497
0.905 0.013272 0.00151635 0.731397
0.91 0.013272 0.00151635 0.731297
0.915 0.013272 0.00151635 0.731197
0.92 0.013272 0.00151635 0.731097
0.925 0.013272 0.00151635 0.730997
0.93 0.013272 0.00151635 0.730898
0.935 0.013272 0.00151635 0.730799
0.94 0.013272 0.00151635 0.7307
0.945 0.013272 0.00151635 0.730602
0.95 0.013272 0.00151635 0.730504
0.955 0.013272 0.00151635 0.730406
0.96 0.013272 0.00151635 0.730308
0.965 0.013272 0.00151635 0.73021
0.97 0.013272 0.00151635 0.730113
0.975 0.013272 0.00151635 0.730017
0.98 0.013272 0.00151635 0.72992
0.985 0.013272 0.00151635 0.729824
0.99 0.013272 0.00151635 0.729728
0.995 0.013272 0.00151635 0.729632
1 0.013272 0.00151635 0.729537
1.005 0.013272 0.00151635 0.729442
1.01 0.013272 0.00151635 0.729348
1.015 0.013272 0.00151635 0.729254
1.02 0.013272 0.00151635 0.72916
1.025 0.013272 0.00151635 0.729066
1.03 0.013272 0.00151635 0.728973
1.035 0.013272 0.00151635 0.72888
1.04 0.013272 0.00151635 0.728788
1.045 0.013272 0.00151635 0.728695
1.05 0.013272 0.00151635 0.728603
1.055 0.013272 0.00151635 0.728512
1.06 0.013272 0.00151635 0.728421
1.065 0.013272 0.00151635 0.72833
1.07 0.013272 0.00151635 0.728239
1.075 0.013272 0.00151635 0.728149
1.08 0.013272 0.00151635 0.728059
1.085 0.013272 0.00151635 0.727969
1.09 0.013272 0.00151635 0.727879
1.095 0.013272 0.00151635 0.72779
1.1 0.013272 0.00151635 0.727701
1.105 0.013272 0.00151635 0.727613
1.11 0.013272 0.00151635 0.727525
1.115 0.013272 0.00151635 0.727437
1.12 0.013272 0.00151635 0.727349
1.125 0.013272 0.00151635 0.727261
1.13 0.013272 0.00151635 0.727174
1.135 0.013272 0.00151635 0.727088
1.14 0.013272 0.00151635 0.727001
1.145 0.013272 0.00151635 0.726915
1.15 0.013272 0.00151635 0.726829
1.155 0.013272 0.00151635 0.726743
1.16 0.013272 0.00151635 0.726658
1.165 0.013272 0.00151635 0.726572
1.17 0.013272 0.00151635 0.726488
1.175 0.013272 0.00151635 0.726403
1.18 0.013272 0.00151635 0.726319
1.185 0.013272 0.00151635 0.726234
1.19 0.013272 0.00151635 0.726151
1.195 0.013272 0.00151635 0.726067
1.2 0.013272 0.00151635 0.725984
1.205 0.013272 0.00151635 0.725901
1.21 0.013272 0.00151635 0.725818
1.215 0.013272 0.00151635 0.725735
1.22 0.013272 0.00151635 0.725653
1.225 0.013272 0.00151635 0.725571
1.23 0.013272 0.00151635 0.725489
1.235 0.013272 0.00151635 0.725407
1.24 0.013272 0.00151635 0.725326
1.245 0.013272 0.00151635 0.725245
1.25 0.013272 0.00151635 0.725164
1.255 0.013272 0.00151635 0.725083
1.26 0.013272 0.00151635 0.725003
1.265 0.013272 0.00151635 0.724923
1.27 0.013272 0.00151635 0.724843
1.275 0.013272 0.00151635 0.724763
1.28 0.013272 0.00151635 0.724683
1.285 0.013272 0.00151635 0.724604
1.29 0.013272 0.00151635 0.724525
1.295 0.013272 0.00151635 0.724446
1.3 0.013272 0.00151635 0.724367
1.305 0.013272 0.00151635 0.724289
1.31 0.013272 0.00151635 0.724211
1.315 0.013272 0.00151635 0.724133
1.32 0.013272 0.00151635 0.724055
1.325 0.013272 0.00151635 0.723977
1.33 0.013272 0.00151635 0.7239
1.335 0.013272 0.00151635 0.723822
1.34 0.013272 0.00151635 0.723745
1.345 0.013272 0.00151635 0.723669
1.35 0.013272 0.00151635 0.723592
1.355 0.013272 0.00151635 0.723515
1.36 0.013272 0.00151635 0.723439
1.365 0.013272 0.00151635 0.723363
1.37 0.013272 0.00151635 0.723287
1.375 0.013272 0.00151635 0.723211
1.38 0.013272 0.00151635 0.723136
1.385 0.013272 0.00151635 0.72306
1.39 0.013272 0.00151635 0.722985
1.395 0.013272 0.00151635 0.72291
1.4 0.013272 0.00151635 0.722835
1.405 0.013272 0.00151635 0.722761
1.41 0.013272 0.00151635 0.722686
1.415 0.013272 0.00151635 0.722612
1.42 0.013272 0.00151635 0.722538
1.425 0.013272 0.00151635 0.722464
1.43 0.013272 0.00151635 0.72239
1.435 0.013272 0.00151635 0.722316
1.44 0.013272 0.00151635 0.722242
1.445 0.013272 0.00151635 0.722169
1.45 0.013272 0.00151635 0.722096
1.455 0.013272 0.00151635 0.722023
1.46 0.013272 0.00151635 0.72195
1.465 0.013272 0.00151635 0.721877
1.47 0.013272 0.00151635 0.721804
1.475 0.013272 0.00151635 0.721731
1.48 0.013272 0.00151635 0.721659
1.485 0.013272 0.00151635 0.721587
1.49 0.013272 0.00151635 0.721515
1.495 0.013272 0.00151635 0.721442
1.5 0.013272 0.00151635 0.721371
1.505 0.013272 0.00151635 0.721299
1.51 0.013272 0.00151635 0.721227
1.515 0.013272 0.00151635 0.721156
1.52 0.013272 0.00151635 0.721084
1.525 0.013272 0.00151635 0.721013
1.53 0.013272 0.00151635 0.720942
1.535 0.013272 0.00151635 0.720871
1.54 0.013272 0.00151635 0.7208
1.545 0.013272 0.00151635 0.720729
1.55 0.013272 0.00151635 0.720658
1.555 0.013272 0.00151635 0.720587
1.56 0.013272 0.00151635 0.720517
1.565 0.013272 0.00151635 0.720446
1.57 0.013272 0.00151635 0.720376
1.575 0.013272 0.00151635 0.720306
1.58 0.013272 0.00151635 0.720236
1.585 0.013272 0.00151635 0.720165
1.59 0.013272 0.00151635 0.720095
1.595 0.013272 0.00151635 0.720026
1.6 0.013272 0.00151635 0.719956
1.605 0.013272 0.00151635 0.719886
1.61 0.013272 0.00151635 0.719816
1.615 0.013272 0.00151635 0.719747
1.62 0.013272 0.00151635 0.719677
1.625 0.013272 0.00151635 0.719608
1.63 0.013272 0.00151635 0.719538
1.635 0.013272 0.00151635 0.719469
1.64 0.013272 0.00151635 0.7194
1.645 0.013272 0.00151635 0.719331
1.65 0.013272 0.00151635 0.719262
1.655 0.013272 0.00151635 0.719193
1.66 0.013272 0.00151635 0.719124
1.665 0.013272 0.00151635 0.719055
1.67 0.013272 0.00151635 0.718986
1.675 0.013272 0.00151635 0.718917
1.68 0.013272 0.00151635 0.718848
1.685 0.013272 0.00151635 0.71878
1.69 0.013272 0.00151635 0.718711
1.695 0.013272 0.00151635 0.718642
1.7 0.013272 0.00151635 0.718574
1.705 0.013272 0.00151635 0.718505
1.71 0.013272 0.00151635 0.718436
1.715 0.013272 0.00151635 0.718368
1.72 0.013272 0.00151635 0.7183
1.725 0.013272 0.00151635 0.718231
1.73 0.013272 0.00151635 0.718163
1.735 0.013272 0.00151635 0.718094
1.74 0.013272 0.00151635 0.718026
1.745 0.013272 0.00151635 0.717958
1.75 0.013272 0.00151635 0.717889
1.755 0.013272 0.00151635 0.717821
1.76 0.013272 0.00151635 0.717753
1.765 0.013272 0.00151635 0.717684
1.77 0.013272 0.00151635 0.717616
1.775 0.013272 0.00151635 0.717548
1.78 0.013272 0.00151635 0.71748
1.785 0.013272 0.00151635 0.717411
1.79 0.013272 0.00151635 0.717343
1.795 0.013272 0.00151635 0.717275
1.8 0.013272 0.00151635 0.717207
1.805 0.013272 0.00151635 0.717139
1.81 0.013272 0.00151635 0.71707
1.815 0.013272 0.00151635 0.717002
1.82 0.013272 0.00151635 0.716934
1.825 0.013272 0.00151635 0.716865
1.83 0.013272 0.00151635 0.716797
1.835 0.013272 0.00151635 0.716729
1.84 0.013272 0.00151635 0.71666
1.845 0.013272 0.00151635 0.716592
1.85 0.013272 0.00151635 0.716524
1.855 0.013272 0.00151635 0.716455
1.86 0.013272 0.00151635 0.716387
1.865 0.013272 0.00151635 0.716318
1.87 0.013272 0.00151635 0.71625
1.875 0.013272 0.00151635 0.716181
1.88 0.013272 0.00151635 0.716113
1.885 0.013272 0.00151635 0.716044
1.89 0.013272 0.00151635 0.715975
1.895 0.013272 0.00151635 0.715907
1.9 0.013272 0.00151635 0.715838
1.905 0.013272 0.00151635 0.715769
1.91 0.013272 0.00151635 0.7157
1.915 0.013272 0.00151635 0.715631
1.92 0.013272 0.00151635 0.715562
1.925 0.013272 0.00151635 0.715493
1.93 0.013272 0.00151635 0.715424
1.935 0.013272 0.00151635 0.715355
1.94 0.013272 0.00151635 0.715286
1.945 0.013272 0.00151635 0.715216
1.95 0.013272 0.00151635 0.715147
1.955 0.013272 0.00151635 0.715078
1.96 0.013272 0.00151635 0.715008
1.965 0.013272 0.00151635 0.714939
1.97 0.013272 0.00151635 0.714869
1.975 0.013272 0.00151635 0.714799
1.98 0.013272 0.00151635 0.714729
1.985 0.013272 0.00151635 0.71466
1.99 0.013272 0.00151635 0.71459
1.995 0.013272 0.00151635 0.71452
2 0.013272 0.00151635 0.714449
2.005 0.013272 0.00151635 0.714379
2.01 0.013272 0.00151635 0.714309
2.015 0.013272 0.00151635 0.714238
2.02 0.013272 0.00151635 0.714168
2.025 0.013272 0.00151635 0.714097
2.03 0.013272 0.00151635 0.714027
2.035 0.013272 0.00151635 0.713956
2.04 0.013272 0.00151635 0.713885
2.045 0.013272 0.00151635 0.713814
2.05 0.013272 0.00151635 0.713743
2.055 0.013272 0.00151635 0.713672
2.06 0.013272 0.00151635 0.713601
2.065 0.013272 0.00151635 0.71353
2.07 0.013272 0.00151635 0.713458
2.075 0.013272 0.00151635 0.713387
2.08 0.013272 0.00151635 0.713315
2.085 0.013272 0.00151635 0.713244
2.09 0.013272 0.00151635 0.713172
2.095 0.013272 0.00151635 0.7131
2.1 0.013272 0.00151635 0.713029
2.105 0.013272 0.00151635 0.712957
2.11 0.013272 0.00151635 0.712885
2.115 0.013272 0.00151635 0.712813
2.12 0.013272 0.00151635 0.712741
2.125 0.013272 0.00151635 0.712668
2.13 0.013272 0.00151635 0.712596
2.135 0.013272 0.00151635 0.712524
2.14 0.013272 0.00151635 0.712451
2.145 0.013272 0.00151635 0.712379
2.15 0.013272 0.00151635 0.712306
2.155 0.013272 0.00151635 0.712233
2.16 0.013272 0.00151635 0.71216
2.165 0.013272 0.00151635 0.712088
2.17 0.013272 0.00151635 0.712015
2.175 0.013272 0.00151635 0.711942
2.18 0.013272 0.00151635 0.711869
2.185 0.013272 0.00151635 0.711795
2.19 0.013272 0.00151635 0.711722
2.195 0.013272 0.00151635 0.711649
2.2 0.013272 0.00151635 0.711575
2.205 0.013272 0.00151635 0.711502
2.21 0.013272 0.00151635 0.711428
2.215 0.013272 0.00151635 0.711355
2.22 0.013272 0.00151635 0.711281
2.225 0.013272 0.00151635 0.711207
2.23 0.013272 0.00151635 0.711134
2.235 0.013272 0.00151635 0.71106
2.24 0.013272 0.00151635 0.710986
2.245 0.013272 0.00151635 0.710912
2.25 0.013272 0.00151635 0.710838
2.255 0.013272 0.00151635 0.710763
2.26 0.013272 0.00151635 0.710689
2.265 0.013272 0.00151635 0.710615
2.27 0.013272 0.00151635 0.71054
2.275 0.013272 0.00151635 0.710466
2.28 0.013272 0.00151635 0.710391
2.285 0.013272 0.00151635 0.710317
2.29 0.013272 0.00151635 0.710242
2.295 0.013272 0.00151635 0.710167
2.3 0.013272 0.00151635 0.710093
2.305 0.013272 0.00151635 0.710018
2.31 0.013272 0.00151635 0.709943
2.315 0.013272 0.00151635 0.709868
2.32 0.013272 0.00151635 0.709793
2.325 0.013272 0.00151635 0.709718
2.33 0.013272 0.00151635 0.709642
2.335 0.013272 0.00151635 0.709567
2.34 0.013272 0.00151635 0.709492
2.345 0.013272 0.00151635 0.709416
2.35 0.013272 0.00151635 0.709341
2.355 0.013272 0.00151635 0.709265
2.36 0.013272 0.00151635 0.70919
2.365 0.013272 0.00151635 0.709114
2.37 0.013272 0.00151635 0.709038
2.375 0.013272 0.00151635 0.708963
2.38 0.013272 0.00151635 0.708887
2.385 0.013272 0.00151635 0.708811
2.39 0.013272 0.00151635 0.708735
2.395 0.013272 0.00151635 0.708659
2.4 0.013272 0.00151635 0.708583
2.405 0.013272 0.00151635 0.708507
2.41 0.013272 0.00151635 0.70843
2.415 0.013272 0.00151635 0.708354
2.42 0.013272 0.00151635 0.708278
2.425 0.013272 0.00151635 0.708201
2.43 0.013272 0.00151635 0.708125
2.435 0.013272 0.00151635 0.708048
2.44 0.013272 0.00151635 0.707972
2.445 0.013272 0.00151635 0.707895
2.45 0.013272 0.00151635 0.707819
2.455 0.013272 0.00151635 0.707742
2.46 0.013272 0.00151635 0.707665
2.465 0.013272 0.00151635 0.707588
2.47 0.013272 0.00151635 0.707511
2.475 0.013272 0.00151635 0.707434
2.48 0.013272 0.00151635 0.707357
2.485 0.013272 0.00151635 0.70728
2.49 0.013272 0.00151635 0.707203
2.495 0.013272 0.00151635 0.707126
2.5 0.013272 0.00151635 0.707049
2.505 0.013272 0.00151635 0.706971
2.51 0.013272 0.00151635 0.706894
2.515 0.013272 0.00151635 0.706817
2.52 0.013272 0.00151635 0.706739
2.525 0.013272 0.00151635 0.706662
2.53 0.013272 0.00151635 0.706584
2.535 0.013272 0.00151635 0.706506
2.54 0.013272 0.00151635 0.706429
2.545 0.013272 0.00151635 0.706351
2.55 0.0132719 0.00151635 0.706273
2.555 0.0132719 0.00151635 0.706195
2.56 0.0132719 0.00151635 0.706118
2.565 0.0132719 0.00151635 0.70604
2.57 0.0132719 0.00151635 0.705962
2.575 0.0132719 0.00151635 0.705884
2.58 0.0132719 0.00151635 0.705806
2.585 0.0132719 0.00151635 0.705727
2.59 0.0132719 0.00151635 0.705649
2.595 0.0132719 0.00151635 0.705571
2.6 0.0132719 0.00151635 0.705493
2.605 0.0132719 0.00151635 0.705414
2.61 0.0132719 0.00151635 0.705336
2.615 0.0132719 0.00151635 0.705258
2.62 0.0132719 0.00151635 0.705179
2.625 0.0132719 0.00151635 0.705101
2.63 0.0132719 0.00151635 0.705022
2.635 0.0132719 0.00151635 0.704943
2.64 0.0132719 0.00151635 0.704865
2.645 0.0132719 0.00151635 0.704786
2.65 0.0132719 0.00151635 0.704707
2.655 0.0132719 0.00151635 0.704629
2.66 0.0132719 0.00151635 0.70455
2.665 0.0132719 0.00151635 0.704471
2.67 0.0132719 0.00151635 0.704392
2.675 0.0132719 0.00151635 0.704313
2.68 0.0132719 0.00151635 0.704234
2.685 0.0132719 0.00151635 0.704155
2.69 0.0132719 0.00151635 0.704076
2.695 0.0132719 0.00151635 0.703997
2.7 0.0132719 0.00151635 0.703918
2.705 0.0132719 0.00151635 0.703838
2.71 0.0132719 0.00151635 0.703759
2.715 0.0132719 0.00151635 0.70368
2.72 0.0132719 0.00151635 0.703601
2.725 0.0132719 0.00151635 0.703521
2.73 0.0132719 0.00151635 0.703442
2.735 0.0132719 0.00151635 0.703362
2.74 0.0132719 0.00151635 0.703283
2.745 0.0132719 0.00151635 0.703203
2.75 0.0132719 0.00151635 0.703124
2.755 0.0132719 0.00151635 0.703044
2.76 0.0132719 0.00151635 0.702964
2.765 0.0132719 0.00151635 0.702885
2.77 0.0132719 0.00151635 0.702805
2.775 0.0132719 0.00151635 0.702725
2.78 0.0132719 0.00151635 0.702645
2.785 0.0132719 0.00151635 0.702566
2.79 0.0132719 0.00151635 0.702486
2.795 0.0132719 0.00151635 0.702406
2.8 0.0132719 0.00151635 0.702326
2.805 0.0132719 0.00151635 0.702246
2.81 0.0132719 0.00151635 0.702166
2.815 0.0132719 0.00151635 0.702086
2.82 0.0132719 0.00151635 0.702006
2.825 0.0132719 0.00151635 0.701925
2.83 0.0132719 0.00151635 0.701845
2.835 0.0132719 0.00151635 0.701765
2.84 0.0132719 0.00151635 0.701685
2.845 0.0132719 0.00151635 0.701605
2.85 0.0132719 0.00151635 0.701524
2.855 0.0132719 0.00151635 0.701444
2.86 0.0132719 0.00151635 0.701364
2.865 0.0132719 0.00151635 0.701283
2.87 0.0132719 0.00151635 0.701203
2.875 0.0132719 0.00151635 0.701122
2.88 0.0132719 0.00151635 0.701042
2.885 0.0132719 0.00151635 0.700961
2.89 0.0132719 0.00151635 0.700881
2.895 0.0132719 0.00151635 0.7008
2.9 0.0132719 0.00151635 0.70072
2.905 0.0132719 0.00151635 0.700639
2.91 0.0132719 0.00151635 0.700558
2.915 0.0132719 0.00151635 0.700478
2.92 0.0132719 0.00151635 0.700397
2.925 0.0132719 0.00151635 0.700316
2.93 0.0132719 0.00151635 0.700235
2.935 0.0132719 0.00151635 0.700155
2.94 0.0132719 0.00151635 0.700074
2.945 0.0132719 0.00151635 0.699993
2.95 0.0132719 0.00151635 0.699912
2.955 0.0132719 0.00151635 0.699831
2.96 0.0132719 0.00151635 0.69975
2.965 0.0132719 0.00151635 0.699669
2.97 0.0132719 0.00151635 0.699588
2.975 0.0132719 0.00151635 0.699507
2.98 0.0132719 0.00151635 0.699426
2.985 0.0132719 0.00151635 0.699345
2.99 0.0132719 0.00151635 0.699264
2.995 0.0132719 0.00151635 0.699183
3 0.0132719 0.00151635 0.699102
3.005 0.0132719 0.00151635 0.69902
3.01 0.0132719 0.00151635 0.698939
3.015 0.0132719 0.00151635 0.698858
3.02 0.0132719 0.00151635 0.698777
3.025 0.0132719 0.00151635 0.698696
3.03 0.0132719 0.00151635 0.698614
3.035 0.0132719 0.00151635 0.698533
3.04 0.0132719 0.00151635 0.698452
3.045 0.0132719 0.00151635 0.69837
3.05 0.0132719 0.00151635 0.698289
3.055 0.0132719 0.00151635 0.698208
3.06 0.0132719 0.00151635 0.698126
3.065 0.0132719 0.00151635 0.698045
3.07 0.0132719 0.00151635 0.697963
3.075 0.0132719 0.00151635 0.697882
3.08 0.0132719 0.00151635 0.697801
3.085 0.0132719 0.00151635 0.697719
3.09 0.0132719 0.00151635 0.697638
3.095 0.0132719 0.00151635 0.697556
3.1 0.0132719 0.00151635 0.697475
3.105 0.0132719 0.00151635 0.697393
3.11 0.0132719 0.00151635 0.697312
3.115 0.0132719 0.00151635 0.69723
3.12 0.0132719 0.00151635 0.697149
3.125 0.0132719 0.00151635 0.697067
3.13 0.0132719 0.00151635 0.696986
3.135 0.0132719 0.00151635 0.696904
3.14 0.0132719 0.00151635 0.696823
3.145 0.0132719 0.00151635 0.696741
3.15 0.0132719 0.00151635 0.69666
3.155 0.0132719 0.00151635 0.696578
3.16 0.0132719 0.00151635 0.696497
3.165 0.0132719 0.00151635 0.696415
3.17 0.0132719 0.00151635 0.696333
3.175 0.0132719 0.00151635 0.696252
3.18 0.0132719 0.00151635 0.69617
3.185 0.0132719 0.00151635 0.696089
3.19 0.0132719 0.00151635 0.696007
3.195 0.0132719 0.00151635 0.695926
3.2 0.0132719 0.00151635 0.695844
3.205 0.0132719 0.00151635 0.695763
3.21 0.0132719 0.00151635 0.695681
3.215 0.0132719 0.00151635 0.695599
3.22 0.0132719 0.00151635 0.695518
3.225 0.0132719 0.00151635 0.695436
3.23 0.0132719 0.00151635 0.695355
3.235 0.0132719 0.00151635 0.695273
3.24 0.0132719 0.00151635 0.695192
3.245 0.0132719 0.00151635 0.69511
3.25 0.0132719 0.00151635 0.695029
3.255 0.0132719 0.00151635 0.694947
3.26 0.0132719 0.00151635 0.694866
3.265 0.0132719 0.00151635 0.694784
3.27 0.0132719 0.00151635 0.694703
3.275 0.0132719 0.00151635 0.694621
3.28 0.0132719 0.00151635 0.69454
3.285 0.0132719 0.00151635 0.694459
3.29 0.0132719 0.00151635 0.694377
3.295 0.0132719 0.00151635 0.694296
3.3 0.0132719 0.00151635 0.694214
3.305 0.0132719 0.00151635 0.694133
3.31 0.0132719 0.00151635 0.694052
3.315 0.0132719 0.00151635 0.69397
3.32 0.0132719 0.00151635 0.693889
3.325 0.0132719 0.00151635 0.693808
3.33 0.0132719 0.00151635 0.693726
3.335 0.0132719 0.00151635 0.693645
3.34 0.0132719 0.00151635 0.693564
3.345 0.0132719 0.00151635 0.693483
3.35 0.0132719 0.00151635 0.693402
3.355 0.0132719 0.00151635 0.69332
3.36 0.0132719 0.00151635 0.693239
3.365 0.0132719 0.00151635 0.693158
3.37 0.0132719 0.00151635 0.693077
3.375 0.0132719 0.00151635 0.692996
3.38 0.0132719 0.00151635 0.692915
3.385 0.0132719 0.00151635 0.692834
3.39 0.0132719 0.00151635 0.692753
3.395 0.0132719 0.00151635 0.692672
3.4 0.0132719 0.00151635 0.692591
3.405 0.0132719 0.00151635 0.69251
3.41 0.0132719 0.00151635 0.692429
3.415 0.0132719 0.00151635 0.692348
3.42 0.0132719 0.00151635 0.692267
3.425 0.0132719 0.00151635 0.692187
3.43 0.0132719 0.00151635 0.692106
3.435 0.0132719 0.00151635 0.692025
3.44 0.0132719 0.00151635 0.691945
3.445 0.0132719 0.00151635 0.691864
3.45 0.0132719 0.00151635 0.691783
3.455 0.0132719 0.00151635 0.691703
3.46 0.0132719 0.00151635 0.691622
3.465 0.0132719 0.00151635 0.691542
3.47 0.0132719 0.00151635 0.691461
3.475 0.0132719 0.00151635 0.691381
3.48 0.0132719 0.00151635 0.6913
3.485 0.0132719 0.00151635 0.69122
3.49 0.0132719 0.00151635 0.69114
3.495 0.0132719 0.00151635 0.69106
3.5 0.0132719 0.00151635 0.690979
3.505 0.0132719 0.00151635 0.690899
3.51 0.0132719 0.00151635 0.690819
3.515 0.0132719 0.00151635 0.690739
3.52 0.0132719 0.00151635 0.690659
3.525 0.0132719 0.00151635 0.690579
3.53 0.0132719 0.00151635 0.690499
3.535 0.0132719 0.00151635 0.690419
3.54 0.0132719 0.00151635 0.690339
3.545 0.0132719 0.00151635 0.690259
3.55 0.0132719 0.00151635 0.69018
3.555 0.0132719 0.00151635 0.6901
3.56 0.0132719 0.00151635 0.69002
3.565 0.0132719 0.00151635 0.689941
3.57 0.0132719 0.00151635 0.689861
3.575 0.0132719 0.00151635 0.689782
3.58 0.0132719 0.00151635 0.689702
3.585 0.0132719 0.00151635 0.689623
3.59 0.0132719 0.00151635 0.689544
3.595 0.0132719 0.00151635 0.689464
3.6 0.0132719 0.00151635 0.689385
3.605 0.0132719 0.00151635 0.689306
3.61 0.0132719 0.00151635 0.689227
3.615 0.0132719 0.00151635 0.689148
3.62 0.0132719 0.00151635 0.689069
3.625 0.0132719 0.00151635 0.68899
3.63 0.0132719 0.00151635 0.688911
3.635 0.0132719 0.00151635 0.688833
3.64 0.0132719 0.00151635 0.688754
3.645 0.0132719 0.00151635 0.688675
3.65 0.0132719 0.00151635 0.688597
3.655 0.0132719 0.00151635 0.688518
3.66 0.0132719 0.00151635 0.68844
3.665 0.0132719 0.00151635 0.688361
3.67 0.0132719 0.00151635 0.688283
3.675 0.0132719 0.00151635 0.688205
3.68 0.0132719 0.00151635 0.688127
3.685 0.0132719 0.00151635 0.688049
3.69 0.0132719 0.00151635 0.687971
3.695 0.0132719 0.00151635 0.687893
3.7 0.0132719 0.00151635 0.687815
3.705 0.0132719 0.00151635 0.687737
3.71 0.0132719 0.00151635 0.687659
3.715 0.0132719 0.00151635 0.687582
3.72 0.0132719 0.00151635 0.687504
3.725 0.0132719 0.00151635 0.687427
3.73 0.0132719 0.00151635 0.687349
3.735 0.0132719 0.00151635 0.687272
3.74 0.0132719 0.00151635 0.687195
3.745 0.0132719 0.00151635 0.687117
3.75 0.0132719 0.00151635 0.68704
3.755 0.0132719 0.00151635 0.686963
3.76 0.0132719 0.00151635 0.686886
3.765 0.0132719 0.00151635 0.68681
3.77 0.0132719 0.00151635 0.686733
3.775 0.0132719 0.00151635 0.686656
3.78 0.0132719 0.00151635 0.686579
3.785 0.0132719 0.00151635 0.686503
3.79 0.0132719 0.00151635 0.686427
3.795 0.0132719 0.00151635 0.68635
3.8 0.0132719 0.00151635 0.686274
3.805 0.0132719 0.00151635 0.686198
3.81 0.0132719 0.00151635 0.686122
3.815 0.0132719 0.00151635 0.686046
3.82 0.0132719 0.00151635 0.68597
3.825 0.0132719 0.00151635 0.685894
3.83 0.0132719 0.00151635 0.685819
3.835 0.0132719 0.00151635 0.685743
3.84 0.0132719 0.00151635 0.685667
3.845 0.0132719 0.00151635 0.685592
3.85 0.0132719 0.00151635 0.685517
3.855 0.0132719 0.00151635 0.685442
3.86 0.0132719 0.00151635 0.685367
3.865 0.0132719 0.00151635 0.685292
3.87 0.0132719 0.00151635 0.685217
3.875 0.0132719 0.00151635 0.685142
3.88 0.0132719 0.00151635 0.685067
3.885 0.0132719 0.00151635 0.684993
3.89 0.0132719 0.00151635 0.684918
3.895 0.0132719 0.00151635 0.684844
3.9 0.0132719 0.00151635 0.684769
3.905 0.0132719 0.00151635 0.684695
3.91 0.0132719 0.00151635 0.684621
3.915 0.0132719 0.00151635 0.684547
3.92 0.0132719 0.00151635 0.684473
3.925 0.0132719 0.00151635 0.6844
3.93 0.0132719 0.00151635 0.684326
3.935 0.0132719 0.00151635 0.684253
3.94 0.0132719 0.00151635 0.684179
3.945 0.0132719 0.00151635 0.684106
3.95 0.0132719 0.00151635 0.684033
3.955 0.0132719 0.00151635 0.68396
3.96 0.0132719 0.00151635 0.683887
3.965 0.0132719 0.00151635 0.683814
3.97 0.0132719 0.00151635 0.683741
3.975 0.0132719 0.00151635 0.683669
3.98 0.0132719 0.00151635 0.683596
3.985 0.0132719 0.00151635 0.683524
3.99 0.0132719 0.00151635 0.683451
3.995 0.0132719 0.00151635 0.683379
4 0.0132719 0.00151635 0.683307
4.005 0.0132719 0.00151635 0.683235
4.01 0.0132719 0.00151635 0.683163
4.015 0.0132719 0.00151635 0.683091
4.02 0.0132719 0.00151635 0.68302
4.025 0.0132719 0.00151635 0.682948
4.03 0.0132719 0.00151635 0.682877
4.035 0.0132719 0.00151635 0.682805
4.04 0.0132719 0.00151635 0.682734
4.045 0.0132719 0.00151635 0.682663
4.05 0.0132719 0.00151635 0.682591
4.055 0.0132719 0.00151635 0.68252
4.06 0.0132719 0.00151635 0.682449
4.065 0.0132719 0.00151635 0.682378
4.07 0.0132719 0.00151635 0.682307
4.075 0.0132719 0.00151635 0.682236
4.08 0.0132719 0.00151635 0.682165
4.085 0.0132719 0.00151635 0.682095
4.09 0.0132719 0.00151635 0.682024
4.095 0.0132719 0.00151635 0.681953
4.1 0.0132719 0.00151635 0.681883
4.105 0.0132719 0.00151635 0.681812
4.11 0.0132719 0.00151635 0.681741
4.115 0.0132719 0.00151635 0.681671
4.12 0.0132719 0.00151635 0.6816
4.125 0.0132719 0.00151635 0.68153
4.13 0.0132719 0.00151635 0.681459
4.135 0.0132719 0.00151635 0.681389
4.14 0.0132719 0.00151635 0.681318
4.145 0.0132719 0.00151635 0.681248
4.15 0.0132719 0.00151635 0.681178
4.155 0.0132719 0.00151635 0.681107
4.16 0.0132719 0.00151635 0.681037
4.165 0.0132719 0.00151635 0.680966
4.17 0.0132719 0.00151635 0.680896
4.175 0.0132719 0.00151635 0.680826
4.18 0.0132719 0.00151635 0.680755
4.185 0.0132719 0.00151635 0.680685
4.19 0.0132719 0.00151635 0.680614
4.195 0.0132719 0.00151635 0.680544
4.2 0.0132719 0.00151635 0.680473
4.205 0.0132719 0.00151635 0.680403
4.21 0.0132719 0.00151635 0.680332
4.215 0.0132719 0.00151635 0.680262
4.22 0.0132719 0.00151635 0.680191
4.225 0.0132719 0.00151635 0.68012
4.23 0.0132719 0.00151635 0.68005
4.235 0.0132719 0.00151635 0.679979
4.24 0.0132719 0.00151635 0.679908
4.245 0.0132719 0.00151635 0.679837
4.25 0.0132719 0.00151634 0.679766
4.255 0.0132719 0.00151634 0.679695
4.26 0.0132719 0.00151634 0.679624
4.265 0.0132719 0.00151634 0.679553
4.27 0.0132719 0.00151634 0.679482
4.275 0.0132719 0.00151634 0.679411
4.28 0.0132719 0.00151634 0.679339
4.285 0.0132719 0.00151634 0.679268
4.29 0.0132719 0.00151634 0.679196
4.295 0.0132719 0.00151634 0.679125
4.3 0.0132719 0.00151634 0.679053
4.305 0.0132719 0.00151634 0.678981
4.31 0.0132719 0.00151634 0.678909
4.315 0.0132719 0.00151634 0.678837
4.32 0.0132719 0.00151634 0.678765
4.325 0.0132719 0.00151634 0.678693
4.33 0.0132719 0.00151634 0.67862
4.335 0.0132719 0.00151634 0.678548
4.34 0.0132719 0.00151634 0.678475
4.345 0.0132719 0.00151634 0.678403
4.35 0.0132719 0.00151634 0.67833
4.355 0.0132719 0.00151634 0.678257
4.36 0.0132719 0.00151634 0.678184
4.365 0.0132719 0.00151634 0.67811
4.37 0.0132719 0.00151634 0.678037
4.375 0.0132719 0.00151634 0.677963
4.38 0.0132719 0.00151634 0.67789
4.385 0.0132719 0.00151634 0.677816
4.39 0.0132719 0.00151634 0.677742
4.395 0.0132719 0.00151634 0.677668
4.4 0.0132719 0.00151634 0.677593
4.405 0.0132719 0.00151634 0.677519
4.41 0.0132719 0.00151634 0.677444
4.415 0.0132719 0.00151634 0.677369
4.42 0.0132719 0.00151634 0.677294
4.425 0.0132719 0.00151634 0.677219
4.43 0.0132719 0.00151634 0.677143
4.435 0.0132719 0.00151634 0.677068
4.44 0.0132719 0.00151634 0.676992
4.445 0.0132719 0.00151634 0.676916
4.45 0.0132719 0.00151634 0.67684
4.455 0.0132719 0.00151634 0.676763
4.46 0.0132719 0.00151634 0.676686
4.465 0.0132719 0.00151634 0.67661
4.47 0.0132719 0.00151634 0.676532
4.475 0.0132719 0.00151634 0.676455
4.48 0.0132719 0.00151634 0.676378
4.485 0.0132719 0.00151634 0.6763
4.49 0.0132719 0.00151634 0.676222
4.495 0.0132719 0.00151634 0.676144
4.5 0.0132719 0.00151634 0.676065
4.505 0.0132719 0.00151634 0.675986
4.51 0.0132719 0.00151634 0.675907
4.515 0.0132719 0.00151634 0.675828
4.52 0.0132719 0.00151634 0.675749
4.525 0.0132719 0.00151634 0.675669
4.53 0.0132719 0.00151634 0.675589
4.535 0.0132719 0.00151634 0.675509
4.54 0.0132719 0.00151634 0.675428
4.545 0.0132719 0.00151634 0.675347
4.55 0.0132719 0.00151634 0.675266
4.555 0.0132719 0.00151634 0.675185
4.56 0.0132719 0.00151634 0.675103
4.565 0.0132719 0.00151634 0.675021
4.57 0.0132719 0.00151634 0.674939
4.575 0.0132719 0.00151634 0.674856
4.58 0.0132719 0.00151634 0.674773
4.585 0.0132719 0.00151634 0.67469
4.59 0.0132719 0.00151634 0.674607
4.595 0.0132719 0.00151634 0.674523
4.6 0.0132719 0.00151634 0.674439
4.605 0.0132719 0.00151634 0.674354
4.61 0.0132719 0.00151634 0.67427
4.615 0.0132719 0.00151634 0.674185
4.62 0.0132719 0.00151634 0.6741
4.625 0.0132719 0.00151634 0.674015
4.63 0.0132719 0.00151634 0.673929
4.635 0.0132719 0.00151634 0.673844
4.64 0.0132719 0.00151634 0.673758
4.645 0.0132719 0.00151634 0.673671
4.65 0.0132719 0.00151634 0.673585
4.655 0.0132719 0.00151634 0.673498
4.66 0.0132719 0.00151634 0.673411
4.665 0.0132719 0.00151634 0.673324
4.67 0.0132719 0.00151634 0.673237
4.675 0.0132719 0.00151634 0.673149
4.68 0.0132719 0.00151634 0.673061
4.685 0.0132719 0.00151634 0.672972
4.69 0.0132719 0.00151634 0.672884
4.695 0.0132719 0.00151634 0.672795
4.7 0.0132719 0.00151634 0.672705
4.705 0.0132719 0.00151634 0.672616
4.71 0.0132719 0.00151634 0.672526
4.715 0.0132719 0.00151634 0.672435
4.72 0.0132719 0.00151634 0.672345
4.725 0.0132719 0.00151634 0.672254
4.73 0.0132719 0.00151634 0.672163
4.735 0.0132719 0.00151634 0.672071
4.74 0.0132719 0.00151634 0.671979
4.745 0.0132719 0.00151634 0.671887
4.75 0.0132719 0.00151634 0.671794
4.755 0.0132719 0.00151634 0.671701
4.76 0.0132719 0.00151634 0.671607
4.765 0.0132719 0.00151634 0.671514
4.77 0.0132719 0.00151634 0.671419
4.775 0.0132719 0.00151634 0.671325
4.78 0.0132719 0.00151634 0.67123
4.785 0.0132719 0.00151634 0.671134
4.79 0.0132719 0.00151634 0.671039
4.795 0.0132719 0.00151634 0.670943
4.8 0.0132719 0.00151634 0.670846
4.805 0.0132719 0.00151634 0.670749
4.81 0.0132719 0.00151634 0.670652
4.815 0.0132719 0.00151634 0.670554
4.82 0.0132719 0.00151634 0.670456
4.825 0.0132719 0.00151634 0.670357
4.83 0.0132719 0.00151634 0.670258
4.835 0.0132719 0.00151634 0.670159
4.84 0.0132719 0.00151634 0.670059
4.845 0.0132719 0.00151634 0.669959
4.85 0.0132719 0.00151634 0.669858
4.855 0.0132719 0.00151634 0.669757
4.86 0.0132719 0.00151634 0.669655
4.865 0.0132719 0.00151634 0.669553
4.87 0.0132719 0.00151634 0.669451
4.875 0.0132719 0.00151634 0.669348
4.88 0.0132719 0.00151634 0.669244
4.885 0.0132719 0.00151634 0.66914
4.89 0.0132719 0.00151634 0.669036
4.895 0.0132719 0.00151634 0.668931
4.9 0.0132719 0.00151634 0.668826
4.905 0.0132719 0.00151634 0.66872
4.91 0.0132719 0.00151634 0.668614
4.915 0.0132719 0.00151634 0.668508
4.92 0.0132719 0.00151634 0.6684
4.925 0.0132719 0.00151634 0.668293
4.93 0.0132719 0.00151634 0.668185
4.935 0.0132719 0.00151634 0.668076
4.94 0.0132719 0.00151634 0.667967
4.945 0.0132719 0.00151634 0.667858
4.95 0.0132719 0.00151634 0.667747
4.955 0.0132719 0.00151634 0.667637
4.96 0.0132719 0.00151634 0.667526
4.965 0.0132719 0.00151634 0.667414
4.97 0.0132719 0.00151634 0.667302
4.975 0.0132719 0.00151634 0.66719
4.98 0.0132719 0.00151634 0.667077
4.985 0.0132719 0.00151634 0.666963
4.99 0.0132719 0.00151634 0.666849
4.995 0.0132719 0.00151634 0.666734
5 0.0132719 0.00151634 0.666619
5.005 0.0132719 0.00151634 0.666503
5.01 0.0132719 0.00151634 0.666387
5.015 0.0132719 0.00151634 0.66627
5.02 0.0132719 0.00151634 0.666152
5.025 0.0132719 0.00151634 0.666034
5.03 0.0132719 0.00151634 0.665915
5.035 0.0132719 0.00151634 0.665796
5.04 0.0132719 0.00151634 0.665676
5.045 0.0132719 0.00151634 0.665556
5.05 0.0132719 0.00151634 0.665435
5.055 0.0132719 0.00151634 0.665313
5.06 0.0132719 0.00151634 0.665191
5.065 0.0132719 0.00151634 0.665068
5.07 0.0132719 0.00151634 0.664945
5.075 0.0132719 0.00151634 0.664821
5.08 0.0132719 0.00151634 0.664696
5.085 0.0132719 0.00151634 0.66457
5.09 0.0132719 0.00151634 0.664444
5.095 0.0132719 0.00151634 0.664318
5.1 0.0132719 0.00151634 0.66419
5.105 0.0132719 0.00151634 0.664062
5.11 0.0132719 0.00151634 0.663934
5.115 0.0132719 0.00151634 0.663804
5.12 0.0132719 0.00151634 0.663674
5.125 0.0132719 0.00151634 0.663543
5.13 0.0132719 0.00151634 0.663412
5.135 0.0132719 0.00151634 0.66328
5.14 0.0132719 0.00151634 0.663147
5.145 0.0132719 0.00151634 0.663013
5.15 0.0132719 0.00151634 0.662879
5.155 0.0132719 0.00151634 0.662744
5.16 0.0132719 0.00151634 0.662608
5.165 0.0132719 0.00151634 0.662471
5.17 0.0132719 0.00151634 0.662334
5.175 0.0132719 0.00151634 0.662196
5.18 0.0132719 0.00151634 0.662057
5.185 0.0132719 0.00151634 0.661917
5.19 0.0132719 0.00151634 0.661777
5.195 0.0132719 0.00151634 0.661635
5.2 0.0132719 0.00151634 0.661493
5.205 0.0132719 0.00151634 0.661351
5.21 0.0132719 0.00151634 0.661207
5.215 0.0132719 0.00151634 0.661062
5.22 0.0132719 0.00151634 0.660917
5.225 0.0132719 0.00151634 0.660771
5.23 0.0132719 0.00151634 0.660624
5.235 0.0132719 0.00151634 0.660476
5.24 0.0132719 0.00151634 0.660327
5.245 0.0132719 0.00151634 0.660178
5.25 0.0132719 0.00151634 0.660027
5.255 0.0132719 0.00151634 0.659876
5.26 0.0132719 0.00151633 0.659723
5.265 0.0132719 0.00151633 0.65957
5.27 0.0132719 0.00151633 0.659416
5.275 0.0132719 0.00151633 0.659261
5.28 0.0132719 0.00151633 0.659105
5.285 0.0132719 0.00151633 0.658948
5.29 0.0132719 0.00151633 0.65879
5.295 0.0132719 0.00151633 0.658632
5.3 0.0132719 0.00151633 0.658472
5.305 0.0132719 0.00151633 0.658311
5.31 0.0132719 0.00151633 0.658149
5.315 0.0132719 0.00151633 0.657987
5.32 0.0132719 0.00151633 0.657823
5.325 0.0132719 0.00151633 0.657658
5.33 0.0132719 0.00151633 0.657493
5.335 0.0132719 0.00151633 0.657326
5.34 0.0132719 0.00151633 0.657158
5.345 0.0132719 0.00151633 0.656989
5.35 0.0132719 0.00151633 0.656819
5.355 0.0132719 0.00151633 0.656648
5.36 0.0132719 0.00151633 0.656476
5.365 0.0132719 0.00151633 0.656303
5.37 0.0132719 0.00151633 0.656129
5.375 0.0132719 0.00151633 0.655954
5.38 0.0132719 0.00151633 0.655777
5.385 0.0132719 0.00151633 0.6556
5.39 0.0132719 0.00151633 0.655421
5.395 0.0132719 0.00151633 0.655242
5.4 0.0132719 0.00151633 0.655061
5.405 0.0132719 0.00151633 0.654879
5.41 0.0132719 0.00151633 0.654695
5.415 0.0132719 0.00151633 0.654511
5.42 0.0132719 0.00151633 0.654325
5.425 0.0132719 0.00151633 0.654138
5.43 0.0132719 0.00151633 0.65395
5.435 0.0132719 0.00151633 0.653761
5.44 0.0132719 0.00151633 0.653571
5.445 0.0132719 0.00151633 0.653379
5.45 0.0132719 0.00151633 0.653186
5.455 0.0132719 0.00151633 0.652992
5.46 0.0132719 0.00151633 0.652796
5.465 0.0132719 0.00151633 0.6526
5.47 0.0132719 0.00151633 0.652402
5.475 0.0132719 0.00151633 0.652202
5.48 0.0132719 0.00151633 0.652002
5.485 0.0132719 0.00151633 0.6518
5.49 0.0132719 0.00151633 0.651597
5.495 0.0132719 0.00151633 0.651392
5.5 0.0132719 0.00151633 0.651186
5.505 0.0132719 0.00151633 0.650979
5.51 0.0132719 0.00151633 0.65077
5.515 0.0132719 0.00151633 0.65056
5.52 0.0132719 0.00151633 0.650349
5.525 0.0132719 0.00151633 0.650138
5.53 0.0132719 0.00151633 0.649926
5.535 0.0132719 0.00151633 0.649714
5.54 0.0132719 0.00151633 0.649501
5.545 0.0132719 0.00151633 0.649288
5.55 0.0132719 0.00151633 0.649074
5.555 0.0132719 0.00151633 0.64886
5.56 0.0132719 0.00151633 0.648645
5.565 0.0132719 0.00151633 0.64843
5.57 0.0132719 0.00151633 0.648215
5.575 0.0132719 0.00151633 0.647999
5.58 0.0132719 0.00151633 0.647782
5.585 0.0132719 0.00151633 0.647565
5.59 0.0132719 0.00151633 0.647347
5.595 0.0132719 0.00151633 0.647129
5.6 0.0132719 0.00151633 0.64691
5.605 0.0132719 0.00151633 0.646691
5.61 0.0132719 0.00151633 0.646471
5.615 0.0132719 0.00151633 0.64625
5.62 0.0132719 0.00151633 0.646029
5.625 0.0132719 0.00151633 0.645808
5.63 0.0132719 0.00151633 0.645585
5.635 0.0132719 0.00151633 0.645362
5.64 0.0132719 0.00151633 0.645139
5.645 0.0132719 0.00151633 0.644915
5.65 0.0132719 0.00151633 0.64469
5.655 0.0132719 0.00151633 0.644464
5.66 0.0132719 0.00151633 0.644238
5.665 0.0132719 0.00151633 0.644011
5.67 0.0132719 0.00151633 0.643783
5.675 0.0132719 0.00151633 0.643555
5.68 0.0132719 0.00151633 0.643326
5.685 0.0132719 0.00151633 0.643097
5.69 0.0132719 0.00151633 0.642866
5.695 0.0132719 0.00151633 0.642635
5.7 0.0132719 0.00151633 0.642403
5.705 0.0132719 0.00151633 0.642171
5.71 0.0132719 0.00151633 0.641937
5.715 0.0132719 0.00151633 0.641703
5.72 0.0132719 0.00151633 0.641468
5.725 0.0132719 0.00151633 0.641233
5.73 0.0132719 0.00151633 0.640996
5.735 0.0132719 0.00151633 0.640759
5.74 0.0132719 0.00151633 0.640521
5.745 0.0132719 0.00151633 0.640283
5.75 0.0132719 0.00151633 0.640043
5.755 0.0132719 0.00151633 0.639803
5.76 0.0132719 0.00151633 0.639562
5.765 0.0132719 0.00151633 0.639321
5.77 0.0132719 0.00151633 0.639078
5.775 0.0132719 0.00151633 0.638835
5.78 0.0132719 0.00151633 0.638591
5.785 0.0132719 0.00151633 0.638346
5.79 0.0132719 0.00151633 0.638101
5.795 0.0132719 0.00151633 0.637855
5.8 0.0132719 0.00151632 0.637608
5.805 0.0132719 0.00151632 0.63736
5.81 0.0132719 0.00151632 0.637112
5.815 0.0132719 0.00151632 0.636863
5.82 0.0132719 0.00151632 0.636613
5.825 0.0132719 0.00151632 0.636363
5.83 0.0132719 0.00151632 0.636112
5.835 0.0132719 0.00151632 0.63586
5.84 0.0132719 0.00151632 0.635608
5.845 0.0132719 0.00151632 0.635354
5.85 0.0132719 0.00151632 0.635101
5.855 0.0132719 0.00151632 0.634846
5.86 0.0132719 0.00151632 0.634591
5.865 0.0132719 0.00151632 0.634335
5.87 0.0132719 0.00151632 0.634079
5.875 0.0132719 0.00151632 0.633822
5.88 0.0132719 0.00151632 0.633564
5.885 0.0132719 0.00151632 0.633306
5.89 0.0132719 0.00151632 0.633047
5.895 0.0132719 0.00151632 0.632787
5.9 0.0132719 0.00151632 0.632527
5.905 0.0132719 0.00151632 0.632267
5.91 0.0132719 0.00151632 0.632005
5.915 0.0132719 0.00151632 0.631744
5.92 0.0132719 0.00151632 0.631481
5.925 0.0132719 0.00151632 0.631218
5.93 0.0132719 0.00151632 0.630955
5.935 0.0132719 0.00151632 0.630691
5.94 0.0132719 0.00151632 0.630426
5.945 0.0132719 0.00151632 0.630161
5.95 0.0132719 0.00151632 0.629896
5.955 0.0132719 0.00151632 0.62963
5.96 0.0132719 0.00151632 0.629364
5.965 0.0132719 0.00151632 0.629097
5.97 0.0132719 0.00151632 0.628829
5.975 0.0132719 0.00151632 0.628562
5.98 0.0132719 0.00151632 0.628293
5.985 0.0132719 0.00151632 0.628025
5.99 0.0132719 0.00151632 0.627756
5.995 0.0132719 0.00151632 0.627486
6 0.0132719 0.00151632 0.627216
6.005 0.0132719 0.00151632 0.626946
6.01 0.0132719 0.00151632 0.626675
6.015 0.0132719 0.00151632 0.626404
6.02 0.0132719 0.00151632 0.626133
6.025 0.0132719 0.00151632 0.625861
6.03 0.0132719 0.00151632 0.625589
6.035 0.0132719 0.00151632 0.625317
6.04 0.0132719 0.00151632 0.625045
6.045 0.0132719 0.00151632 0.624772
6.05 0.0132719 0.00151632 0.624499
6.055 0.0132719 0.00151632 0.624225
6.06 0.0132719 0.00151632 0.623951
6.065 0.0132719 0.00151632 0.623678
6.07 0.0132719 0.00151632 0.623403
6.075 0.0132719 0.00151632 0.623129
6.08 0.0132719 0.00151632 0.622855
6.085 0.0132719 0.00151632 0.62258
6.09 0.0132719 0.00151632 0.622305
6.095 0.0132719 0.00151632 0.62203
6.1 0.0132719 0.00151632 0.621755
6.105 0.0132719 0.00151632 0.621479
6.11 0.0132719 0.00151632 0.621204
6.115 0.0132719 0.00151632 0.620928
6.12 0.0132719 0.00151632 0.620652
6.125 0.0132719 0.00151632 0.620377
6.13 0.0132719 0.00151632 0.620101
6.135 0.0132719 0.00151632 0.619825
6.14 0.0132719 0.00151632 0.619549
6.145 0.0132719 0.00151632 0.619273
6.15 0.0132719 0.00151632 0.618997
6.155 0.0132719 0.00151632 0.618721
6.16 0.0132719 0.00151632 0.618445
6.165 0.0132719 0.00151632 0.618169
6.17 0.0132719 0.00151632 0.617893
6.175 0.0132719 0.00151632 0.617618
6.18 0.0132719 0.00151632 0.617342
6.185 0.0132719 0.00151632 0.617066
6.19 0.0132719 0.00151632 0.616791
6.195 0.0132719 0.00151632 0.616515
6.2 0.0132719 0.00151632 0.61624
6.205 0.0132719 0.00151632 0.615965
6.21 0.0132719 0.00151632 0.61569
6.215 0.0132719 0.00151632 0.615415
6.22 0.0132719 0.00151632 0.615141
6.225 0.0132719 0.00151632 0.614866
6.23 0.0132719 0.00151632 0.614592
6.235 0.0132719 0.00151632 0.614318
6.24 0.0132719 0.00151632 0.614045
6.245 0.0132719 0.00151632 0.613771
6.25 0.0132719 0.00151632 0.613498
6.255 0.0132719 0.00151632 0.613226
6.26 0.0132719 0.00151632 0.612953
6.265 0.0132719 0.00151632 0.612681
6.27 0.0132719 0.00151632 0.61241
6.275 0.0132719 0.00151632 0.612139
6.28 0.0132719 0.00151632 0.611868
6.285 0.0132719 0.00151632 0.611597
6.29 0.0132719 0.00151632 0.611327
6.295 0.0132719 0.00151632 0.611058
6.3 0.0132719 0.00151632 0.610789
6.305 0.0132719 0.00151632 0.61052
6.31 0.0132719 0.00151632 0.610252
6.315 0.0132719 0.00151632 0.609985
6.32 0.0132719 0.00151632 0.609718
6.325 0.0132719 0.00151632 0.609452
6.33 0.0132719 0.00151632 0.609186
6.335 0.0132719 0.00151632 0.608921
6.34 0.0132719 0.00151632 0.608656
6.345 0.0132719 0.00151632 0.608393
6.35 0.0132719 0.00151632 0.608129
6.355 0.0132719 0.00151632 0.607867
6.36 0.0132719 0.00151632 0.607605
6.365 0.0132719 0.00151632 0.607344
6.37 0.0132719 0.00151632 0.607084
6.375 0.0132719 0.00151632 0.606825
6.38 0.0132719 0.00151632 0.606566
6.385 0.0132719 0.00151632 0.606308
6.39 0.0132719 0.00151632 0.606051
6.395 0.0132719 0.00151632 0.605795
6.4 0.0132719 0.00151632 0.60554
6.405 0.0132719 0.00151632 0.605285
6.41 0.0132719 0.00151632 0.605032
6.415 0.0132719 0.00151632 0.604779
6.42 0.0132719 0.00151632 0.604528
6.425 0.0132719 0.00151632 0.604277
6.43 0.0132719 0.00151632 0.604028
6.435 0.0132719 0.00151632 0.603779
6.44 0.0132719 0.00151632 0.603532
6.445 0.0132719 0.00151632 0.603286
6.45 0.0132719 0.00151632 0.603041
6.455 0.0132719 0.00151632 0.602797
6.46 0.0132719 0.00151632 0.602554
6.465 0.0132719 0.00151632 0.602312
6.47 0.0132719 0.00151632 0.602071
6.475 0.0132719 0.00151632 0.601832
6.48 0.0132719 0.00151632 0.601594
6.485 0.0132719 0.00151632 0.601357
6.49 0.0132719 0.00151632 0.601122
6.495 0.0132719 0.00151632 0.600888
6.5 0.0132719 0.00151632 0.600655
6.505 0.0132719 0.00151632 0.600423
6.51 0.0132719 0.00151632 0.600193
6.515 0.0132719 0.00151632 0.599964
6.52 0.0132719 0.00151632 0.599737
6.525 0.0132719 0.00151632 0.599511
6.53 0.0132719 0.00151632 0.599287
6.535 0.0132719 0.00151632 0.599064
6.54 0.0132719 0.00151632 0.598843
6.545 0.0132719 0.00151632 0.598624
6.55 0.0132719 0.00151632 0.598405
6.555 0.0132719 0.00151632 0.598189
6.56 0.0132719 0.00151632 0.597974
6.565 0.0132719 0.00151632 0.597761
6.57 0.0132719 0.00151632 0.597551
6.575 0.0132719 0.00151632 0.597344
6.58 0.0132719 0.00151632 0.59714
6.585 0.0132719 0.00151632 0.596938
6.59 0.0132719 0.00151632 0.596738
6.595 0.0132719 0.00151632 0.596541
6.6 0.0132719 0.00151632 0.596346
6.605 0.0132719 0.00151632 0.596154
6.61 0.0132719 0.00151632 0.595964
6.615 0.0132719 0.00151632 0.595776
6.62 0.0132719 0.00151632 0.59559
6.625 0.0132719 0.00151632 0.595406
6.63 0.0132719 0.00151632 0.595224
6.635 0.0132719 0.00151632 0.595045
6.64 0.0132719 0.00151632 0.594867
6.645 0.0132719 0.00151632 0.594691
6.65 0.0132719 0.00151632 0.594517
6.655 0.0132719 0.00151632 0.594345
6.66 0.0132719 0.00151632 0.594175
6.665 0.0132719 0.00151632 0.594007
6.67 0.0132719 0.00151632 0.593841
6.675 0.0132719 0.00151632 0.593676
6.68 0.0132719 0.00151632 0.593513
6.685 0.0132719 0.00151632 0.593352
6.69 0.0132719 0.00151632 0.593193
6.695 0.0132719 0.00151632 0.593035
6.7 0.0132719 0.00151632 0.592879
6.705 0.0132719 0.00151632 0.592725
6.71 0.0132719 0.00151632 0.592572
6.715 0.0132719 0.00151632 0.592421
6.72 0.0132719 0.00151632 0.592271
6.725 0.0132719 0.00151632 0.592123
6.73 0.0132719 0.00151632 0.591977
6.735 0.0132719 0.00151632 0.591832
6.74 0.0132719 0.00151632 0.591688
6.745 0.0132719 0.00151632 0.591546
6.75 0.0132719 0.00151632 0.591406
6.755 0.0132719 0.00151632 0.591267
6.76 0.0132719 0.00151632 0.591129
6.765 0.0132719 0.00151632 0.590992
6.77 0.0132719 0.00151632 0.590858
6.775 0.0132719 0.00151632 0.590724
6.78 0.0132719 0.00151632 0.590592
6.785 0.0132719 0.00151632 0.590461
6.79 0.0132719 0.00151632 0.590331
6.795 0.0132719 0.00151632 0.590203
6.8 0.0132719 0.00151632 0.590075
6.805 0.0132719 0.00151632 0.58995
6.81 0.0132719 0.00151632 0.589825
6.815 0.0132719 0.00151632 0.589701
6.82 0.0132719 0.00151632 0.589579
6.825 0.0132719 0.00151632 0.589458
6.83 0.0132719 0.00151632 0.589338
6.835 0.0132719 0.00151632 0.589219
6.84 0.0132719 0.00151632 0.589102
6.845 0.0132719 0.00151632 0.588985
6.85 0.0132719 0.00151632 0.588869
6.855 0.0132719 0.00151632 0.588755
6.86 0.0132719 0.00151632 0.588642
6.865 0.0132719 0.00151632 0.588529
6.87 0.0132719 0.00151632 0.588418
6.875 0.0132719 0.00151632 0.588307
6.88 0.0132719 0.00151632 0.588198
6.885 0.0132719 0.00151632 0.58809
6.89 0.0132719 0.00151632 0.587982
6.895 0.0132719 0.00151632 0.587875
6.9 0.0132719 0.00151632 0.58777
6.905 0.0132719 0.00151632 0.587665
6.91 0.0132719 0.00151632 0.587561
6.915 0.0132719 0.00151632 0.587458
6.92 0.0132719 0.00151632 0.587355
6.925 0.0132719 0.00151632 0.587254
6.93 0.0132719 0.00151632 0.587153
6.935 0.0132719 0.00151632 0.587053
6.94 0.0132719 0.00151632 0.586954
6.945 0.0132719 0.00151632 0.586856
6.95 0.0132719 0.00151632 0.586758
6.955 0.0132719 0.00151632 0.586661
6.96 0.0132719 0.00151632 0.586565
6.965 0.0132719 0.00151632 0.586469
6.97 0.0132719 0.00151632 0.586374
6.975 0.0132719 0.00151632 0.58628
6.98 0.0132719 0.00151632 0.586186
6.985 0.0132719 0.00151632 0.586093
6.99 0.0132719 0.00151632 0.586
6.995 0.0132719 0.00151632 0.585908
7 0.0132719 0.00151632 0.585817
7.005 0.0132719 0.00151632 0.585726
7.01 0.0132719 0.00151632 0.585635
7.015 0.0132719 0.00151632 0.585545
7.02 0.0132719 0.00151632 0.585456
7.025 0.0132719 0.00151632 0.585367
7.03 0.0132719 0.00151632 0.585278
7.035 0.0132719 0.00151632 0.58519
7.04 0.0132719 0.00151632 0.585102
7.045 0.0132719 0.00151632 0.585014
7.05 0.0132719 0.00151632 0.584927
7.055 0.0132719 0.00151632 0.584841
7.06 0.0132719 0.00151632 0.584754
7.065 0.0132719 0.00151632 0.584668
7.07 0.0132719 0.00151632 0.584582
7.075 0.0132719 0.00151632 0.584497
7.08 0.0132719 0.00151632 0.584412
7.085 0.0132719 0.00151632 0.584327
7.09 0.0132719 0.00151632 0.584242
7.095 0.0132719 0.00151632 0.584157
7.1 0.0132719 0.00151632 0.584073
7.105 0.0132719 0.00151632 0.583988
7.11 0.0132719 0.00151632 0.583904
7.115 0.0132719 0.00151632 0.58382
7.12 0.0132719 0.00151632 0.583736
7.125 0.0132719 0.00151632 0.583652
7.13 0.0132719 0.00151632 0.583569
7.135 0.0132719 0.00151632 0.583485
7.14 0.0132719 0.00151632 0.583401
7.145 0.0132719 0.00151632 0.583318
7.15 0.0132719 0.00151632 0.583234
7.155 0.0132719 0.00151632 0.58315
7.16 0.0132719 0.00151632 0.583066
7.165 0.0132719 0.00151632 0.582983
7.17 0.0132719 0.00151632 0.582899
7.175 0.0132719 0.00151632 0.582815
7.18 0.0132719 0.00151632 0.582731
7.185 0.0132719 0.00151632 0.582647
7.19 0.0132719 0.00151632 0.582562
7.195 0.0132719 0.00151632 0.582478
7.2 0.0132719 0.00151632 0.582393
7.205 0.0132719 0.00151632 0.582308
7.21 0.0132719 0.00151632 0.582223
7.215 0.0132719 0.00151632 0.582138
7.22 0.0132719 0.00151632 0.582052
7.225 0.0132719 0.00151632 0.581966
7.23 0.0132719 0.00151632 0.58188
7.235 0.0132719 0.00151632 0.581793
7.24 0.0132719 0.00151632 0.581706
7.245 0.0132719 0.00151632 0.581619
7.25 0.0132719 0.00151632 0.581532
7.255 0.0132719 0.00151632 0.581444
7.26 0.0132719 0.00151632 0.581355
7.265 0.0132719 0.00151632 0.581266
7.27 0.0132719 0.00151632 0.581177
7.275 0.0132719 0.00151632 0.581088
7.28 0.0132719 0.00151632 0.580997
7.285 0.0132719 0.00151632 0.580907
7.29 0.0132719 0.00151632 0.580816
7.295 0.0132719 0.00151632 0.580724
7.3 0.0132719 0.00151632 0.580632
7.305 0.0132719 0.00151632 0.580539
7.31 0.0132719 0.00151632 0.580445
7.315 0.0132719 0.00151632 0.580351
7.32 0.0132719 0.00151632 0.580256
7.325 0.0132719 0.00151632 0.580161
7.33 0.0132719 0.00151632 0.580065
7.335 0.0132719 0.00151632 0.579968
7.34 0.0132719 0.00151632 0.579871
7.345 0.0132719 0.00151632 0.579773
7.35 0.0132719 0.00151632 0.579674
7.355 0.0132719 0.00151632 0.579574
7.36 0.0132719 0.00151632 0.579474
7.365 0.0132719 0.00151632 0.579373
7.37 0.0132719 0.00151632 0.579271
7.375 0.0132719 0.00151632 0.579168
7.38 0.0132719 0.00151632 0.579065
7.385 0.0132719 0.00151632 0.578961
7.39 0.0132719 0.00151632 0.578856
7.395 0.0132719 0.00151632 0.57875
7.4 0.0132719 0.00151632 0.578644
7.405 0.0132719 0.00151632 0.578537
7.41 0.0132719 0.00151632 0.578429
7.415 0.0132719 0.00151632 0.57832
7.42 0.0132719 0.00151632 0.578211
7.425 0.0132719 0.00151632 0.578101
7.43 0.0132719 0.00151632 0.577991
7.435 0.0132719 0.00151632 0.577879
7.44 0.0132719 0.00151632 0.577767
7.445 0.0132719 0.00151632 0.577655
7.45 0.0132719 0.00151632 0.577541
7.455 0.0132719 0.00151632 0.577428
7.46 0.0132719 0.00151632 0.577313
7.465 0.0132719 0.00151632 0.577198
7.47 0.0132719 0.00151632 0.577082
7.475 0.0132719 0.00151632 0.576966
7.48 0.0132719 0.00151632 0.576849
7.485 0.0132719 0.00151632 0.576732
7.49 0.0132719 0.00151632 0.576614
7.495 0.0132719 0.00151632 0.576496
7.5 0.0132719 0.00151632 0.576377
7.505 0.0132719 0.00151632 0.576258
7.51 0.0132719 0.00151632 0.576138
7.515 0.0132719 0.00151632 0.576017
7.52 0.0132719 0.00151632 0.575897
7.525 0.0132719 0.00151632 0.575775
7.53 0.0132719 0.00151632 0.575654
7.535 0.0132719 0.00151632 0.575532
7.54 0.0132719 0.00151632 0.57541
7.545 0.0132719 0.00151632 0.575287
7.55 0.0132719 0.00151632 0.575164
7.555 0.0132719 0.00151632 0.57504
7.56 0.0132719 0.00151632 0.574917
7.565 0.0132719 0.00151632 0.574793
7.57 0.0132719 0.00151632 0.574668
7.575 0.0132719 0.00151632 0.574544
7.58 0.0132719 0.00151632 0.574419
7.585 0.0132719 0.00151632 0.574294
7.59 0.0132719 0.00151632 0.574169
7.595 0.0132719 0.00151632 0.574043
7.6 0.0132719 0.00151632 0.573917
7.605 0.0132719 0.00151632 0.573792
7.61 0.0132719 0.00151632 0.573666
7.615 0.0132719 0.00151632 0.573539
7.62 0.0132719 0.00151632 0.573413
7.625 0.0132719 0.00151632 0.573287
7.63 0.0132719 0.00151632 0.57316
7.635 0.0132719 0.00151632 0.573034
7.64 0.0132719 0.00151632 0.572907
7.645 0.0132719 0.00151632 0.57278
7.65 0.0132719 0.00151632 0.572654
7.655 0.0132719 0.00151632 0.572527
7.66 0.0132719 0.00151632 0.5724
7.665 0.0132719 0.00151632 0.572273
7.67 0.0132719 0.00151632 0.572147
7.675 0.0132719 0.00151632 0.57202
7.68 0.0132719 0.00151632 0.571893
7.685 0.0132719 0.00151632 0.571767
7.69 0.0132719 0.00151632 0.57164
7.695 0.0132719 0.00151632 0.571514
7.7 0.0132719 0.00151632 0.571388
7.705 0.0132719 0.00151632 0.571262
7.71 0.0132719 0.00151632 0.571136
7.715 0.0132719 0.00151632 0.57101
7.72 0.0132719 0.00151632 0.570884
7.725 0.0132719 0.00151632 0.570759
7.73 0.0132719 0.00151632 0.570634
7.735 0.0132719 0.00151632 0.570509
7.74 0.0132719 0.00151632 0.570384
7.745 0.0132719 0.00151632 0.57026
7.75 0.0132719 0.00151632 0.570135
7.755 0.0132719 0.00151632 0.570011
7.76 0.0132719 0.00151632 0.569888
7.765 0.0132719 0.00151632 0.569765
7.77 0.0132719 0.00151632 0.569642
7.775 0.0132719 0.00151632 0.569519
7.78 0.0132719 0.00151632 0.569397
7.785 0.0132719 0.00151632 0.569275
7.79 0.0132719 0.00151632 0.569154
7.795 0.0132719 0.00151633 0.569033
7.8 0.0132719 0.00151633 0.568912
7.805 0.0132719 0.00151633 0.568792
7.81 0.0132719 0.00151633 0.568672
7.815 0.0132719 0.00151633 0.568553
7.82 0.0132719 0.00151633 0.568435
7.825 0.0132719 0.00151633 0.568316
7.83 0.0132719 0.00151633 0.568199
7.835 0.0132719 0.00151633 0.568082
7.84 0.0132719 0.00151633 0.567965
7.845 0.0132719 0.00151633 0.567849
7.85 0.0132719 0.00151633 0.567734
7.855 0.0132719 0.00151633 0.567619
7.86 0.0132719 0.00151633 0.567505
7.865 0.0132719 0.00151633 0.567392
7.87 0.0132719 0.00151633 0.567279
7.875 0.0132719 0.00151633 0.567167
7.88 0.0132719 0.00151633 0.567055
7.885 0.0132719 0.00151633 0.566945
7.89 0.0132719 0.00151633 0.566835
7.895 0.0132719 0.00151633 0.566725
7.9 0.0132719 0.00151633 0.566617
7.905 0.0132719 0.00151633 0.566509
7.91 0.0132719 0.00151633 0.566402
7.915 0.0132719 0.00151633 0.566296
7.92 0.0132719 0.00151633 0.56619
7.925 0.0132719 0.00151633 0.566086
7.93 0.0132719 0.00151633 0.565982
7.935 0.0132719 0.00151633 0.565879
7.94 0.0132719 0.00151633 0.565777
7.945 0.0132719 0.00151633 0.565676
7.95 0.0132719 0.00151633 0.565576
7.955 0.0132719 0.00151633 0.565477
7.96 0.0132719 0.00151633 0.565378
7.965 0.0132719 0.00151633 0.565281
7.97 0.0132719 0.00151633 0.565185
7.975 0.0132719 0.00151633 0.565089
7.98 0.0132719 0.00151633 0.564995
7.985 0.0132719 0.00151633 0.564901
7.99 0.0132719 0.00151633 0.564809
7.995 0.0132719 0.00151633 0.564718
8 0.0132719 0.00151633 0.564627
8.005 0.0132719 0.00151633 0.564538
8.01 0.0132719 0.00151633 0.56445
8.015 0.0132719 0.00151633 0.564363
8.02 0.0132719 0.00151633 0.564277
8.025 0.0132719 0.00151633 0.564192
8.03 0.0132719 0.00151633 0.564109
8.035 0.0132719 0.00151633 0.564026
8.04 0.0132719 0.00151633 0.563945
8.045 0.013272 0.00151633 0.563865
8.05 0.013272 0.00151633 0.563786
8.055 0.013272 0.00151633 0.563709
8.06 0.013272 0.00151633 0.563632
8.065 0.013272 0.00151633 0.563557
8.07 0.013272 0.00151633 0.563484
8.075 0.013272 0.00151633 0.563411
8.08 0.013272 0.00151633 0.56334
8.085 0.013272 0.00151633 0.56327
8.09 0.013272 0.00151633 0.563201
8.095 0.013272 0.00151633 0.563134
8.1 0.013272 0.00151633 0.563068
8.105 0.013272 0.00151633 0.563003
8.11 0.013272 0.00151633 0.56294
8.115 0.013272 0.00151633 0.562878
8.12 0.013272 0.00151633 0.562817
8.125 0.013272 0.00151634 0.562758
8.13 0.013272 0.00151634 0.562699
8.135 0.013272 0.00151634 0.562642
8.14 0.013272 0.00151634 0.562587
8.145 0.013272 0.00151634 0.562532
8.15 0.013272 0.00151634 0.562479
8.155 0.013272 0.00151634 0.562427
8.16 0.013272 0.00151634 0.562376
8.165 0.013272 0.00151634 0.562326
8.17 0.013272 0.00151634 0.562277
8.175 0.013272 0.00151634 0.56223
8.18 0.013272 0.00151634 0.562184
8.185 0.013272 0.00151634 0.562138
8.19 0.013272 0.00151634 0.562094
8.195 0.013272 0.00151634 0.562051
8.2 0.013272 0.00151634 0.56201
8.205 0.013272 0.00151634 0.561969
8.21 0.013272 0.00151634 0.561929
8.215 0.013272 0.00151634 0.56189
8.22 0.013272 0.00151634 0.561852
8.225 0.013272 0.00151634 0.561816
8.23 0.013272 0.00151634 0.56178
8.235 0.013272 0.00151634 0.561745
8.24 0.013272 0.00151634 0.561711
8.245 0.013272 0.00151634 0.561678
8.25 0.013272 0.00151634 0.561646
8.255 0.013272 0.00151634 0.561615
8.26 0.013272 0.00151634 0.561584
8.265 0.013272 0.00151634 0.561555
8.27 0.013272 0.00151634 0.561526
8.275 0.013272 0.00151634 0.561499
8.28 0.013272 0.00151634 0.561472
8.285 0.013272 0.00151634 0.561445
8.29 0.013272 0.00151634 0.56142
8.295 0.013272 0.00151634 0.561395
8.3 0.013272 0.00151634 0.561371
8.305 0.013272 0.00151634 0.561348
8.31 0.013272 0.00151634 0.561326
8.315 0.013272 0.00151634 0.561304
8.32 0.013272 0.00151634 0.561283
8.325 0.013272 0.00151634 0.561262
8.33 0.013272 0.00151634 0.561242
8.335 0.013272 0.00151634 0.561223
8.34 0.013272 0.00151634 0.561204
8.345 0.013272 0.00151634 0.561186
8.35 0.013272 0.00151634 0.561168
8.355 0.013272 0.00151634 0.561151
8.36 0.013272 0.00151634 0.561135
8.365 0.013272 0.00151634 0.561119
8.37 0.013272 0.00151634 0.561103
8.375 0.013272 0.00151634 0.561088
8.38 0.013272 0.00151634 0.561074
8.385 0.013272 0.00151634 0.561059
8.39 0.013272 0.00151634 0.561046
8.395 0.013272 0.00151634 0.561032
8.4 0.013272 0.00151634 0.561019
8.405 0.013272 0.00151634 0.561007
8.41 0.013272 0.00151634 0.560994
8.415 0.013272 0.00151634 0.560982
8.42 0.013272 0.00151634 0.560971
8.425 0.013272 0.00151634 0.560959
8.43 0.013272 0.00151634 0.560948
8.435 0.013272 0.00151634 0.560937
8.44 0.013272 0.00151634 0.560926
8.445 0.013272 0.00151634 0.560916
8.45 0.013272 0.00151634 0.560906
8.455 0.013272 0.00151634 0.560896
8.46 0.013272 0.00151634 0.560886
8.465 0.013272 0.00151634 0.560876
8.47 0.013272 0.00151634 0.560866
8.475 0.013272 0.00151634 0.560856
8.48 0.013272 0.00151634 0.560847
8.485 0.013272 0.00151634 0.560837
8.49 0.0132719 0.00151634 0.560828
8.495 0.0132719 0.00151634 0.560819
8.5 0.0132719 0.00151634 0.560809
8.505 0.0132719 0.00151634 0.5608
8.51 0.0132719 0.00151634 0.56079
8.515 0.0132719 0.00151634 0.560781
8.52 0.0132719 0.00151634 0.560771
8.525 0.0132719 0.00151634 0.560762
8.53 0.0132719 0.00151634 0.560752
8.535 0.0132719 0.00151634 0.560742
8.54 0.0132719 0.00151634 0.560732
8.545 0.0132719 0.00151634 0.560721
8.55 0.0132719 0.00151634 0.560711
8.555 0.0132719 0.00151634 0.5607
8.56 0.0132719 0.00151634 0.560689
8.565 0.0132719 0.00151634 0.560678
8.57 0.0132719 0.00151634 0.560667
8.575 0.0132719 0.00151634 0.560655
8.58 0.0132719 0.00151634 0.560643
8.585 0.0132719 0.00151634 0.560631
8.59 0.0132719 0.00151634 0.560618
8.595 0.0132719 0.00151634 0.560605
8.6 0.0132719 0.00151634 0.560591
8.605 0.0132719 0.00151634 0.560578
8.61 0.0132719 0.00151634 0.560563
8.615 0.0132719 0.00151634 0.560548
8.62 0.0132719 0.00151634 0.560533
8.625 0.0132719 0.00151634 0.560517
8.63 0.0132719 0.00151634 0.5605
8.635 0.0132719 0.00151634 0.560483
8.64 0.0132719 0.00151633 0.560466
8.645 0.0132719 0.00151633 0.560447
8.65 0.0132719 0.00151633 0.560429
8.655 0.0132719 0.00151633 0.560409
8.66 0.0132719 0.00151633 0.560389
8.665 0.0132719 0.00151633 0.560369
8.67 0.0132719 0.00151633 0.560348
8.675 0.0132719 0.00151633 0.560326
8.68 0.0132719 0.00151633 0.560304
8.685 0.0132719 0.00151633 0.560281
8.69 0.0132719 0.00151633 0.560258
8.695 0.0132719 0.00151633 0.560234
8.7 0.0132719 0.00151633 0.56021
8.705 0.0132719 0.00151633 0.560185
8.71 0.0132719 0.00151633 0.56016
8.715 0.0132719 0.00151633 0.560134
8.72 0.0132719 0.00151633 0.560108
8.725 0.0132719 0.00151633 0.560081
8.73 0.0132719 0.00151633 0.560054
8.735 0.0132719 0.00151633 0.560027
8.74 0.0132719 0.00151633 0.559999
8.745 0.0132719 0.00151633 0.55997
8.75 0.0132719 0.00151633 0.559941
8.755 0.0132719 0.00151633 0.559912
8.76 0.0132719 0.00151633 0.559883
8.765 0.0132719 0.00151633 0.559853
8.77 0.0132719 0.00151633 0.559822
8.775 0.0132719 0.00151633 0.559792
8.78 0.0132719 0.00151633 0.559761
8.785 0.0132719 0.00151633 0.559729
8.79 0.0132719 0.00151633 0.559698
8.795 0.0132719 0.00151633 0.559666
8.8 0.0132719 0.00151633 0.559633
8.805 0.0132719 0.00151633 0.559601
8.81 0.0132719 0.00151633 0.559568
8.815 0.0132719 0.00151633 0.559535
8.82 0.0132719 0.00151633 0.559502
8.825 0.0132719 0.00151633 0.559468
8.83 0.0132719 0.00151633 0.559434
8.835 0.0132719 0.00151633 0.5594
8.84 0.0132719 0.00151633 0.559366
8.845 0.0132719 0.00151633 0.559332
8.85 0.0132719 0.00151633 0.559297
8.855 0.0132719 0.00151633 0.559263
8.86 0.0132719 0.00151633 0.559228
8.865 0.0132719 0.00151633 0.559193
8.87 0.0132719 0.00151633 0.559158
8.875 0.0132719 0.00151633 0.559123
8.88 0.0132719 0.00151633 0.559087
8.885 0.0132719 0.00151633 0.559052
8.89 0.0132719 0.00151634 0.559017
8.895 0.0132719 0.00151634 0.558981
8.9 0.0132719 0.00151634 0.558946
8.905 0.0132719 0.00151634 0.55891
8.91 0.0132719 0.00151634 0.558875
8.915 0.0132719 0.00151634 0.55884
8.92 0.0132719 0.00151634 0.558804
8.925 0.0132719 0.00151634 0.558769
8.93 0.0132719 0.00151634 0.558734
8.935 0.0132719 0.00151634 0.558699
8.94 0.0132719 0.00151634 0.558664
8.945 0.0132719 0.00151634 0.558629
8.95 0.0132719 0.00151634 0.558594
8.955 0.0132719 0.00151634 0.55856
8.96 0.013272 0.00151634 0.558525
8.965 0.013272 0.00151634 0.558491
8.97 0.013272 0.00151634 0.558457
8.975 0.013272 0.00151634 0.558424
8.98 0.013272 0.00151634 0.558391
8.985 0.013272 0.00151634 0.558358
8.99 0.013272 0.00151634 0.558325
8.995 0.013272 0.00151634 0.558293
9 0.013272 0.00151634 0.558261
9.005 0.013272 0.00151634 0.55823
9.01 0.013272 0.00151634 0.558199
9.015 0.013272 0.00151634 0.558168
9.02 0.013272 0.00151634 0.558138
9.025 0.013272 0.00151634 0.558108
9.03 0.013272 0.00151634 0.558078
9.035 0.013272 0.00151634 0.558049
9.04 0.013272 0.00151634 0.558021
9.045 0.013272 0.00151634 0.557993
9.05 0.013272 0.00151634 0.557965
9.055 0.013272 0.00151634 0.557938
9.06 0.013272 0.00151634 0.557912
9.065 0.013272 0.00151634 0.557886
9.07 0.013272 0.00151634 0.55786
9.075 0.013272 0.00151634 0.557836
9.08 0.013272 0.00151634 0.557811
9.085 0.013272 0.00151634 0.557788
9.09 0.013272 0.00151634 0.557765
9.095 0.013272 0.00151634 0.557743
9.1 0.013272 0.00151634 0.557721
9.105 0.013272 0.00151634 0.5577
9.11 0.013272 0.00151634 0.55768
9.115 0.013272 0.00151634 0.557661
9.12 0.013272 0.00151634 0.557642
9.125 0.013272 0.00151634 0.557624
9.13 0.013272 0.00151634 0.557607
9.135 0.013272 0.00151634 0.55759
9.14 0.013272 0.00151634 0.557575
9.145 0.013272 0.00151634 0.55756
9.15 0.013272 0.00151634 0.557546
9.155 0.013272 0.00151634 0.557533
9.16 0.013272 0.00151635 0.557521
9.165 0.013272 0.00151635 0.557509
9.17 0.013272 0.00151635 0.557499
9.175 0.013272 0.00151635 0.557489
9.18 0.013272 0.00151635 0.557481
9.185 0.013272 0.00151635 0.557473
9.19 0.013272 0.00151635 0.557466
9.195 0.013272 0.00151635 0.557459
9.2 0.013272 0.00151635 0.557453
9.205 0.013272 0.00151635 0.557447
9.21 0.013272 0.00151635 0.557441
9.215 0.013272 0.00151635 0.557436
9.22 0.013272 0.00151635 0.557431
9.225 0.013272 0.00151635 0.557426
9.23 0.013272 0.00151635 0.557421
9.235 0.013272 0.00151635 0.557417
9.24 0.013272 0.00151635 0.557413
9.245 0.013272 0.00151635 0.55741
9.25 0.013272 0.00151635 0.557406
9.255 0.013272 0.00151635 0.557403
9.26 0.013272 0.00151635 0.5574
9.265 0.013272 0.00151635 0.557397
9.27 0.013272 0.00151635 0.557394
9.275 0.013272 0.00151635 0.557392
9.28 0.013272 0.00151635 0.55739
9.285 0.013272 0.00151635 0.557387
9.29 0.013272 0.00151635 0.557385
9.295 0.013272 0.00151635 0.557384
9.3 0.013272 0.00151635 0.557382
9.305 0.013272 0.00151635 0.55738
9.31 0.013272 0.00151635 0.557379
9.315 0.013272 0.00151635 0.557377
9.32 0.013272 0.00151635 0.557376
9.325 0.013272 0.00151635 0.557375
9.33 0.013272 0.00151635 0.557374
9.335 0.013272 0.00151635 0.557373
9.34 0.013272 0.00151635 0.557372
9.345 0.013272 0.00151635 0.557371
9.35 0.013272 0.00151635 0.55737
9.355 0.013272 0.00151635 0.55737
9.36 0.013272 0.00151635 0.557369
9.365 0.013272 0.00151635 0.557369
9.37 0.013272 0.00151635 0.557369
9.375 0.013272 0.00151635 0.557368
9.38 0.013272 0.00151635 0.557368
9.385 0.013272 0.00151635 0.557368
9.39 0.013272 0.00151635 0.557368
9.395 0.013272 0.00151635 0.557368
9.4 0.013272 0.00151635 0.557368
9.405 0.013272 0.00151635 0.557368
9.41 0.013272 0.00151635 0.557368
9.415 0.013272 0.00151635 0.557368
9.42 0.013272 0.00151635 0.557369
9.425 0.013272 0.00151635 0.557369
9.43 0.013272 0.00151635 0.557369
9.435 0.013272 0.00151635 0.55737
9.44 0.013272 0.00151635 0.55737
9.445 0.013272 0.00151635 0.557371
9.45 0.013272 0.00151635 0.557372
9.455 0.013272 0.00151635 0.557372
9.46 0.013272 0.00151635 0.557373
9.465 0.013272 0.00151635 0.557374
9.47 0.013272 0.00151635 0.557375
9.475 0.013272 0.00151635 0.557376
9.48 0.013272 0.00151635 0.557377
9.485 0.013272 0.00151635 0.557378
9.49 0.013272 0.00151635 0.557379
9.495 0.013272 0.00151635 0.55738
9.5 0.013272 0.00151635 0.557381
9.505 0.013272 0.00151635 0.557382
9.51 0.013272 0.00151635 0.557383
9.515 0.013272 0.00151635 0.557385
9.52 0.013272 0.00151635 0.557386
9.525 0.013272 0.00151635 0.557387
9.53 0.013272 0.00151635 0.557389
9.535 0.013272 0.00151635 0.55739
9.54 0.013272 0.00151635 0.557392
9.545 0.013272 0.00151635 0.557394
9.55 0.013272 0.00151635 0.557395
9.555 0.013272 0.00151635 0.557397
9.56 0.013272 0.00151635 0.557398
9.565 0.013272 0.00151635 0.5574
9.57 0.013272 0.00151635 0.557402
9.575 0.013272 0.00151635 0.557404
9.58 0.013272 0.00151635 0.557406
9.585 0.013272 0.00151635 0.557408
9.59 0.013272 0.00151635 0.55741
9.595 0.013272 0.00151635 0.557412
9.6 0.013272 0.00151635 0.557414
9.605 0.013272 0.00151635 0.557416
9.61 0.013272 0.00151635 0.557418
9.615 0.013272 0.00151635 0.55742
9.62 0.013272 0.00151635 0.557422
9.625 0.013272 0.00151635 0.557424
9.63 0.013272 0.00151635 0.557426
9.635 0.013272 0.00151635 0.557429
9.64 0.013272 0.00151635 0.557431
9.645 0.013272 0.00151635 0.557433
9.65 0.013272 0.00151635 0.557435
9.655 0.013272 0.00151635 0.557438
9.66 0.013272 0.00151635 0.55744
9.665 0.013272 0.00151635 0.557443
9.67 0.013272 0.00151635 0.557446
9.675 0.013272 0.00151635 0.557449
9.68 0.013272 0.00151635 0.557452
9.685 0.013272 0.00151635 0.557455
9.69 0.013272 0.00151635 0.557458
9.695 0.013272 0.00151635 0.557462
9.7 0.013272 0.00151635 0.557465
9.705 0.013272 0.00151635 0.557469
9.71 0.013272 0.00151635 0.557473
9.715 0.013272 0.00151635 0.557477
9.72 0.013272 0.00151635 0.557482
9.725 0.013272 0.00151635 0.557486
9.73 0.013272 0.00151635 0.557491
9.735 0.013272 0.00151635 0.557496
9.74 0.013272 0.00151635 0.557501
9.745 0.013272 0.00151635 0.557506
9.75 0.013272 0.00151635 0.557512
9.755 0.013272 0.00151635 0.557518
9.76 0.013272 0.00151635 0.557523
9.765 0.013272 0.00151635 0.557529
9.77 0.013272 0.00151635 0.557535
9.775 0.013272 0.00151635 0.557542
9.78 0.013272 0.00151635 0.557548
9.785 0.013272 0.00151635 0.557555
9.79 0.013272 0.00151635 0.557563
9.795 0.013272 0.00151635 0.55757
9.8 0.013272 0.00151635 0.557578
9.805 0.013272 0.00151635 0.557586
9.81 0.013272 0.00151635 0.557594
9.815 0.013272 0.00151635 0.557603
9.82 0.013272 0.00151635 0.557612
9.825 0.013272 0.00151635 0.557621
9.83 0.013272 0.00151635 0.557631
9.835 0.013272 0.00151635 0.55764
9.84 0.013272 0.00151635 0.557649
9.845 0.013272 0.00151635 0.557658
9.85 0.013272 0.00151635 0.557666
9.855 0.013272 0.00151635 0.557673
9.86 0.013272 0.00151635 0.557679
9.865 0.013272 0.00151635 0.557685
9.87 0.013272 0.00151635 0.55769
9.875 0.013272 0.00151635 0.557695
9.88 0.013272 0.00151635 0.5577
9.885 0.013272 0.00151635 0.557704
9.89 0.013272 0.00151635 0.557708
9.895 0.013272 0.00151635 0.557712
9.9 0.013272 0.00151635 0.557716
9.905 0.013272 0.00151635 0.557719
9.91 0.013272 0.00151635 0.557723
9.915 0.013272 0.00151635 0.557726
9.92 0.013272 0.00151635 0.557729
9.925 0.013272 0.00151635 0.557732
9.93 0.013272 0.00151635 0.557734
9.935 0.013272 0.00151635 0.557737
9.94 0.013272 0.00151635 0.55774
9.945 0.013272 0.00151635 0.557742
9.95 0.013272 0.00151635 0.557745
9.955 0.013272 0.00151635 0.557747
9.96 0.013272 0.00151635 0.557749
9.965 0.013272 0.00151635 0.557751
9.97 0.013272 0.00151635 0.557754
9.975 0.013272 0.00151635 0.557756
9.98 0.013272 0.00151635 0.557758
9.985 0.013272 0.00151635 0.55776
9.99 0.013272 0.00151635 0.557762
9.995 0.013272 0.00151635 0.557764
10 0.013272 0.00151635 0.557766
10.005 0.013272 0.00151635 0.557768
10.01 0.013272 0.00151635 0.55777
10.015 0.013272 0.00151635 0.557772
10.02 0.013272 0.00151635 0.557773
10.025 0.013272 0.00151635 0.557775
10.03 0.013272 0.00151635 0.557777
10.035 0.013272 0.00151635 0.557779
10.04 0.013272 0.00151635 0.557781
10.045 0.013272 0.00151635 0.557782
10.05 0.013272 0.00151635 0.557784
10.055 0.013272 0.00151635 0.557786
10.06 0.013272 0.00151635 0.557787
10.065 0.013272 0.00151635 0.557789
10.07 0.013272 0.00151635 0.557791
10.075 0.013272 0.00151635 0.557792
10.08 0.013272 0.00151635 0.557794
10.085 0.013272 0.00151635 0.557796
10.09 0.013272 0.00151635 0.557797
10.095 0.013272 0.00151635 0.557799
10.1 0.013272 0.00151635 0.557801
10.105 0.013272 0.00151635 0.557802
10.11 0.013272 0.00151635 0.557804
10.115 0.013272 0.00151635 0.557805
10.12 0.013272 0.00151635 0.557807
10.125 0.013272 0.00151635 0.557809
10.13 0.013272 0.00151635 0.55781
10.135 0.013272 0.00151635 0.557812
10.14 0.013272 0.00151635 0.557813
10.145 0.013272 0.00151635 0.557815
10.15 0.013272 0.00151635 0.557816
10.155 0.013272 0.00151635 0.557818
10.16 0.013272 0.00151635 0.557819
10.165 0.013272 0.00151635 0.557821
10.17 0.013272 0.00151635 0.557822
10.175 0.013272 0.00151635 0.557824
10.18 0.013272 0.00151635 0.557825
