0 27 0.00589871 RARM_JOINT0
0.005 27 0.00589945 RARM_JOINT0
0.01 27 0.00590164 RARM_JOINT0
0.015 27 0.00590529 RARM_JOINT0
0.02 27 0.00591038 RARM_JOINT0
0.025 27 0.00591691 RARM_JOINT0
0.03 27 0.00592487 RARM_JOINT0
0.035 27 0.00593424 RARM_JOINT0
0.04 27 0.00594502 RARM_JOINT0
0.045 27 0.00595719 RARM_JOINT0
0.05 27 0.00597076 RARM_JOINT0
0.055 27 0.00598571 RARM_JOINT0
0.06 27 0.00600203 RARM_JOINT0
0.065 27 0.00601972 RARM_JOINT0
0.07 27 0.00603876 RARM_JOINT0
0.075 27 0.00605915 RARM_JOINT0
0.08 27 0.00608087 RARM_JOINT0
0.085 27 0.00610393 RARM_JOINT0
0.09 27 0.00612831 RARM_JOINT0
0.095 27 0.006154 RARM_JOINT0
0.1 27 0.00618099 RARM_JOINT0
0.105 27 0.00620929 RARM_JOINT0
0.11 27 0.00623887 RARM_JOINT0
0.115 27 0.00626973 RARM_JOINT0
0.12 27 0.00630187 RARM_JOINT0
0.125 27 0.00633527 RARM_JOINT0
0.13 27 0.00636992 RARM_JOINT0
0.135 27 0.00640583 RARM_JOINT0
0.14 27 0.00644297 RARM_JOINT0
0.145 27 0.00648135 RARM_JOINT0
0.15 27 0.00652096 RARM_JOINT0
0.155 26 0.00656178 RARM_JOINT0
0.16 26 0.00660381 RARM_JOINT0
0.165 25 0.00664705 RARM_JOINT0
0.17 25 0.00669148 RARM_JOINT0
0.175 25 0.00673709 RARM_JOINT0
0.18 25 0.00678388 RARM_JOINT0
0.185 25 0.00683185 RARM_JOINT0
0.19 25 0.00688098 RARM_JOINT0
0.195 25 0.00692445 CHEST_JOINT1
0.2 25 0.00695981 CHEST_JOINT1
0.205 25 0.00699595 CHEST_JOINT1
0.21 25 0.00703287 CHEST_JOINT1
0.215 25 0.00707056 CHEST_JOINT1
0.22 25 0.00710902 CHEST_JOINT1
0.225 24 0.00714824 CHEST_JOINT1
0.23 24 0.00718823 CHEST_JOINT1
0.235 24 0.00722896 CHEST_JOINT1
0.24 23 0.00727044 CHEST_JOINT1
0.245 23 0.00731266 CHEST_JOINT1
0.25 23 0.00735562 CHEST_JOINT1
0.255 23 0.00739931 CHEST_JOINT1
0.26 23 0.00744373 CHEST_JOINT1
0.265 23 0.00748887 CHEST_JOINT1
0.27 23 0.00753473 CHEST_JOINT1
0.275 22 0.0075813 CHEST_JOINT1
0.28 22 0.00762858 CHEST_JOINT1
0.285 22 0.00767655 CHEST_JOINT1
0.29 21 0.00772523 CHEST_JOINT1
0.295 21 0.00777459 CHEST_JOINT1
0.3 21 0.00782464 CHEST_JOINT1
0.305 21 0.00787537 CHEST_JOINT1
0.31 21 0.00792678 CHEST_JOINT1
0.315 21 0.00797886 CHEST_JOINT1
0.32 21 0.00803161 CHEST_JOINT1
0.325 21 0.00808501 CHEST_JOINT1
0.33 21 0.00813907 CHEST_JOINT1
0.335 21 0.00819378 CHEST_JOINT1
0.34 21 0.00824914 CHEST_JOINT1
0.345 21 0.00830514 CHEST_JOINT1
0.35 21 0.00836177 CHEST_JOINT1
0.355 21 0.00841903 CHEST_JOINT1
0.36 20 0.00847692 CHEST_JOINT1
0.365 20 0.00853543 CHEST_JOINT1
0.37 20 0.00859455 CHEST_JOINT1
0.375 20 0.00865428 CHEST_JOINT1
0.38 20 0.00871461 CHEST_JOINT1
0.385 20 0.00877555 CHEST_JOINT1
0.39 19 0.00883707 CHEST_JOINT1
0.395 19 0.00889919 CHEST_JOINT1
0.4 19 0.00896189 CHEST_JOINT1
0.405 19 0.00902517 CHEST_JOINT1
0.41 19 0.00908902 CHEST_JOINT1
0.415 18 0.00915343 CHEST_JOINT1
0.42 16 0.00921841 CHEST_JOINT1
0.425 16 0.00928395 CHEST_JOINT1
0.43 16 0.00935004 CHEST_JOINT1
0.435 16 0.00941667 CHEST_JOINT1
0.44 16 0.00948384 CHEST_JOINT1
0.445 16 0.00955155 CHEST_JOINT1
0.45 16 0.0096198 CHEST_JOINT1
0.455 16 0.00968856 CHEST_JOINT1
0.46 16 0.00975784 CHEST_JOINT1
0.465 16 0.00982764 CHEST_JOINT1
0.47 16 0.00989795 CHEST_JOINT1
0.475 16 0.00996876 CHEST_JOINT1
0.48 16 0.0100401 CHEST_JOINT1
0.485 16 0.0101119 CHEST_JOINT1
0.49 16 0.0101841 CHEST_JOINT1
0.495 16 0.0102569 CHEST_JOINT1
0.5 16 0.0103301 CHEST_JOINT1
0.505 16 0.0104039 CHEST_JOINT1
0.51 16 0.010478 CHEST_JOINT1
0.515 16 0.0105527 CHEST_JOINT1
0.52 16 0.0106277 CHEST_JOINT1
0.525 15 0.0107033 CHEST_JOINT1
0.53 15 0.0107792 CHEST_JOINT1
0.535 15 0.0108556 CHEST_JOINT1
0.54 15 0.0109325 CHEST_JOINT1
0.545 15 0.0110092 CHEST_JOINT1
0.55 14 0.0110861 CHEST_JOINT1
0.555 14 0.0111635 CHEST_JOINT1
0.56 14 0.0112413 CHEST_JOINT1
0.565 14 0.0113195 CHEST_JOINT1
0.57 14 0.0113981 CHEST_JOINT1
0.575 13 0.0114771 CHEST_JOINT1
0.58 13 0.0115564 CHEST_JOINT1
0.585 13 0.0116361 CHEST_JOINT1
0.59 13 0.0117162 CHEST_JOINT1
0.595 13 0.0117967 CHEST_JOINT1
0.6 13 0.0118775 CHEST_JOINT1
0.605 12 0.0119587 CHEST_JOINT1
0.61 11 0.0120402 CHEST_JOINT1
0.615 11 0.012122 CHEST_JOINT1
0.62 11 0.0122042 CHEST_JOINT1
0.625 11 0.0122867 CHEST_JOINT1
0.63 11 0.0123696 CHEST_JOINT1
0.635 10 0.0124527 CHEST_JOINT1
0.64 10 0.0125362 CHEST_JOINT1
0.645 10 0.01262 CHEST_JOINT1
0.65 9 0.012704 CHEST_JOINT1
0.655 9 0.0127884 CHEST_JOINT1
0.66 9 0.012873 CHEST_JOINT1
0.665 9 0.0129579 CHEST_JOINT1
0.67 9 0.0130431 CHEST_JOINT1
0.675 9 0.0131286 CHEST_JOINT1
0.68 9 0.0132143 CHEST_JOINT1
0.685 9 0.0133003 CHEST_JOINT1
0.69 8 0.0133865 CHEST_JOINT1
0.695 8 0.013473 CHEST_JOINT1
0.7 8 0.0135597 CHEST_JOINT1
0.705 8 0.0136466 CHEST_JOINT1
0.71 8 0.0137338 CHEST_JOINT1
0.715 8 0.0138212 CHEST_JOINT1
0.72 8 0.0139087 CHEST_JOINT1
0.725 8 0.0139965 CHEST_JOINT1
0.73 8 0.0140845 CHEST_JOINT1
0.735 8 0.0141726 CHEST_JOINT1
0.74 8 0.014261 CHEST_JOINT1
0.745 8 0.0143495 CHEST_JOINT1
0.75 8 0.0143686 HEAD_JOINT1
0.755 8 0.0143582 HEAD_JOINT1
0.76 7 0.0143479 HEAD_JOINT1
0.765 6 0.0143376 HEAD_JOINT1
0.77 6 0.0143274 HEAD_JOINT1
0.775 6 0.0143173 HEAD_JOINT1
0.78 6 0.0143073 HEAD_JOINT1
0.785 6 0.0142973 HEAD_JOINT1
0.79 6 0.0142874 HEAD_JOINT1
0.795 6 0.0142777 HEAD_JOINT1
0.8 5 0.014268 HEAD_JOINT1
0.805 5 0.0142584 HEAD_JOINT1
0.81 5 0.0142489 HEAD_JOINT1
0.815 5 0.0142395 HEAD_JOINT1
0.82 5 0.0142303 HEAD_JOINT1
0.825 5 0.0142211 HEAD_JOINT1
0.83 5 0.014212 HEAD_JOINT1
0.835 5 0.014203 HEAD_JOINT1
0.84 4 0.0141942 HEAD_JOINT1
0.845 4 0.0141854 HEAD_JOINT1
0.85 4 0.0141768 HEAD_JOINT1
0.855 4 0.0141683 HEAD_JOINT1
0.86 4 0.0141598 HEAD_JOINT1
0.865 4 0.0141515 HEAD_JOINT1
0.87 4 0.0141433 HEAD_JOINT1
0.875 4 0.0141352 HEAD_JOINT1
0.88 4 0.0141273 HEAD_JOINT1
0.885 4 0.0141194 HEAD_JOINT1
0.89 4 0.0141118 HEAD_JOINT1
0.895 3 0.0141044 HEAD_JOINT1
0.9 3 0.0140972 HEAD_JOINT1
0.905 3 0.0140901 HEAD_JOINT1
0.91 3 0.0140831 HEAD_JOINT1
0.915 3 0.0140763 HEAD_JOINT1
0.92 3 0.0140695 HEAD_JOINT1
0.925 3 0.0140629 HEAD_JOINT1
0.93 3 0.0140564 HEAD_JOINT1
0.935 3 0.01405 HEAD_JOINT1
0.94 3 0.0140437 HEAD_JOINT1
0.945 3 0.0140376 HEAD_JOINT1
0.95 3 0.0140315 HEAD_JOINT1
0.955 3 0.0140256 HEAD_JOINT1
0.96 3 0.0140198 HEAD_JOINT1
0.965 3 0.0140141 HEAD_JOINT1
0.97 3 0.0140085 HEAD_JOINT1
0.975 3 0.014003 HEAD_JOINT1
0.98 3 0.0139977 HEAD_JOINT1
0.985 3 0.0139925 HEAD_JOINT1
0.99 3 0.0139874 HEAD_JOINT1
0.995 3 0.0139824 HEAD_JOINT1
1 3 0.0139775 HEAD_JOINT1
1.005 3 0.0139727 HEAD_JOINT1
1.01 3 0.0139681 HEAD_JOINT1
1.015 3 0.0139635 HEAD_JOINT1
1.02 2 0.0139591 HEAD_JOINT1
1.025 2 0.0139548 HEAD_JOINT1
1.03 2 0.0139505 HEAD_JOINT1
1.035 2 0.0139464 HEAD_JOINT1
1.04 2 0.0139424 HEAD_JOINT1
1.045 2 0.0139386 HEAD_JOINT1
1.05 2 0.0139348 HEAD_JOINT1
1.055 2 0.0139311 HEAD_JOINT1
1.06 2 0.0139275 HEAD_JOINT1
1.065 2 0.013924 HEAD_JOINT1
1.07 1 0.0139207 HEAD_JOINT1
1.075 1 0.0139174 HEAD_JOINT1
1.08 1 0.0139142 HEAD_JOINT1
1.085 1 0.0139112 HEAD_JOINT1
1.09 1 0.0139082 HEAD_JOINT1
1.095 1 0.0139053 HEAD_JOINT1
1.1 1 0.0139026 HEAD_JOINT1
1.105 1 0.0138999 HEAD_JOINT1
1.11 1 0.0138973 HEAD_JOINT1
1.115 1 0.0138949 HEAD_JOINT1
1.12 1 0.0138925 HEAD_JOINT1
1.125 1 0.0138902 HEAD_JOINT1
1.13 1 0.013888 HEAD_JOINT1
1.135 1 0.0138859 HEAD_JOINT1
1.14 1 0.0138839 HEAD_JOINT1
1.145 1 0.013882 HEAD_JOINT1
1.15 1 0.0138801 HEAD_JOINT1
1.155 1 0.0138784 HEAD_JOINT1
1.16 1 0.0138768 HEAD_JOINT1
1.165 1 0.0138752 HEAD_JOINT1
1.17 1 0.0138737 HEAD_JOINT1
1.175 1 0.0138723 HEAD_JOINT1
1.18 1 0.0138711 HEAD_JOINT1
1.185 1 0.0138698 HEAD_JOINT1
1.19 1 0.0138687 HEAD_JOINT1
1.195 1 0.0138677 HEAD_JOINT1
1.2 1 0.0138667 HEAD_JOINT1
1.205 1 0.0138659 HEAD_JOINT1
1.21 1 0.0138651 HEAD_JOINT1
1.215 1 0.0138644 HEAD_JOINT1
1.22 1 0.0138638 HEAD_JOINT1
1.225 1 0.0138632 HEAD_JOINT1
1.23 1 0.0138628 HEAD_JOINT1
1.235 1 0.0138624 HEAD_JOINT1
1.24 1 0.0138621 HEAD_JOINT1
1.245 1 0.0138619 HEAD_JOINT1
1.25 1 0.0138617 HEAD_JOINT1
1.255 1 0.0138617 HEAD_JOINT1
1.26 1 0.0138617 HEAD_JOINT1
1.265 1 0.0138618 HEAD_JOINT1
1.27 1 0.013862 HEAD_JOINT1
1.275 1 0.0138622 HEAD_JOINT1
1.28 1 0.0138625 HEAD_JOINT1
1.285 1 0.0138629 HEAD_JOINT1
1.29 1 0.0138634 HEAD_JOINT1
1.295 1 0.013864 HEAD_JOINT1
1.3 1 0.0138646 HEAD_JOINT1
1.305 1 0.0138653 HEAD_JOINT1
1.31 1 0.013866 HEAD_JOINT1
1.315 1 0.0138669 HEAD_JOINT1
1.32 1 0.0138678 HEAD_JOINT1
1.325 1 0.0138688 HEAD_JOINT1
1.33 1 0.0138698 HEAD_JOINT1
1.335 1 0.0138709 HEAD_JOINT1
1.34 1 0.0138721 HEAD_JOINT1
1.345 1 0.0138734 HEAD_JOINT1
1.35 1 0.0138747 HEAD_JOINT1
1.355 1 0.0138761 HEAD_JOINT1
1.36 1 0.0138776 HEAD_JOINT1
1.365 1 0.0138791 HEAD_JOINT1
1.37 1 0.0138807 HEAD_JOINT1
1.375 1 0.0138824 HEAD_JOINT1
1.38 1 0.0138841 HEAD_JOINT1
1.385 1 0.0138859 HEAD_JOINT1
1.39 1 0.0138878 HEAD_JOINT1
1.395 1 0.0138897 HEAD_JOINT1
1.4 1 0.0138917 HEAD_JOINT1
1.405 1 0.0138938 HEAD_JOINT1
1.41 1 0.0138959 HEAD_JOINT1
1.415 1 0.0138981 HEAD_JOINT1
1.42 1 0.0139003 HEAD_JOINT1
1.425 1 0.0139026 HEAD_JOINT1
1.43 1 0.013905 HEAD_JOINT1
1.435 1 0.0139075 HEAD_JOINT1
1.44 1 0.01391 HEAD_JOINT1
1.445 1 0.0139125 HEAD_JOINT1
1.45 1 0.0139152 HEAD_JOINT1
1.455 1 0.0139179 HEAD_JOINT1
1.46 1 0.0139206 HEAD_JOINT1
1.465 1 0.0139234 HEAD_JOINT1
1.47 1 0.0139263 HEAD_JOINT1
1.475 1 0.0139292 HEAD_JOINT1
1.48 1 0.0139322 HEAD_JOINT1
1.485 1 0.0139353 HEAD_JOINT1
1.49 1 0.0139384 HEAD_JOINT1
1.495 1 0.0139416 HEAD_JOINT1
1.5 1 0.0139448 HEAD_JOINT1
1.505 1 0.0139481 HEAD_JOINT1
1.51 1 0.0139514 HEAD_JOINT1
1.515 1 0.0139549 HEAD_JOINT1
1.52 1 0.0139583 HEAD_JOINT1
1.525 1 0.0139619 HEAD_JOINT1
1.53 1 0.0139654 HEAD_JOINT1
1.535 1 0.0139691 HEAD_JOINT1
1.54 1 0.0139728 HEAD_JOINT1
1.545 1 0.0139765 HEAD_JOINT1
1.55 1 0.0139804 HEAD_JOINT1
1.555 1 0.0139842 HEAD_JOINT1
1.56 1 0.0139882 HEAD_JOINT1
1.565 1 0.0139922 HEAD_JOINT1
1.57 1 0.0139962 HEAD_JOINT1
1.575 1 0.0140003 HEAD_JOINT1
1.58 1 0.0140045 HEAD_JOINT1
1.585 1 0.0140087 HEAD_JOINT1
1.59 1 0.014013 HEAD_JOINT1
1.595 1 0.0140173 HEAD_JOINT1
1.6 1 0.0140217 HEAD_JOINT1
1.605 1 0.0140261 HEAD_JOINT1
1.61 1 0.0140306 HEAD_JOINT1
1.615 1 0.0140352 HEAD_JOINT1
1.62 1 0.0140398 HEAD_JOINT1
1.625 1 0.0140445 HEAD_JOINT1
1.63 1 0.0140492 HEAD_JOINT1
1.635 1 0.014054 HEAD_JOINT1
1.64 1 0.0140588 HEAD_JOINT1
1.645 1 0.0140637 HEAD_JOINT1
1.65 1 0.0140687 HEAD_JOINT1
1.655 1 0.0140737 HEAD_JOINT1
1.66 1 0.0140788 HEAD_JOINT1
1.665 1 0.0140839 HEAD_JOINT1
1.67 1 0.0140891 HEAD_JOINT1
1.675 1 0.0140943 HEAD_JOINT1
1.68 1 0.0140996 HEAD_JOINT1
1.685 1 0.014105 HEAD_JOINT1
1.69 1 0.0141104 HEAD_JOINT1
1.695 1 0.0141158 HEAD_JOINT1
1.7 1 0.0141213 HEAD_JOINT1
1.705 1 0.0141269 HEAD_JOINT1
1.71 1 0.0141326 HEAD_JOINT1
1.715 1 0.0141383 HEAD_JOINT1
1.72 1 0.014144 HEAD_JOINT1
1.725 1 0.0141498 HEAD_JOINT1
1.73 1 0.0141557 HEAD_JOINT1
1.735 1 0.0141616 HEAD_JOINT1
1.74 1 0.0141676 HEAD_JOINT1
1.745 1 0.0141736 HEAD_JOINT1
1.75 1 0.0141797 HEAD_JOINT1
1.755 1 0.0141859 HEAD_JOINT1
1.76 1 0.0141921 HEAD_JOINT1
1.765 1 0.0141984 HEAD_JOINT1
1.77 1 0.0142047 HEAD_JOINT1
1.775 1 0.0142111 HEAD_JOINT1
1.78 1 0.0142176 HEAD_JOINT1
1.785 1 0.0142241 HEAD_JOINT1
1.79 1 0.0142307 HEAD_JOINT1
1.795 1 0.0142373 HEAD_JOINT1
1.8 1 0.014244 HEAD_JOINT1
1.805 1 0.0142508 HEAD_JOINT1
1.81 1 0.0142576 HEAD_JOINT1
1.815 1 0.0142645 HEAD_JOINT1
1.82 1 0.0142714 HEAD_JOINT1
1.825 1 0.0142784 HEAD_JOINT1
1.83 1 0.0142855 HEAD_JOINT1
1.835 1 0.0142926 HEAD_JOINT1
1.84 1 0.0142998 HEAD_JOINT1
1.845 1 0.0143071 HEAD_JOINT1
1.85 1 0.0143144 HEAD_JOINT1
1.855 1 0.0143218 HEAD_JOINT1
1.86 1 0.0143292 HEAD_JOINT1
1.865 1 0.0143367 HEAD_JOINT1
1.87 1 0.0143443 HEAD_JOINT1
1.875 1 0.014352 HEAD_JOINT1
1.88 1 0.0143597 HEAD_JOINT1
1.885 1 0.0143674 HEAD_JOINT1
1.89 1 0.0143753 HEAD_JOINT1
1.895 1 0.0143832 HEAD_JOINT1
1.9 1 0.0143912 HEAD_JOINT1
1.905 1 0.0143992 HEAD_JOINT1
1.91 1 0.0144074 HEAD_JOINT1
1.915 1 0.0144155 HEAD_JOINT1
1.92 1 0.0144238 HEAD_JOINT1
1.925 1 0.0144321 HEAD_JOINT1
1.93 1 0.0144405 HEAD_JOINT1
1.935 1 0.014449 HEAD_JOINT1
1.94 1 0.0144575 HEAD_JOINT1
1.945 1 0.0144662 HEAD_JOINT1
1.95 1 0.0144748 HEAD_JOINT1
1.955 1 0.0144836 HEAD_JOINT1
1.96 1 0.0144924 HEAD_JOINT1
1.965 1 0.0145013 HEAD_JOINT1
1.97 1 0.0145103 HEAD_JOINT1
1.975 1 0.0145194 HEAD_JOINT1
1.98 1 0.0145285 HEAD_JOINT1
1.985 1 0.0145377 HEAD_JOINT1
1.99 1 0.014547 HEAD_JOINT1
1.995 1 0.0145564 HEAD_JOINT1
2 1 0.0145659 HEAD_JOINT1
2.005 1 0.0145754 HEAD_JOINT1
2.01 1 0.014585 HEAD_JOINT1
2.015 1 0.0145947 HEAD_JOINT1
2.02 2 0.0146045 HEAD_JOINT1
2.025 2 0.0146143 HEAD_JOINT1
2.03 2 0.0146243 HEAD_JOINT1
2.035 2 0.0146343 HEAD_JOINT1
2.04 2 0.0146444 HEAD_JOINT1
2.045 2 0.0146546 HEAD_JOINT1
2.05 2 0.0146649 HEAD_JOINT1
2.055 2 0.0146753 HEAD_JOINT1
2.06 2 0.0146858 HEAD_JOINT1
2.065 2 0.0146963 HEAD_JOINT1
2.07 2 0.014707 HEAD_JOINT1
2.075 2 0.0147177 HEAD_JOINT1
2.08 2 0.0147285 HEAD_JOINT1
2.085 2 0.0147394 HEAD_JOINT1
2.09 2 0.0147505 HEAD_JOINT1
2.095 2 0.0147616 HEAD_JOINT1
2.1 2 0.0147727 HEAD_JOINT1
2.105 2 0.014784 HEAD_JOINT1
2.11 2 0.0147954 HEAD_JOINT1
2.115 2 0.0148069 HEAD_JOINT1
2.12 2 0.0148184 HEAD_JOINT1
2.125 2 0.0148301 HEAD_JOINT1
2.13 2 0.0148419 HEAD_JOINT1
2.135 2 0.0148537 HEAD_JOINT1
2.14 2 0.0148657 HEAD_JOINT1
2.145 2 0.0148777 HEAD_JOINT1
2.15 2 0.0148899 HEAD_JOINT1
2.155 2 0.0149021 HEAD_JOINT1
2.16 2 0.0149144 HEAD_JOINT1
2.165 2 0.0149269 HEAD_JOINT1
2.17 2 0.0149394 HEAD_JOINT1
2.175 2 0.0149521 HEAD_JOINT1
2.18 2 0.0149648 HEAD_JOINT1
2.185 2 0.0149777 HEAD_JOINT1
2.19 2 0.0149906 HEAD_JOINT1
2.195 2 0.0150037 HEAD_JOINT1
2.2 2 0.0150168 HEAD_JOINT1
2.205 2 0.0150301 HEAD_JOINT1
2.21 2 0.0150434 HEAD_JOINT1
2.215 2 0.0150569 HEAD_JOINT1
2.22 2 0.0150705 HEAD_JOINT1
2.225 2 0.0150842 HEAD_JOINT1
2.23 2 0.015098 HEAD_JOINT1
2.235 2 0.0151118 HEAD_JOINT1
2.24 2 0.0151258 HEAD_JOINT1
2.245 2 0.01514 HEAD_JOINT1
2.25 2 0.0151542 HEAD_JOINT1
2.255 2 0.0151685 HEAD_JOINT1
2.26 2 0.0151829 HEAD_JOINT1
2.265 2 0.0151975 HEAD_JOINT1
2.27 2 0.0152121 HEAD_JOINT1
2.275 2 0.0152269 HEAD_JOINT1
2.28 2 0.0152418 HEAD_JOINT1
2.285 2 0.0152568 HEAD_JOINT1
2.29 2 0.0152719 HEAD_JOINT1
2.295 2 0.0152871 HEAD_JOINT1
2.3 2 0.0153024 HEAD_JOINT1
2.305 2 0.0153179 HEAD_JOINT1
2.31 2 0.0153334 HEAD_JOINT1
2.315 2 0.0153491 HEAD_JOINT1
2.32 2 0.0153649 HEAD_JOINT1
2.325 2 0.0153808 HEAD_JOINT1
2.33 2 0.0153968 HEAD_JOINT1
2.335 2 0.0154129 HEAD_JOINT1
2.34 2 0.0154292 HEAD_JOINT1
2.345 2 0.0154456 HEAD_JOINT1
2.35 2 0.0154621 HEAD_JOINT1
2.355 2 0.0154787 HEAD_JOINT1
2.36 2 0.0154954 HEAD_JOINT1
2.365 2 0.0155123 HEAD_JOINT1
2.37 2 0.0155292 HEAD_JOINT1
2.375 2 0.0155463 HEAD_JOINT1
2.38 2 0.0155636 HEAD_JOINT1
2.385 2 0.0155809 HEAD_JOINT1
2.39 2 0.0155984 HEAD_JOINT1
2.395 2 0.0156159 HEAD_JOINT1
2.4 2 0.0156336 HEAD_JOINT1
2.405 2 0.0156515 HEAD_JOINT1
2.41 2 0.0156694 HEAD_JOINT1
2.415 2 0.0156875 HEAD_JOINT1
2.42 2 0.0157057 HEAD_JOINT1
2.425 2 0.015724 HEAD_JOINT1
2.43 2 0.0157425 HEAD_JOINT1
2.435 2 0.0157611 HEAD_JOINT1
2.44 2 0.0157798 HEAD_JOINT1
2.445 2 0.0157986 HEAD_JOINT1
2.45 2 0.0158176 HEAD_JOINT1
2.455 2 0.0158367 HEAD_JOINT1
2.46 2 0.0158559 HEAD_JOINT1
2.465 2 0.0158753 HEAD_JOINT1
2.47 2 0.0158948 HEAD_JOINT1
2.475 2 0.0159144 HEAD_JOINT1
2.48 2 0.0159341 HEAD_JOINT1
2.485 2 0.015954 HEAD_JOINT1
2.49 2 0.015974 HEAD_JOINT1
2.495 2 0.0159942 HEAD_JOINT1
2.5 2 0.0160145 HEAD_JOINT1
2.505 2 0.0160349 HEAD_JOINT1
2.51 2 0.0160554 HEAD_JOINT1
2.515 2 0.0160761 HEAD_JOINT1
2.52 2 0.0160969 HEAD_JOINT1
2.525 2 0.0161179 HEAD_JOINT1
2.53 2 0.0161389 HEAD_JOINT1
2.535 2 0.0161602 HEAD_JOINT1
2.54 2 0.0161815 HEAD_JOINT1
2.545 2 0.016203 HEAD_JOINT1
2.55 2 0.0162246 HEAD_JOINT1
2.555 2 0.0162464 HEAD_JOINT1
2.56 2 0.0162683 HEAD_JOINT1
2.565 2 0.0162904 HEAD_JOINT1
2.57 2 0.0163125 HEAD_JOINT1
2.575 2 0.0163349 HEAD_JOINT1
2.58 2 0.0163573 HEAD_JOINT1
2.585 2 0.0163799 HEAD_JOINT1
2.59 2 0.0164027 HEAD_JOINT1
2.595 2 0.0164255 HEAD_JOINT1
2.6 2 0.0164486 HEAD_JOINT1
2.605 2 0.0164717 HEAD_JOINT1
2.61 2 0.0164951 HEAD_JOINT1
2.615 2 0.0165185 HEAD_JOINT1
2.62 2 0.0165421 HEAD_JOINT1
2.625 2 0.0165658 HEAD_JOINT1
2.63 2 0.0165897 HEAD_JOINT1
2.635 2 0.0166138 HEAD_JOINT1
2.64 2 0.0166379 HEAD_JOINT1
2.645 2 0.0166622 HEAD_JOINT1
2.65 2 0.0166867 HEAD_JOINT1
2.655 2 0.0167113 HEAD_JOINT1
2.66 2 0.0167361 HEAD_JOINT1
2.665 2 0.016761 HEAD_JOINT1
2.67 2 0.016786 HEAD_JOINT1
2.675 2 0.0168112 HEAD_JOINT1
2.68 2 0.0168366 HEAD_JOINT1
2.685 2 0.016862 HEAD_JOINT1
2.69 2 0.0168877 HEAD_JOINT1
2.695 2 0.0169135 HEAD_JOINT1
2.7 2 0.0169394 HEAD_JOINT1
2.705 2 0.0169655 HEAD_JOINT1
2.71 2 0.0169917 HEAD_JOINT1
2.715 2 0.0170181 HEAD_JOINT1
2.72 2 0.0170447 HEAD_JOINT1
2.725 2 0.0170714 HEAD_JOINT1
2.73 2 0.0170982 HEAD_JOINT1
2.735 2 0.0171252 HEAD_JOINT1
2.74 2 0.0171523 HEAD_JOINT1
2.745 2 0.0171796 HEAD_JOINT1
2.75 2 0.0172071 HEAD_JOINT1
2.755 2 0.0172347 HEAD_JOINT1
2.76 2 0.0172624 HEAD_JOINT1
2.765 2 0.0172904 HEAD_JOINT1
2.77 2 0.0173184 HEAD_JOINT1
2.775 2 0.0173466 HEAD_JOINT1
2.78 2 0.017375 HEAD_JOINT1
2.785 2 0.0174035 HEAD_JOINT1
2.79 2 0.0174322 HEAD_JOINT1
2.795 2 0.0174611 HEAD_JOINT1
2.8 2 0.0174901 HEAD_JOINT1
2.805 2 0.0175192 HEAD_JOINT1
2.81 2 0.0175485 HEAD_JOINT1
2.815 2 0.017578 HEAD_JOINT1
2.82 2 0.0175686 RARM_JOINT3
2.825 2 0.0175521 RARM_JOINT3
2.83 2 0.0175355 RARM_JOINT3
2.835 2 0.0175189 RARM_JOINT3
2.84 2 0.0175023 RARM_JOINT3
2.845 2 0.0174856 RARM_JOINT3
2.85 2 0.017469 RARM_JOINT3
2.855 2 0.0174523 RARM_JOINT3
2.86 2 0.0174356 RARM_JOINT3
2.865 2 0.017419 RARM_JOINT3
2.87 2 0.0174023 RARM_JOINT3
2.875 2 0.0173855 RARM_JOINT3
2.88 2 0.0173688 RARM_JOINT3
2.885 2 0.0173521 RARM_JOINT3
2.89 2 0.0173353 RARM_JOINT3
2.895 2 0.0173185 RARM_JOINT3
2.9 2 0.0173018 RARM_JOINT3
2.905 2 0.017285 RARM_JOINT3
2.91 2 0.0172682 RARM_JOINT3
2.915 2 0.0172513 RARM_JOINT3
2.92 2 0.0172345 RARM_JOINT3
2.925 2 0.0172177 RARM_JOINT3
2.93 2 0.0172008 RARM_JOINT3
2.935 2 0.0171839 RARM_JOINT3
2.94 2 0.017167 RARM_JOINT3
2.945 2 0.0171501 RARM_JOINT3
2.95 2 0.0171332 RARM_JOINT3
2.955 2 0.0171163 RARM_JOINT3
2.96 2 0.0170994 RARM_JOINT3
2.965 2 0.0170824 RARM_JOINT3
2.97 2 0.0170655 RARM_JOINT3
2.975 2 0.0170485 RARM_JOINT3
2.98 2 0.0170315 RARM_JOINT3
2.985 2 0.0170145 RARM_JOINT3
2.99 2 0.0169975 RARM_JOINT3
2.995 2 0.0169805 RARM_JOINT3
3 2 0.0169635 RARM_JOINT3
3.005 2 0.0169464 RARM_JOINT3
3.01 2 0.0169293 RARM_JOINT3
3.015 2 0.0169123 RARM_JOINT3
3.02 2 0.0168952 RARM_JOINT3
3.025 2 0.0168781 RARM_JOINT3
3.03 2 0.016861 RARM_JOINT3
3.035 2 0.0168438 RARM_JOINT3
3.04 2 0.0168267 RARM_JOINT3
3.045 2 0.0168095 RARM_JOINT3
3.05 2 0.0167923 RARM_JOINT3
3.055 2 0.0167751 RARM_JOINT3
3.06 2 0.0167579 RARM_JOINT3
3.065 2 0.0167407 RARM_JOINT3
3.07 2 0.0167234 RARM_JOINT3
3.075 2 0.0167062 RARM_JOINT3
3.08 2 0.0166889 RARM_JOINT3
3.085 2 0.0166716 RARM_JOINT3
3.09 2 0.0166543 RARM_JOINT3
3.095 2 0.0166369 RARM_JOINT3
3.1 2 0.0166196 RARM_JOINT3
3.105 2 0.0166022 RARM_JOINT3
3.11 2 0.0165848 RARM_JOINT3
3.115 2 0.0165674 RARM_JOINT3
3.12 2 0.01655 RARM_JOINT3
3.125 2 0.0165325 RARM_JOINT3
3.13 2 0.016515 RARM_JOINT3
3.135 2 0.0164975 RARM_JOINT3
3.14 2 0.01648 RARM_JOINT3
3.145 2 0.0164625 RARM_JOINT3
3.15 2 0.0164449 RARM_JOINT3
3.155 2 0.0164273 RARM_JOINT3
3.16 2 0.0164097 RARM_JOINT3
3.165 2 0.0163921 RARM_JOINT3
3.17 1 0.0163745 RARM_JOINT3
3.175 1 0.0163568 RARM_JOINT3
3.18 1 0.0163391 RARM_JOINT3
3.185 1 0.0163214 RARM_JOINT3
3.19 1 0.0163036 RARM_JOINT3
3.195 1 0.0162859 RARM_JOINT3
3.2 1 0.0162681 RARM_JOINT3
3.205 1 0.0162502 RARM_JOINT3
3.21 1 0.0162324 RARM_JOINT3
3.215 1 0.0162145 RARM_JOINT3
3.22 1 0.0161966 RARM_JOINT3
3.225 1 0.0161787 RARM_JOINT3
3.23 1 0.0161608 RARM_JOINT3
3.235 1 0.0161428 RARM_JOINT3
3.24 1 0.0161248 RARM_JOINT3
3.245 1 0.0161067 RARM_JOINT3
3.25 1 0.0160887 RARM_JOINT3
3.255 1 0.0160706 RARM_JOINT3
3.26 1 0.0160525 RARM_JOINT3
3.265 1 0.0160343 RARM_JOINT3
3.27 1 0.0160162 RARM_JOINT3
3.275 1 0.0159979 RARM_JOINT3
3.28 1 0.0159797 RARM_JOINT3
3.285 1 0.0159614 RARM_JOINT3
3.29 1 0.0159431 RARM_JOINT3
3.295 1 0.0159248 RARM_JOINT3
3.3 1 0.0159065 RARM_JOINT3
3.305 1 0.0158881 RARM_JOINT3
3.31 1 0.0158696 RARM_JOINT3
3.315 1 0.0158512 RARM_JOINT3
3.32 1 0.0158327 RARM_JOINT3
3.325 1 0.0158142 RARM_JOINT3
3.33 1 0.0157956 RARM_JOINT3
3.335 1 0.015777 RARM_JOINT3
3.34 1 0.0157584 RARM_JOINT3
3.345 1 0.0157398 RARM_JOINT3
3.35 2 0.0157211 RARM_JOINT3
3.355 2 0.0157023 RARM_JOINT3
3.36 2 0.0156836 RARM_JOINT3
3.365 2 0.0156648 RARM_JOINT3
3.37 2 0.0156459 RARM_JOINT3
3.375 2 0.0156271 RARM_JOINT3
3.38 3 0.0156082 RARM_JOINT3
3.385 3 0.0155892 RARM_JOINT3
3.39 3 0.0155702 RARM_JOINT3
3.395 3 0.0155512 RARM_JOINT3
3.4 3 0.0155321 RARM_JOINT3
3.405 3 0.015513 RARM_JOINT3
3.41 3 0.0154939 RARM_JOINT3
3.415 3 0.0154747 RARM_JOINT3
3.42 3 0.0154555 RARM_JOINT3
3.425 3 0.0154363 RARM_JOINT3
3.43 3 0.015417 RARM_JOINT3
3.435 3 0.0153976 RARM_JOINT3
3.44 3 0.0153782 RARM_JOINT3
3.445 3 0.0153588 RARM_JOINT3
3.45 3 0.0153393 RARM_JOINT3
3.455 3 0.0153198 RARM_JOINT3
3.46 3 0.0153003 RARM_JOINT3
3.465 3 0.0152807 RARM_JOINT3
3.47 3 0.0152611 RARM_JOINT3
3.475 3 0.0152414 RARM_JOINT3
3.48 3 0.0152216 RARM_JOINT3
3.485 3 0.0152019 RARM_JOINT3
3.49 3 0.0151821 RARM_JOINT3
3.495 3 0.0151622 RARM_JOINT3
3.5 3 0.0151423 RARM_JOINT3
3.505 3 0.0151223 RARM_JOINT3
3.51 3 0.0151023 RARM_JOINT3
3.515 3 0.0150823 RARM_JOINT3
3.52 3 0.0150622 RARM_JOINT3
3.525 3 0.015042 RARM_JOINT3
3.53 3 0.0150218 RARM_JOINT3
3.535 3 0.0150016 RARM_JOINT3
3.54 3 0.0149813 RARM_JOINT3
3.545 3 0.014961 RARM_JOINT3
3.55 3 0.0149406 RARM_JOINT3
3.555 3 0.0149201 RARM_JOINT3
3.56 3 0.0148996 RARM_JOINT3
3.565 3 0.0148791 RARM_JOINT3
3.57 4 0.0148585 RARM_JOINT3
3.575 4 0.0148379 RARM_JOINT3
3.58 4 0.0148172 RARM_JOINT3
3.585 4 0.0147964 RARM_JOINT3
3.59 4 0.0147756 RARM_JOINT3
3.595 4 0.0147548 RARM_JOINT3
3.6 4 0.0147338 RARM_JOINT3
3.605 4 0.0147129 RARM_JOINT3
3.61 4 0.0146919 RARM_JOINT3
3.615 4 0.0146708 RARM_JOINT3
3.62 4 0.0146496 RARM_JOINT3
3.625 4 0.0146285 RARM_JOINT3
3.63 4 0.0146072 RARM_JOINT3
3.635 4 0.0145859 RARM_JOINT3
3.64 4 0.0145646 RARM_JOINT3
3.645 4 0.0145431 RARM_JOINT3
3.65 4 0.0145217 RARM_JOINT3
3.655 4 0.0145001 RARM_JOINT3
3.66 4 0.0144785 RARM_JOINT3
3.665 4 0.0144569 RARM_JOINT3
3.67 4 0.0144352 RARM_JOINT3
3.675 4 0.0144134 RARM_JOINT3
3.68 4 0.0143916 RARM_JOINT3
3.685 4 0.0143697 RARM_JOINT3
3.69 4 0.0143477 RARM_JOINT3
3.695 4 0.0143257 RARM_JOINT3
3.7 4 0.0143037 RARM_JOINT3
3.705 4 0.0142815 RARM_JOINT3
3.71 4 0.0142593 RARM_JOINT3
3.715 4 0.0142371 RARM_JOINT3
3.72 4 0.0142147 RARM_JOINT3
3.725 4 0.0141923 RARM_JOINT3
3.73 4 0.0141699 RARM_JOINT3
3.735 4 0.0141474 RARM_JOINT3
3.74 4 0.0141248 RARM_JOINT3
3.745 4 0.0141021 RARM_JOINT3
3.75 4 0.0140794 RARM_JOINT3
3.755 4 0.0140566 RARM_JOINT3
3.76 4 0.0140338 RARM_JOINT3
3.765 4 0.0140108 RARM_JOINT3
3.77 4 0.0139879 RARM_JOINT3
3.775 4 0.0139648 RARM_JOINT3
3.78 4 0.0139417 RARM_JOINT3
3.785 4 0.0139185 RARM_JOINT3
3.79 4 0.0138952 RARM_JOINT3
3.795 4 0.0138719 RARM_JOINT3
3.8 4 0.0138485 RARM_JOINT3
3.805 4 0.013825 RARM_JOINT3
3.81 4 0.0138015 RARM_JOINT3
3.815 4 0.0137778 RARM_JOINT3
3.82 4 0.0137542 RARM_JOINT3
3.825 4 0.0137304 RARM_JOINT3
3.83 4 0.0137066 RARM_JOINT3
3.835 4 0.0136827 RARM_JOINT3
3.84 4 0.0136587 RARM_JOINT3
3.845 4 0.0136346 RARM_JOINT3
3.85 4 0.0136105 RARM_JOINT3
3.855 4 0.0135863 RARM_JOINT3
3.86 4 0.013562 RARM_JOINT3
3.865 4 0.0135377 RARM_JOINT3
3.87 4 0.0135132 RARM_JOINT3
3.875 4 0.0134887 RARM_JOINT3
3.88 4 0.0134641 RARM_JOINT3
3.885 4 0.0134395 RARM_JOINT3
3.89 4 0.0134147 RARM_JOINT3
3.895 4 0.0133899 RARM_JOINT3
3.9 4 0.013365 RARM_JOINT3
3.905 4 0.0133401 RARM_JOINT3
3.91 4 0.013315 RARM_JOINT3
3.915 4 0.0132899 RARM_JOINT3
3.92 4 0.0132647 RARM_JOINT3
3.925 4 0.0132394 RARM_JOINT3
3.93 4 0.013214 RARM_JOINT3
3.935 4 0.0131885 RARM_JOINT3
3.94 4 0.013163 RARM_JOINT3
3.945 4 0.0131374 RARM_JOINT3
3.95 4 0.0131117 RARM_JOINT3
3.955 4 0.0130859 RARM_JOINT3
3.96 4 0.01306 RARM_JOINT3
3.965 4 0.0130341 RARM_JOINT3
3.97 4 0.0130081 RARM_JOINT3
3.975 4 0.012982 RARM_JOINT3
3.98 4 0.0129558 RARM_JOINT3
3.985 4 0.0129295 RARM_JOINT3
3.99 4 0.0129032 RARM_JOINT3
3.995 4 0.0128767 RARM_JOINT3
4 4 0.0128502 RARM_JOINT3
4.005 4 0.0128236 RARM_JOINT3
4.01 4 0.012797 RARM_JOINT3
4.015 4 0.0127702 RARM_JOINT3
4.02 4 0.0127434 RARM_JOINT3
4.025 4 0.0127165 RARM_JOINT3
4.03 4 0.0126896 RARM_JOINT3
4.035 4 0.0126625 RARM_JOINT3
4.04 4 0.0126354 RARM_JOINT3
4.045 4 0.0126083 RARM_JOINT3
4.05 4 0.012581 RARM_JOINT3
4.055 4 0.0125537 RARM_JOINT3
4.06 4 0.0125263 RARM_JOINT3
4.065 4 0.0124988 RARM_JOINT3
4.07 4 0.0124713 RARM_JOINT3
4.075 4 0.0124437 RARM_JOINT3
4.08 4 0.012416 RARM_JOINT3
4.085 4 0.0123883 RARM_JOINT3
4.09 4 0.0123605 RARM_JOINT3
4.095 4 0.0123326 RARM_JOINT3
4.1 4 0.0123047 RARM_JOINT3
4.105 4 0.0122767 RARM_JOINT3
4.11 4 0.0122486 RARM_JOINT3
4.115 4 0.0122205 RARM_JOINT3
4.12 4 0.0121924 RARM_JOINT3
4.125 4 0.0121641 RARM_JOINT3
4.13 5 0.0121358 RARM_JOINT3
4.135 5 0.0121075 RARM_JOINT3
4.14 5 0.0120791 RARM_JOINT3
4.145 5 0.0120506 RARM_JOINT3
4.15 5 0.0120221 RARM_JOINT3
4.155 5 0.0119935 RARM_JOINT3
4.16 5 0.0119649 RARM_JOINT3
4.165 5 0.0119362 RARM_JOINT3
4.17 5 0.0119074 RARM_JOINT3
4.175 5 0.0118786 RARM_JOINT3
4.18 5 0.0118498 RARM_JOINT3
4.185 5 0.0118209 RARM_JOINT3
4.19 5 0.0117919 RARM_JOINT3
4.195 5 0.011763 RARM_JOINT3
4.2 5 0.0117339 RARM_JOINT3
4.205 5 0.0117048 RARM_JOINT3
4.21 6 0.0116757 RARM_JOINT3
4.215 6 0.0116465 RARM_JOINT3
4.22 6 0.0116173 RARM_JOINT3
4.225 6 0.011588 RARM_JOINT3
4.23 6 0.0115587 RARM_JOINT3
4.235 6 0.0115293 RARM_JOINT3
4.24 6 0.0114999 RARM_JOINT3
4.245 6 0.0114705 RARM_JOINT3
4.25 7 0.011441 RARM_JOINT3
4.255 7 0.0114115 RARM_JOINT3
4.26 7 0.0113819 RARM_JOINT3
4.265 7 0.0113523 RARM_JOINT3
4.27 7 0.0113227 RARM_JOINT3
4.275 7 0.011293 RARM_JOINT3
4.28 7 0.0112633 RARM_JOINT3
4.285 7 0.0112336 RARM_JOINT3
4.29 7 0.0112038 RARM_JOINT3
4.295 7 0.011174 RARM_JOINT3
4.3 7 0.0111442 RARM_JOINT3
4.305 7 0.0111143 RARM_JOINT3
4.31 7 0.0110844 RARM_JOINT3
4.315 7 0.0110544 RARM_JOINT3
4.32 7 0.0110245 RARM_JOINT3
4.325 7 0.0109945 RARM_JOINT3
4.33 7 0.0109645 RARM_JOINT3
4.335 7 0.0109344 RARM_JOINT3
4.34 7 0.0109043 RARM_JOINT3
4.345 7 0.0108742 RARM_JOINT3
4.35 7 0.0108441 RARM_JOINT3
4.355 7 0.010814 RARM_JOINT3
4.36 7 0.0107838 RARM_JOINT3
4.365 7 0.0107536 RARM_JOINT3
4.37 7 0.0107234 RARM_JOINT3
4.375 7 0.0106931 RARM_JOINT3
4.38 7 0.0106629 RARM_JOINT3
4.385 7 0.0106326 RARM_JOINT3
4.39 7 0.0106023 RARM_JOINT3
4.395 7 0.010572 RARM_JOINT3
4.4 7 0.0105416 RARM_JOINT3
4.405 7 0.0105113 RARM_JOINT3
4.41 7 0.0104809 RARM_JOINT3
4.415 7 0.0104505 RARM_JOINT3
4.42 7 0.0104201 RARM_JOINT3
4.425 7 0.0103897 RARM_JOINT3
4.43 7 0.0103593 RARM_JOINT3
4.435 7 0.0103288 RARM_JOINT3
4.44 7 0.0102984 RARM_JOINT3
4.445 7 0.0102679 RARM_JOINT3
4.45 7 0.0102375 RARM_JOINT3
4.455 7 0.010207 RARM_JOINT3
4.46 7 0.0101765 RARM_JOINT3
4.465 7 0.010146 RARM_JOINT3
4.47 7 0.0101155 RARM_JOINT3
4.475 7 0.010085 RARM_JOINT3
4.48 7 0.0100545 RARM_JOINT3
4.485 7 0.010024 RARM_JOINT3
4.49 7 0.00999355 RARM_JOINT3
4.495 7 0.00996339 RARM_JOINT3
4.5 7 0.00993347 RARM_JOINT3
4.505 7 0.00990381 RARM_JOINT3
4.51 7 0.00987439 RARM_JOINT3
4.515 7 0.00984523 RARM_JOINT3
4.52 7 0.00981632 RARM_JOINT3
4.525 8 0.00978767 RARM_JOINT3
4.53 8 0.00975927 RARM_JOINT3
4.535 8 0.00973113 RARM_JOINT3
4.54 8 0.00970325 RARM_JOINT3
4.545 8 0.00967563 RARM_JOINT3
4.55 8 0.00964827 RARM_JOINT3
4.555 8 0.00962118 RARM_JOINT3
4.56 8 0.00959435 RARM_JOINT3
4.565 8 0.00956779 RARM_JOINT3
4.57 8 0.0095415 RARM_JOINT3
4.575 8 0.00951547 RARM_JOINT3
4.58 8 0.00948973 RARM_JOINT3
4.585 8 0.00946425 RARM_JOINT3
4.59 8 0.00943905 RARM_JOINT3
4.595 8 0.00941413 RARM_JOINT3
4.6 9 0.00938948 RARM_JOINT3
4.605 9 0.00936531 RARM_JOINT3
4.61 9 0.00934167 RARM_JOINT3
4.615 9 0.00931856 RARM_JOINT3
4.62 9 0.00929597 RARM_JOINT3
4.625 9 0.00927387 RARM_JOINT3
4.63 9 0.00925227 RARM_JOINT3
4.635 9 0.00923114 RARM_JOINT3
4.64 9 0.00921047 RARM_JOINT3
4.645 9 0.00919027 RARM_JOINT3
4.65 9 0.00917051 RARM_JOINT3
4.655 9 0.00915119 RARM_JOINT3
4.66 9 0.00913231 RARM_JOINT3
4.665 9 0.00911385 RARM_JOINT3
4.67 9 0.00909581 RARM_JOINT3
4.675 9 0.00907818 RARM_JOINT3
4.68 9 0.00906096 RARM_JOINT3
4.685 9 0.00904415 RARM_JOINT3
4.69 9 0.00902773 RARM_JOINT3
4.695 9 0.00901171 RARM_JOINT3
4.7 9 0.00899608 RARM_JOINT3
4.705 9 0.00898085 RARM_JOINT3
4.71 9 0.008966 RARM_JOINT3
4.715 10 0.00895153 RARM_JOINT3
4.72 10 0.00893745 RARM_JOINT3
4.725 10 0.00892376 RARM_JOINT3
4.73 10 0.00891044 RARM_JOINT3
4.735 10 0.0088975 RARM_JOINT3
4.74 10 0.00888494 RARM_JOINT3
4.745 10 0.00887276 RARM_JOINT3
4.75 10 0.00886095 RARM_JOINT3
4.755 10 0.00884952 RARM_JOINT3
4.76 10 0.00883847 RARM_JOINT3
4.765 10 0.0088278 RARM_JOINT3
4.77 10 0.0088175 RARM_JOINT3
4.775 10 0.00880758 RARM_JOINT3
4.78 10 0.00879803 RARM_JOINT3
4.785 10 0.00878886 RARM_JOINT3
4.79 10 0.00878007 RARM_JOINT3
4.795 10 0.00877166 RARM_JOINT3
4.8 10 0.00876363 RARM_JOINT3
4.805 10 0.00875597 RARM_JOINT3
4.81 10 0.0087487 RARM_JOINT3
4.815 10 0.00874181 RARM_JOINT3
4.82 10 0.00873529 RARM_JOINT3
4.825 10 0.00872917 RARM_JOINT3
4.83 10 0.00872342 RARM_JOINT3
4.835 10 0.00871806 RARM_JOINT3
4.84 10 0.00871309 RARM_JOINT3
4.845 10 0.0087085 RARM_JOINT3
4.85 10 0.0087043 RARM_JOINT3
4.855 10 0.00870049 RARM_JOINT3
4.86 10 0.00869707 RARM_JOINT3
4.865 10 0.00869404 RARM_JOINT3
4.87 10 0.0086914 RARM_JOINT3
4.875 11 0.00868916 RARM_JOINT3
4.88 11 0.00868731 RARM_JOINT3
4.885 11 0.00868586 RARM_JOINT3
4.89 11 0.00868481 RARM_JOINT3
4.895 11 0.00868415 RARM_JOINT3
4.9 11 0.0086839 RARM_JOINT3
4.905 11 0.00868405 RARM_JOINT3
4.91 11 0.0086846 RARM_JOINT3
4.915 11 0.00868556 RARM_JOINT3
4.92 11 0.00868692 RARM_JOINT3
4.925 11 0.00868869 RARM_JOINT3
4.93 11 0.00869087 RARM_JOINT3
4.935 11 0.00869346 RARM_JOINT3
4.94 11 0.00869646 RARM_JOINT3
4.945 11 0.00869986 RARM_JOINT3
4.95 11 0.00870366 RARM_JOINT3
4.955 11 0.00870787 RARM_JOINT3
4.96 11 0.00871246 RARM_JOINT3
4.965 11 0.00871746 RARM_JOINT3
4.97 11 0.00872283 RARM_JOINT3
4.975 11 0.00872859 RARM_JOINT3
4.98 11 0.00873473 RARM_JOINT3
4.985 11 0.00874124 RARM_JOINT3
4.99 11 0.00874812 RARM_JOINT3
4.995 11 0.00875536 RARM_JOINT3
5 11 0.00876295 RARM_JOINT3
5.005 11 0.0087709 RARM_JOINT3
5.01 11 0.0087792 RARM_JOINT3
5.015 11 0.00878784 RARM_JOINT3
5.02 11 0.00879681 RARM_JOINT3
5.025 11 0.00880612 RARM_JOINT3
5.03 11 0.00881576 RARM_JOINT3
5.035 11 0.00882572 RARM_JOINT3
5.04 12 0.008836 RARM_JOINT3
5.045 12 0.00884659 RARM_JOINT3
5.05 12 0.0088575 RARM_JOINT3
5.055 12 0.00886871 RARM_JOINT3
5.06 12 0.00888022 RARM_JOINT3
5.065 12 0.00889204 RARM_JOINT3
5.07 12 0.00890415 RARM_JOINT3
5.075 12 0.00891655 RARM_JOINT3
5.08 12 0.00892925 RARM_JOINT3
5.085 13 0.00894222 RARM_JOINT3
5.09 13 0.00891472 HEAD_JOINT1
5.095 13 0.00881466 HEAD_JOINT1
5.1 13 0.00871486 HEAD_JOINT1
5.105 13 0.00861532 HEAD_JOINT1
5.11 13 0.00851605 HEAD_JOINT1
5.115 13 0.00841705 HEAD_JOINT1
5.12 13 0.00831831 HEAD_JOINT1
5.125 13 0.00821985 HEAD_JOINT1
5.13 13 0.00812168 HEAD_JOINT1
5.135 13 0.00802378 HEAD_JOINT1
5.14 14 0.00792617 HEAD_JOINT1
5.145 14 0.00782885 HEAD_JOINT1
5.15 14 0.00773183 HEAD_JOINT1
5.155 14 0.00763512 HEAD_JOINT1
5.16 14 0.0075387 HEAD_JOINT1
5.165 14 0.0074426 HEAD_JOINT1
5.17 14 0.00734682 HEAD_JOINT1
5.175 14 0.00725136 HEAD_JOINT1
5.18 14 0.00715622 HEAD_JOINT1
5.185 14 0.00706142 HEAD_JOINT1
5.19 14 0.00696697 HEAD_JOINT1
5.195 14 0.00687285 HEAD_JOINT1
5.2 14 0.00677909 HEAD_JOINT1
5.205 14 0.00668569 HEAD_JOINT1
5.21 14 0.00659266 HEAD_JOINT1
5.215 14 0.0065 HEAD_JOINT1
5.22 14 0.00640772 HEAD_JOINT1
5.225 14 0.00631582 HEAD_JOINT1
5.23 14 0.00622432 HEAD_JOINT1
5.235 14 0.00613323 HEAD_JOINT1
5.24 14 0.00604254 HEAD_JOINT1
5.245 14 0.00595227 HEAD_JOINT1
5.25 14 0.00586243 HEAD_JOINT1
5.255 14 0.00577302 HEAD_JOINT1
5.26 14 0.00568406 HEAD_JOINT1
5.265 14 0.00559555 HEAD_JOINT1
5.27 14 0.0055075 HEAD_JOINT1
5.275 13 0.00541992 HEAD_JOINT1
5.28 13 0.00533281 HEAD_JOINT1
5.285 13 0.0052462 HEAD_JOINT1
5.29 13 0.00516008 HEAD_JOINT1
5.295 13 0.00507447 HEAD_JOINT1
5.3 13 0.00498938 HEAD_JOINT1
5.305 13 0.00490482 HEAD_JOINT1
5.31 13 0.00482079 HEAD_JOINT1
5.315 13 0.00473731 HEAD_JOINT1
5.32 13 0.00465439 HEAD_JOINT1
5.325 14 0.00457204 HEAD_JOINT1
5.33 14 0.00449027 HEAD_JOINT1
5.335 14 0.00440909 HEAD_JOINT1
5.34 14 0.00432851 HEAD_JOINT1
5.345 14 0.00424855 HEAD_JOINT1
5.35 14 0.00416921 HEAD_JOINT1
5.355 14 0.00409051 HEAD_JOINT1
5.36 14 0.00401245 HEAD_JOINT1
5.365 14 0.00393506 HEAD_JOINT1
5.37 14 0.00385835 HEAD_JOINT1
5.375 14 0.00378231 HEAD_JOINT1
5.38 14 0.00370698 HEAD_JOINT1
5.385 14 0.00363236 HEAD_JOINT1
5.39 14 0.00355846 HEAD_JOINT1
5.395 14 0.00348531 HEAD_JOINT1
5.4 14 0.0034129 HEAD_JOINT1
5.405 14 0.00334125 HEAD_JOINT1
5.41 14 0.00327039 HEAD_JOINT1
5.415 14 0.00320031 HEAD_JOINT1
5.42 14 0.00313105 HEAD_JOINT1
5.425 14 0.0030626 HEAD_JOINT1
5.43 14 0.00299498 HEAD_JOINT1
5.435 14 0.00292822 HEAD_JOINT1
5.44 14 0.00286231 HEAD_JOINT1
5.445 14 0.00279729 HEAD_JOINT1
5.45 14 0.00273316 HEAD_JOINT1
5.455 14 0.00266993 HEAD_JOINT1
5.46 14 0.00260763 HEAD_JOINT1
5.465 14 0.00254627 HEAD_JOINT1
5.47 14 0.00248586 HEAD_JOINT1
5.475 14 0.00242642 HEAD_JOINT1
5.48 14 0.00236797 HEAD_JOINT1
5.485 14 0.00231052 HEAD_JOINT1
5.49 14 0.00225408 HEAD_JOINT1
5.495 14 0.00219868 HEAD_JOINT1
5.5 14 0.00214433 HEAD_JOINT1
5.505 14 0.00209105 HEAD_JOINT1
5.51 14 0.00203885 HEAD_JOINT1
5.515 14 0.00198775 HEAD_JOINT1
5.52 13 0.00193803 HEAD_JOINT1
5.525 13 0.00189035 HEAD_JOINT1
5.53 13 0.0018447 HEAD_JOINT1
5.535 13 0.00180107 HEAD_JOINT1
5.54 13 0.00175944 HEAD_JOINT1
5.545 13 0.00171981 HEAD_JOINT1
5.55 13 0.00168217 HEAD_JOINT1
5.555 13 0.00164652 HEAD_JOINT1
5.56 13 0.00161284 HEAD_JOINT1
5.565 13 0.00158114 HEAD_JOINT1
5.57 13 0.00155139 HEAD_JOINT1
5.575 13 0.00152361 HEAD_JOINT1
5.58 13 0.00149778 HEAD_JOINT1
5.585 13 0.00147389 HEAD_JOINT1
5.59 13 0.00145195 HEAD_JOINT1
5.595 13 0.00143195 HEAD_JOINT1
5.6 13 0.00141388 HEAD_JOINT1
5.605 12 0.00139774 HEAD_JOINT1
5.61 12 0.00138353 HEAD_JOINT1
5.615 12 0.00137125 HEAD_JOINT1
5.62 11 0.00136089 HEAD_JOINT1
5.625 11 0.00135245 HEAD_JOINT1
5.63 11 0.00134593 HEAD_JOINT1
5.635 11 0.00134133 HEAD_JOINT1
5.64 11 0.00133865 HEAD_JOINT1
5.645 11 0.00133788 HEAD_JOINT1
5.65 11 0.00133902 HEAD_JOINT1
5.655 10 0.00134208 HEAD_JOINT1
5.66 10 0.00134705 HEAD_JOINT1
5.665 9 0.00135394 HEAD_JOINT1
5.67 9 0.00136274 HEAD_JOINT1
5.675 9 0.00137345 HEAD_JOINT1
5.68 9 0.00138608 HEAD_JOINT1
5.685 9 0.00140062 HEAD_JOINT1
5.69 9 0.00141709 HEAD_JOINT1
5.695 9 0.00143546 HEAD_JOINT1
5.7 9 0.00145576 HEAD_JOINT1
5.705 9 0.00147798 HEAD_JOINT1
5.71 9 0.00150212 HEAD_JOINT1
5.715 9 0.00152819 HEAD_JOINT1
5.72 9 0.00155618 HEAD_JOINT1
5.725 9 0.0015861 HEAD_JOINT1
5.73 9 0.00161795 HEAD_JOINT1
5.735 8 0.00165174 HEAD_JOINT1
5.74 7 0.00168746 HEAD_JOINT1
5.745 7 0.00172512 HEAD_JOINT1
5.75 7 0.00176472 HEAD_JOINT1
5.755 7 0.00180626 HEAD_JOINT1
5.76 7 0.00184975 HEAD_JOINT1
5.765 7 0.00189518 HEAD_JOINT1
5.77 7 0.00194256 HEAD_JOINT1
5.775 7 0.00199188 HEAD_JOINT1
5.78 8 0.00204316 HEAD_JOINT1
5.785 8 0.00209638 HEAD_JOINT1
5.79 8 0.00215156 HEAD_JOINT1
5.795 8 0.00220868 HEAD_JOINT1
5.8 8 0.00226775 HEAD_JOINT1
5.805 8 0.00232877 HEAD_JOINT1
5.81 8 0.00239174 HEAD_JOINT1
5.815 8 0.00245666 HEAD_JOINT1
5.82 7 0.00252353 HEAD_JOINT1
5.825 7 0.00259234 HEAD_JOINT1
5.83 7 0.0026631 HEAD_JOINT1
5.835 7 0.0027358 HEAD_JOINT1
5.84 7 0.00281044 HEAD_JOINT1
5.845 7 0.00288701 HEAD_JOINT1
5.85 7 0.00296553 HEAD_JOINT1
5.855 7 0.00304597 HEAD_JOINT1
5.86 7 0.00312835 HEAD_JOINT1
5.865 7 0.00321265 HEAD_JOINT1
5.87 7 0.00329887 HEAD_JOINT1
5.875 7 0.00338701 HEAD_JOINT1
5.88 7 0.00347707 HEAD_JOINT1
5.885 7 0.00356903 HEAD_JOINT1
5.89 7 0.0036629 HEAD_JOINT1
5.895 7 0.00375867 HEAD_JOINT1
5.9 7 0.00385634 HEAD_JOINT1
5.905 7 0.00395589 HEAD_JOINT1
5.91 8 0.00405733 HEAD_JOINT1
5.915 8 0.00416064 HEAD_JOINT1
5.92 8 0.00426583 HEAD_JOINT1
5.925 8 0.00437288 HEAD_JOINT1
5.93 8 0.00448178 HEAD_JOINT1
5.935 8 0.00459254 HEAD_JOINT1
5.94 8 0.00470514 HEAD_JOINT1
5.945 8 0.00481957 HEAD_JOINT1
5.95 8 0.00493584 HEAD_JOINT1
5.955 8 0.00505392 HEAD_JOINT1
5.96 8 0.00517381 HEAD_JOINT1
5.965 8 0.0052955 HEAD_JOINT1
5.97 8 0.00541898 HEAD_JOINT1
5.975 8 0.00554425 HEAD_JOINT1
5.98 8 0.00567129 HEAD_JOINT1
5.985 8 0.0058001 HEAD_JOINT1
5.99 8 0.00586922 RARM_JOINT3
5.995 8 0.00586061 RARM_JOINT3
6 8 0.00585312 RARM_JOINT3
6.005 8 0.00584676 RARM_JOINT3
6.01 8 0.00584157 RARM_JOINT3
6.015 8 0.00583755 RARM_JOINT3
6.02 8 0.00583474 RARM_JOINT3
6.025 8 0.00583313 RARM_JOINT3
6.03 8 0.00583277 RARM_JOINT3
6.035 8 0.00583365 RARM_JOINT3
6.04 8 0.00583581 RARM_JOINT3
6.045 8 0.00583926 RARM_JOINT3
6.05 8 0.00584402 RARM_JOINT3
6.055 8 0.0058501 RARM_JOINT3
6.06 8 0.00585753 RARM_JOINT3
6.065 8 0.00586632 RARM_JOINT3
6.07 8 0.00587649 RARM_JOINT3
6.075 8 0.00588805 RARM_JOINT3
6.08 8 0.00590104 RARM_JOINT3
6.085 8 0.00591545 RARM_JOINT3
6.09 8 0.00593131 RARM_JOINT3
6.095 8 0.00594864 RARM_JOINT3
6.1 8 0.00596745 RARM_JOINT3
6.105 8 0.00598775 RARM_JOINT3
6.11 8 0.00600958 RARM_JOINT3
6.115 8 0.00603293 RARM_JOINT3
6.12 8 0.00605783 RARM_JOINT3
6.125 8 0.00608429 RARM_JOINT3
6.13 8 0.00611232 RARM_JOINT3
6.135 8 0.00614195 RARM_JOINT3
6.14 8 0.00617319 RARM_JOINT3
6.145 8 0.00620605 RARM_JOINT3
6.15 8 0.00624055 RARM_JOINT3
6.155 7 0.0062767 RARM_JOINT3
6.16 7 0.00631452 RARM_JOINT3
6.165 7 0.00635402 RARM_JOINT3
6.17 7 0.00639522 RARM_JOINT3
6.175 7 0.00643812 RARM_JOINT3
6.18 7 0.00648274 RARM_JOINT3
6.185 7 0.00652911 RARM_JOINT3
6.19 7 0.00657722 RARM_JOINT3
6.195 7 0.00662709 RARM_JOINT3
6.2 7 0.00667874 RARM_JOINT3
6.205 7 0.00673218 RARM_JOINT3
6.21 7 0.00678741 RARM_JOINT3
6.215 7 0.00684446 RARM_JOINT3
6.22 7 0.00690334 RARM_JOINT3
6.225 7 0.00696405 RARM_JOINT3
6.23 7 0.00702662 RARM_JOINT3
6.235 6 0.00709104 RARM_JOINT3
6.24 6 0.00715733 RARM_JOINT3
6.245 6 0.00722551 RARM_JOINT3
6.25 6 0.00729559 RARM_JOINT3
6.255 6 0.00736757 RARM_JOINT3
6.26 6 0.00744146 RARM_JOINT3
6.265 6 0.00751729 RARM_JOINT3
6.27 6 0.00759505 RARM_JOINT3
6.275 6 0.00767475 RARM_JOINT3
6.28 6 0.00775642 RARM_JOINT3
6.285 6 0.00784005 RARM_JOINT3
6.29 5 0.00792566 RARM_JOINT3
6.295 5 0.00801326 RARM_JOINT3
6.3 5 0.00810285 RARM_JOINT3
6.305 5 0.00819445 RARM_JOINT3
6.31 5 0.00828807 RARM_JOINT3
6.315 5 0.00838371 RARM_JOINT3
6.32 5 0.00848138 RARM_JOINT3
6.325 5 0.00858109 RARM_JOINT3
6.33 5 0.00868285 RARM_JOINT3
6.335 5 0.00878667 RARM_JOINT3
6.34 5 0.00889256 RARM_JOINT3
6.345 5 0.00900052 RARM_JOINT3
6.35 5 0.00911057 RARM_JOINT3
6.355 5 0.0092227 RARM_JOINT3
6.36 5 0.00933694 RARM_JOINT3
6.365 5 0.00945328 RARM_JOINT3
6.37 5 0.00957173 RARM_JOINT3
6.375 5 0.00969231 RARM_JOINT3
6.38 4 0.00981502 RARM_JOINT3
6.385 4 0.00993986 RARM_JOINT3
6.39 4 0.0100668 RARM_JOINT3
6.395 4 0.010196 RARM_JOINT3
6.4 4 0.0103273 RARM_JOINT3
6.405 4 0.0104607 RARM_JOINT3
6.41 4 0.0105964 RARM_JOINT3
6.415 4 0.0107342 RARM_JOINT3
6.42 4 0.0108741 RARM_JOINT3
6.425 4 0.0110163 RARM_JOINT3
6.43 4 0.0111607 RARM_JOINT3
6.435 4 0.0113073 RARM_JOINT3
6.44 4 0.0114561 RARM_JOINT3
6.445 4 0.0116071 RARM_JOINT3
6.45 4 0.0117603 RARM_JOINT3
6.455 4 0.0119158 RARM_JOINT3
6.46 4 0.0120735 RARM_JOINT3
6.465 4 0.0122335 RARM_JOINT3
6.47 4 0.0123957 RARM_JOINT3
6.475 4 0.0125601 RARM_JOINT3
6.48 4 0.0127268 RARM_JOINT3
6.485 4 0.0128958 RARM_JOINT3
6.49 4 0.0130671 RARM_JOINT3
6.495 4 0.0132406 RARM_JOINT3
6.5 4 0.0134165 RARM_JOINT3
6.505 4 0.0135946 RARM_JOINT3
6.51 4 0.013775 RARM_JOINT3
6.515 4 0.0139578 RARM_JOINT3
6.52 4 0.0141428 RARM_JOINT3
6.525 4 0.0143302 RARM_JOINT3
6.53 4 0.0145199 RARM_JOINT3
6.535 4 0.0147119 RARM_JOINT3
6.54 4 0.0149063 RARM_JOINT3
6.545 4 0.015103 RARM_JOINT3
6.55 3 0.015302 RARM_JOINT3
6.555 3 0.0155035 RARM_JOINT3
6.56 3 0.0157072 RARM_JOINT3
6.565 3 0.0159135 RARM_JOINT3
6.57 3 0.0161223 RARM_JOINT3
6.575 3 0.0163337 RARM_JOINT3
6.58 3 0.0165476 RARM_JOINT3
6.585 3 0.0167641 RARM_JOINT3
6.59 4 0.0169831 RARM_JOINT3
6.595 4 0.0172046 RARM_JOINT3
6.6 4 0.0174286 RARM_JOINT3
6.605 4 0.017655 RARM_JOINT3
6.61 4 0.017884 RARM_JOINT3
6.615 4 0.0181154 RARM_JOINT3
6.62 5 0.0183493 RARM_JOINT3
6.625 4 0.0185856 RARM_JOINT3
6.63 4 0.0188244 RARM_JOINT3
6.635 4 0.0190656 RARM_JOINT3
6.64 3 0.0193093 RARM_JOINT3
6.645 3 0.0193728 LARM_JOINT0
6.65 3 0.019319 LARM_JOINT0
6.655 3 0.0192648 LARM_JOINT0
6.66 2 0.0192101 LARM_JOINT0
6.665 2 0.0191551 LARM_JOINT0
6.67 2 0.0190996 LARM_JOINT0
6.675 2 0.0190438 LARM_JOINT0
6.68 2 0.0189877 LARM_JOINT0
6.685 2 0.0189311 LARM_JOINT0
6.69 2 0.0188743 LARM_JOINT0
6.695 2 0.0188172 LARM_JOINT0
6.7 2 0.0187598 LARM_JOINT0
6.705 2 0.018702 LARM_JOINT0
6.71 2 0.018644 LARM_JOINT0
6.715 2 0.0185858 LARM_JOINT0
6.72 2 0.0185273 LARM_JOINT0
6.725 2 0.0184685 LARM_JOINT0
6.73 2 0.0184096 LARM_JOINT0
6.735 2 0.0183503 LARM_JOINT0
6.74 2 0.0182909 LARM_JOINT0
6.745 2 0.0182313 LARM_JOINT0
6.75 2 0.0181715 LARM_JOINT0
6.755 2 0.0181115 LARM_JOINT0
6.76 2 0.0180513 LARM_JOINT0
6.765 2 0.0179909 LARM_JOINT0
6.77 2 0.0179303 LARM_JOINT0
6.775 2 0.0178696 LARM_JOINT0
6.78 2 0.0178088 LARM_JOINT0
6.785 2 0.0177478 LARM_JOINT0
6.79 2 0.0176867 LARM_JOINT0
6.795 2 0.0176255 LARM_JOINT0
6.8 2 0.0175641 LARM_JOINT0
6.805 2 0.0175027 LARM_JOINT0
6.81 2 0.0174411 LARM_JOINT0
6.815 2 0.0173795 LARM_JOINT0
6.82 2 0.0173178 LARM_JOINT0
6.825 2 0.017256 LARM_JOINT0
6.83 2 0.0171941 LARM_JOINT0
6.835 2 0.0171323 LARM_JOINT0
6.84 3 0.0170703 LARM_JOINT0
6.845 3 0.0170084 LARM_JOINT0
6.85 3 0.0169464 LARM_JOINT0
6.855 3 0.0168844 LARM_JOINT0
6.86 3 0.0168224 LARM_JOINT0
6.865 3 0.0167605 LARM_JOINT0
6.87 3 0.0166986 LARM_JOINT0
6.875 3 0.0166367 LARM_JOINT0
6.88 3 0.0165748 LARM_JOINT0
6.885 3 0.0165131 LARM_JOINT0
6.89 3 0.0164514 LARM_JOINT0
6.895 3 0.0163898 LARM_JOINT0
6.9 3 0.0163282 LARM_JOINT0
6.905 3 0.0162669 LARM_JOINT0
6.91 3 0.0162056 LARM_JOINT0
6.915 3 0.0161445 LARM_JOINT0
6.92 3 0.0160835 LARM_JOINT0
6.925 3 0.0160227 LARM_JOINT0
6.93 3 0.0159621 LARM_JOINT0
6.935 3 0.0159016 LARM_JOINT0
6.94 3 0.0158414 LARM_JOINT0
6.945 3 0.0157814 LARM_JOINT0
6.95 3 0.0157217 LARM_JOINT0
6.955 3 0.0156621 LARM_JOINT0
6.96 3 0.0156029 LARM_JOINT0
6.965 3 0.0155439 LARM_JOINT0
6.97 3 0.0154853 LARM_JOINT0
6.975 3 0.0154269 LARM_JOINT0
6.98 3 0.0153689 LARM_JOINT0
6.985 3 0.0153112 LARM_JOINT0
6.99 3 0.0152539 LARM_JOINT0
6.995 3 0.0151969 LARM_JOINT0
7 3 0.0151404 LARM_JOINT0
7.005 3 0.0150842 LARM_JOINT0
7.01 3 0.0150284 LARM_JOINT0
7.015 4 0.0149731 LARM_JOINT0
7.02 4 0.0149183 LARM_JOINT0
7.025 4 0.0148638 LARM_JOINT0
7.03 4 0.0148099 LARM_JOINT0
7.035 5 0.0147565 LARM_JOINT0
7.04 5 0.0147036 LARM_JOINT0
7.045 5 0.0146512 LARM_JOINT0
7.05 5 0.0145994 LARM_JOINT0
7.055 5 0.0145481 LARM_JOINT0
7.06 5 0.0144975 LARM_JOINT0
7.065 5 0.0144474 LARM_JOINT0
7.07 5 0.0143979 LARM_JOINT0
7.075 5 0.0143491 LARM_JOINT0
7.08 5 0.0143009 LARM_JOINT0
7.085 5 0.0142534 LARM_JOINT0
7.09 5 0.0142066 LARM_JOINT0
7.095 5 0.0141604 LARM_JOINT0
7.1 5 0.014115 LARM_JOINT0
7.105 5 0.0140704 LARM_JOINT0
7.11 5 0.0140265 LARM_JOINT0
7.115 5 0.0139834 LARM_JOINT0
7.12 5 0.0139411 LARM_JOINT0
7.125 6 0.0138996 LARM_JOINT0
7.13 6 0.0138589 LARM_JOINT0
7.135 6 0.0138191 LARM_JOINT0
7.14 6 0.0137802 LARM_JOINT0
7.145 6 0.0137421 LARM_JOINT0
7.15 6 0.013705 LARM_JOINT0
7.155 6 0.0136688 LARM_JOINT0
7.16 6 0.0136336 LARM_JOINT0
7.165 6 0.0135993 LARM_JOINT0
7.17 6 0.0135661 LARM_JOINT0
7.175 6 0.0135339 LARM_JOINT0
7.18 6 0.0135027 LARM_JOINT0
7.185 6 0.0134725 LARM_JOINT0
7.19 6 0.0134435 LARM_JOINT0
7.195 6 0.0134155 LARM_JOINT0
7.2 6 0.0133887 LARM_JOINT0
7.205 6 0.013363 LARM_JOINT0
7.21 6 0.0133385 LARM_JOINT0
7.215 6 0.0133152 LARM_JOINT0
7.22 6 0.0132931 LARM_JOINT0
7.225 6 0.0132723 LARM_JOINT0
7.23 6 0.0132527 LARM_JOINT0
7.235 6 0.0132344 LARM_JOINT0
7.24 6 0.0132174 LARM_JOINT0
7.245 6 0.0132017 LARM_JOINT0
7.25 6 0.0131874 LARM_JOINT0
7.255 6 0.0131745 LARM_JOINT0
7.26 6 0.013163 LARM_JOINT0
7.265 6 0.013153 LARM_JOINT0
7.27 6 0.0131444 LARM_JOINT0
7.275 6 0.0131374 LARM_JOINT0
7.28 6 0.0131319 LARM_JOINT0
7.285 6 0.0131279 LARM_JOINT0
7.29 6 0.0131254 LARM_JOINT0
7.295 6 0.0131246 LARM_JOINT0
7.3 6 0.0131254 LARM_JOINT0
7.305 6 0.0131278 LARM_JOINT0
7.31 6 0.0131318 LARM_JOINT0
7.315 6 0.0131376 LARM_JOINT0
7.32 6 0.013145 LARM_JOINT0
7.325 6 0.0131542 LARM_JOINT0
7.33 6 0.0131651 LARM_JOINT0
7.335 6 0.0131778 LARM_JOINT0
7.34 7 0.0131923 LARM_JOINT0
7.345 7 0.0132087 LARM_JOINT0
7.35 7 0.0131679 LARM_JOINT0
7.355 7 0.0131079 LARM_JOINT0
7.36 7 0.0130495 LARM_JOINT0
7.365 7 0.0129927 LARM_JOINT0
7.37 7 0.0129376 LARM_JOINT0
7.375 7 0.0128842 LARM_JOINT0
7.38 7 0.0128325 LARM_JOINT0
7.385 7 0.0127825 LARM_JOINT0
7.39 7 0.0127342 LARM_JOINT0
7.395 7 0.0126876 LARM_JOINT0
7.4 7 0.0126427 LARM_JOINT0
7.405 7 0.0125995 LARM_JOINT0
7.41 7 0.012558 LARM_JOINT0
7.415 7 0.0125182 LARM_JOINT0
7.42 7 0.0124802 LARM_JOINT0
7.425 8 0.0124439 LARM_JOINT0
7.43 8 0.0124093 LARM_JOINT0
7.435 8 0.0123764 LARM_JOINT0
7.44 8 0.0123453 LARM_JOINT0
7.445 8 0.0123158 LARM_JOINT0
7.45 9 0.0122881 LARM_JOINT0
7.455 9 0.0122621 LARM_JOINT0
7.46 9 0.0122378 LARM_JOINT0
7.465 9 0.0122152 LARM_JOINT0
7.47 9 0.0121943 LARM_JOINT0
7.475 9 0.0121752 LARM_JOINT0
7.48 9 0.0121577 LARM_JOINT0
7.485 9 0.0121419 LARM_JOINT0
7.49 9 0.0121278 LARM_JOINT0
7.495 9 0.0121153 LARM_JOINT0
7.5 9 0.0121046 LARM_JOINT0
7.505 9 0.0120955 LARM_JOINT0
7.51 9 0.0120881 LARM_JOINT0
7.515 9 0.0120823 LARM_JOINT0
7.52 9 0.0120782 LARM_JOINT0
7.525 9 0.0120757 LARM_JOINT0
7.53 9 0.0120748 LARM_JOINT0
7.535 9 0.0120756 LARM_JOINT0
7.54 9 0.012078 LARM_JOINT0
7.545 9 0.012082 LARM_JOINT0
7.55 9 0.0120875 LARM_JOINT0
7.555 9 0.0120947 LARM_JOINT0
7.56 9 0.0121034 LARM_JOINT0
7.565 9 0.0121137 LARM_JOINT0
7.57 9 0.0121256 LARM_JOINT0
7.575 9 0.0121389 LARM_JOINT0
7.58 9 0.0121539 LARM_JOINT0
7.585 9 0.0121703 LARM_JOINT0
7.59 9 0.0121882 LARM_JOINT0
7.595 9 0.0122077 LARM_JOINT0
7.6 9 0.0122286 LARM_JOINT0
7.605 9 0.012251 LARM_JOINT0
7.61 9 0.0122749 LARM_JOINT0
7.615 9 0.0123003 LARM_JOINT0
7.62 9 0.0123271 LARM_JOINT0
7.625 9 0.0123553 LARM_JOINT0
7.63 9 0.0123849 LARM_JOINT0
7.635 9 0.0124159 LARM_JOINT0
7.64 9 0.0124483 LARM_JOINT0
7.645 9 0.0124821 LARM_JOINT0
7.65 9 0.0125172 LARM_JOINT0
7.655 9 0.0125536 LARM_JOINT0
7.66 9 0.0125914 LARM_JOINT0
7.665 9 0.0126304 LARM_JOINT0
7.67 9 0.0126707 LARM_JOINT0
7.675 9 0.0127123 LARM_JOINT0
7.68 8 0.0127551 LARM_JOINT0
7.685 8 0.0127991 LARM_JOINT0
7.69 8 0.0128443 LARM_JOINT0
7.695 8 0.0128907 LARM_JOINT0
7.7 8 0.0129382 LARM_JOINT0
7.705 7 0.0129869 LARM_JOINT0
7.71 7 0.0130366 LARM_JOINT0
7.715 7 0.0130875 LARM_JOINT0
7.72 7 0.0131394 LARM_JOINT0
7.725 7 0.0131924 LARM_JOINT0
7.73 6 0.0132464 LARM_JOINT0
7.735 6 0.0132794 LARM_JOINT0
7.74 6 0.0132509 LARM_JOINT0
7.745 6 0.0132235 LARM_JOINT0
7.75 7 0.0131972 LARM_JOINT0
7.755 6 0.013172 LARM_JOINT0
7.76 6 0.0131479 LARM_JOINT0
7.765 6 0.0131247 LARM_JOINT0
7.77 6 0.0131027 LARM_JOINT0
7.775 6 0.0130816 LARM_JOINT0
7.78 6 0.0130615 LARM_JOINT0
7.785 6 0.0130424 LARM_JOINT0
7.79 6 0.0130242 LARM_JOINT0
7.795 6 0.013007 LARM_JOINT0
7.8 6 0.0129907 LARM_JOINT0
7.805 6 0.0129753 LARM_JOINT0
7.81 6 0.0129608 LARM_JOINT0
7.815 6 0.0129472 LARM_JOINT0
7.82 6 0.0129344 LARM_JOINT0
7.825 6 0.0129224 LARM_JOINT0
7.83 6 0.0129112 LARM_JOINT0
7.835 6 0.0129008 LARM_JOINT0
7.84 6 0.0128912 LARM_JOINT0
7.845 6 0.0128823 LARM_JOINT0
7.85 6 0.0128742 LARM_JOINT0
7.855 6 0.0128667 LARM_JOINT0
7.86 6 0.0128599 LARM_JOINT0
7.865 6 0.0128538 LARM_JOINT0
7.87 6 0.0128483 LARM_JOINT0
7.875 6 0.0128435 LARM_JOINT0
7.88 6 0.0128392 LARM_JOINT0
7.885 6 0.0128355 LARM_JOINT0
7.89 6 0.0128323 LARM_JOINT0
7.895 6 0.0128297 LARM_JOINT0
7.9 6 0.0128275 LARM_JOINT0
7.905 6 0.0128258 LARM_JOINT0
7.91 6 0.0128246 LARM_JOINT0
7.915 6 0.0128238 LARM_JOINT0
7.92 6 0.0128235 LARM_JOINT0
7.925 6 0.0128234 LARM_JOINT0
7.93 6 0.0128238 LARM_JOINT0
7.935 6 0.0128245 LARM_JOINT0
7.94 6 0.0128255 LARM_JOINT0
7.945 6 0.0128267 LARM_JOINT0
7.95 6 0.0128282 LARM_JOINT0
7.955 6 0.01283 LARM_JOINT0
7.96 6 0.0128319 LARM_JOINT0
7.965 6 0.0128341 LARM_JOINT0
7.97 6 0.0128364 LARM_JOINT0
7.975 6 0.0128388 LARM_JOINT0
7.98 6 0.0128413 LARM_JOINT0
7.985 6 0.0128439 LARM_JOINT0
7.99 6 0.0128465 LARM_JOINT0
7.995 6 0.0128492 LARM_JOINT0
8 6 0.0128519 LARM_JOINT0
8.005 6 0.0128545 LARM_JOINT0
8.01 6 0.012857 LARM_JOINT0
8.015 6 0.0128595 LARM_JOINT0
8.02 6 0.0128619 LARM_JOINT0
8.025 6 0.0128641 LARM_JOINT0
8.03 6 0.0128662 LARM_JOINT0
8.035 6 0.0128681 LARM_JOINT0
8.04 6 0.0128697 LARM_JOINT0
8.045 6 0.0128711 LARM_JOINT0
8.05 6 0.0128722 LARM_JOINT0
8.055 6 0.012873 LARM_JOINT0
8.06 6 0.0128735 LARM_JOINT0
8.065 6 0.0128736 LARM_JOINT0
8.07 6 0.0128733 LARM_JOINT0
8.075 6 0.0128727 LARM_JOINT0
8.08 5 0.0128715 LARM_JOINT0
8.085 5 0.01287 LARM_JOINT0
8.09 5 0.0128679 LARM_JOINT0
8.095 5 0.0128654 LARM_JOINT0
8.1 5 0.0128623 LARM_JOINT0
8.105 5 0.0128588 LARM_JOINT0
8.11 5 0.0128547 LARM_JOINT0
8.115 5 0.0128501 LARM_JOINT0
8.12 5 0.0128449 LARM_JOINT0
8.125 5 0.0128392 LARM_JOINT0
8.13 5 0.0128329 LARM_JOINT0
8.135 5 0.0128261 LARM_JOINT0
8.14 5 0.0128187 LARM_JOINT0
8.145 5 0.0128108 LARM_JOINT0
8.15 5 0.0128022 LARM_JOINT0
8.155 5 0.0127932 LARM_JOINT0
8.16 5 0.0127835 LARM_JOINT0
8.165 5 0.0127733 LARM_JOINT0
8.17 5 0.0127625 LARM_JOINT0
8.175 5 0.0127512 LARM_JOINT0
8.18 5 0.0127393 LARM_JOINT0
8.185 5 0.0127268 LARM_JOINT0
8.19 4 0.0127138 LARM_JOINT0
8.195 4 0.0127002 LARM_JOINT0
8.2 4 0.0126861 LARM_JOINT0
8.205 4 0.0126715 LARM_JOINT0
8.21 4 0.0126563 LARM_JOINT0
8.215 5 0.0126405 LARM_JOINT0
8.22 5 0.0126243 LARM_JOINT0
8.225 5 0.0126075 LARM_JOINT0
8.23 5 0.0125903 LARM_JOINT0
8.235 5 0.0125725 LARM_JOINT0
8.24 5 0.0125542 LARM_JOINT0
8.245 5 0.0125355 LARM_JOINT0
8.25 5 0.0125163 LARM_JOINT0
8.255 5 0.0124966 LARM_JOINT0
8.26 5 0.0124765 LARM_JOINT0
8.265 5 0.0124559 LARM_JOINT0
8.27 5 0.0124348 LARM_JOINT0
8.275 6 0.0124134 LARM_JOINT0
8.28 6 0.0123915 LARM_JOINT0
8.285 6 0.0123693 LARM_JOINT0
8.29 6 0.0123466 LARM_JOINT0
8.295 6 0.0123236 LARM_JOINT0
8.3 7 0.0123002 LARM_JOINT0
8.305 7 0.0122765 LARM_JOINT0
8.31 7 0.0122524 LARM_JOINT0
8.315 7 0.012228 LARM_JOINT0
8.32 7 0.0122033 LARM_JOINT0
8.325 7 0.0121783 LARM_JOINT0
8.33 7 0.0121531 LARM_JOINT0
8.335 6 0.0121275 LARM_JOINT0
8.34 6 0.0121018 LARM_JOINT0
8.345 6 0.0120758 LARM_JOINT0
8.35 6 0.0120495 LARM_JOINT0
8.355 6 0.0120231 LARM_JOINT0
8.36 6 0.0119965 LARM_JOINT0
8.365 6 0.0119698 LARM_JOINT0
8.37 6 0.0119429 LARM_JOINT0
8.375 6 0.0119159 LARM_JOINT0
8.38 6 0.0118888 LARM_JOINT0
8.385 6 0.0118616 LARM_JOINT0
8.39 6 0.0118343 LARM_JOINT0
8.395 6 0.011807 LARM_JOINT0
8.4 6 0.0117797 LARM_JOINT0
8.405 6 0.0117523 LARM_JOINT0
8.41 6 0.011725 LARM_JOINT0
8.415 6 0.0116978 LARM_JOINT0
8.42 6 0.0116705 LARM_JOINT0
8.425 6 0.0116434 LARM_JOINT0
8.43 6 0.0116164 LARM_JOINT0
8.435 6 0.0115895 LARM_JOINT0
8.44 6 0.0115628 LARM_JOINT0
8.445 6 0.0115362 LARM_JOINT0
8.45 6 0.0115099 LARM_JOINT0
8.455 6 0.0114838 LARM_JOINT0
8.46 6 0.011458 LARM_JOINT0
8.465 6 0.0114324 LARM_JOINT0
8.47 6 0.0114071 LARM_JOINT0
8.475 6 0.0113822 LARM_JOINT0
8.48 6 0.0113576 LARM_JOINT0
8.485 6 0.0113335 LARM_JOINT0
8.49 6 0.0113097 LARM_JOINT0
8.495 6 0.0112864 LARM_JOINT0
8.5 6 0.0112636 LARM_JOINT0
8.505 6 0.0112413 LARM_JOINT0
8.51 6 0.0112195 LARM_JOINT0
8.515 7 0.0111983 LARM_JOINT0
8.52 7 0.0111777 LARM_JOINT0
8.525 7 0.0111479 LARM_JOINT0
8.53 7 0.0111114 LARM_JOINT0
8.535 7 0.0110755 LARM_JOINT0
8.54 7 0.0110402 LARM_JOINT0
8.545 7 0.0110055 LARM_JOINT0
8.55 7 0.0109714 LARM_JOINT0
8.555 7 0.0109381 LARM_JOINT0
8.56 7 0.0109055 LARM_JOINT0
8.565 7 0.0108736 LARM_JOINT0
8.57 7 0.0108426 LARM_JOINT0
8.575 7 0.0108124 LARM_JOINT0
8.58 7 0.0107424 HEAD_JOINT1
8.585 7 0.0106181 HEAD_JOINT1
8.59 8 0.0104935 HEAD_JOINT1
8.595 8 0.0103686 HEAD_JOINT1
8.6 8 0.0102434 HEAD_JOINT1
8.605 8 0.0101178 HEAD_JOINT1
8.61 8 0.00999151 HEAD_JOINT1
8.615 8 0.00986433 HEAD_JOINT1
8.62 8 0.00973629 HEAD_JOINT1
8.625 8 0.00960743 HEAD_JOINT1
8.63 8 0.00947774 HEAD_JOINT1
8.635 8 0.00934726 HEAD_JOINT1
8.64 8 0.00921603 HEAD_JOINT1
8.645 8 0.00908409 HEAD_JOINT1
8.65 8 0.00895149 HEAD_JOINT1
8.655 8 0.00881829 HEAD_JOINT1
8.66 8 0.00868455 HEAD_JOINT1
8.665 9 0.00855035 HEAD_JOINT1
8.67 9 0.00841574 HEAD_JOINT1
8.675 9 0.0082808 HEAD_JOINT1
8.68 9 0.00814561 HEAD_JOINT1
8.685 9 0.00801022 HEAD_JOINT1
8.69 9 0.00787473 HEAD_JOINT1
8.695 10 0.0077392 HEAD_JOINT1
8.7 10 0.0076037 HEAD_JOINT1
8.705 10 0.00746832 HEAD_JOINT1
8.71 10 0.00733311 HEAD_JOINT1
8.715 10 0.00719816 HEAD_JOINT1
8.72 10 0.00706353 HEAD_JOINT1
8.725 10 0.00692929 HEAD_JOINT1
8.73 10 0.00679551 HEAD_JOINT1
8.735 10 0.00666226 HEAD_JOINT1
8.74 10 0.00652961 HEAD_JOINT1
8.745 10 0.00639761 HEAD_JOINT1
8.75 10 0.00626633 HEAD_JOINT1
8.755 11 0.00613584 HEAD_JOINT1
8.76 11 0.00600619 HEAD_JOINT1
8.765 11 0.00587743 HEAD_JOINT1
8.77 11 0.00574964 HEAD_JOINT1
8.775 11 0.00562285 HEAD_JOINT1
8.78 11 0.00549714 HEAD_JOINT1
8.785 11 0.00537254 HEAD_JOINT1
8.79 11 0.00524911 HEAD_JOINT1
8.795 13 0.0051269 HEAD_JOINT1
8.8 13 0.00500595 HEAD_JOINT1
8.805 13 0.00488632 HEAD_JOINT1
8.81 14 0.00476805 HEAD_JOINT1
8.815 14 0.00465118 HEAD_JOINT1
8.82 14 0.00453575 HEAD_JOINT1
8.825 14 0.0044218 HEAD_JOINT1
8.83 14 0.00430938 HEAD_JOINT1
8.835 14 0.00419851 HEAD_JOINT1
8.84 15 0.00408924 HEAD_JOINT1
8.845 15 0.0039816 HEAD_JOINT1
8.85 15 0.00387561 HEAD_JOINT1
8.855 15 0.00377133 HEAD_JOINT1
8.86 15 0.00366876 HEAD_JOINT1
8.865 15 0.00356794 HEAD_JOINT1
8.87 15 0.0034689 HEAD_JOINT1
8.875 15 0.00337166 HEAD_JOINT1
8.88 15 0.00327625 HEAD_JOINT1
8.885 15 0.00318268 HEAD_JOINT1
8.89 15 0.00309098 HEAD_JOINT1
8.895 15 0.00300117 HEAD_JOINT1
8.9 14 0.00291325 HEAD_JOINT1
8.905 14 0.00282725 HEAD_JOINT1
8.91 14 0.00274319 HEAD_JOINT1
8.915 14 0.00266106 HEAD_JOINT1
8.92 14 0.00255896 HEAD_JOINT1
8.925 15 0.00245254 HEAD_JOINT1
8.93 15 0.0023482 HEAD_JOINT1
8.935 15 0.00224597 HEAD_JOINT1
8.94 15 0.00214585 HEAD_JOINT1
8.945 15 0.00204787 HEAD_JOINT1
8.95 15 0.00195205 HEAD_JOINT1
8.955 16 0.00185839 HEAD_JOINT1
8.96 16 0.00176692 HEAD_JOINT1
8.965 16 0.00167764 HEAD_JOINT1
8.97 16 0.00159056 HEAD_JOINT1
8.975 16 0.0015057 HEAD_JOINT1
8.98 16 0.00142306 HEAD_JOINT1
8.985 16 0.00134265 HEAD_JOINT1
8.99 16 0.00126446 HEAD_JOINT1
8.995 16 0.00118852 HEAD_JOINT1
9 17 0.0011148 HEAD_JOINT1
9.005 17 0.00104264 HEAD_JOINT1
9.01 16 0.000971719 HEAD_JOINT1
9.015 15 0.00090211 HEAD_JOINT1
9.02 16 0.000833879 HEAD_JOINT1
9.025 17 0.000767091 HEAD_JOINT1
9.03 17 0.000701805 HEAD_JOINT1
9.035 17 0.000638077 HEAD_JOINT1
9.04 17 0.000575857 HEAD_JOINT1
9.045 19 0.000515107 HEAD_JOINT1
9.05 20 0.000455895 HEAD_JOINT1
9.055 20 0.000398282 HEAD_JOINT1
9.06 20 0.000342324 HEAD_JOINT1
9.065 20 0.000288069 HEAD_JOINT1
9.07 21 0.000235564 HEAD_JOINT1
9.075 21 0.000184847 HEAD_JOINT1
9.08 23 0.000135952 HEAD_JOINT1
9.085 23 8.89106e-05 HEAD_JOINT1
9.09 24 4.37484e-05 HEAD_JOINT1
9.095 25 4.88394e-07 HEAD_JOINT1
9.1 26 -4.08503e-05 HEAD_JOINT1
9.105 27 -8.02515e-05 HEAD_JOINT1
9.11 27 -0.000117702 HEAD_JOINT1
9.115 27 -0.00015319 HEAD_JOINT1
9.12 27 -0.000186709 HEAD_JOINT1
9.125 27 -0.000218252 HEAD_JOINT1
9.13 27 -0.000247814 HEAD_JOINT1
9.135 27 -0.000275394 HEAD_JOINT1
9.14 27 -0.00030099 HEAD_JOINT1
9.145 27 -0.000324605 HEAD_JOINT1
9.15 27 -0.00034624 HEAD_JOINT1
9.155 27 -0.0003659 HEAD_JOINT1
9.16 29 -0.00038359 HEAD_JOINT1
9.165 29 -0.000399317 HEAD_JOINT1
9.17 29 -0.000413087 HEAD_JOINT1
9.175 29 -0.000424911 HEAD_JOINT1
9.18 29 -0.000434797 HEAD_JOINT1
9.185 29 -0.000442564 HEAD_JOINT1
9.19 29 -0.000449296 HEAD_JOINT1
9.195 29 -0.000455196 HEAD_JOINT1
9.2 29 -0.000460423 HEAD_JOINT1
9.205 29 -0.00046511 HEAD_JOINT1
9.21 29 -0.00046936 HEAD_JOINT1
9.215 29 -0.000473261 HEAD_JOINT1
9.22 29 -0.000476884 HEAD_JOINT1
9.225 30 -0.000480289 HEAD_JOINT1
9.23 30 -0.000483524 HEAD_JOINT1
9.235 30 -0.000486632 HEAD_JOINT1
9.24 30 -0.000489647 HEAD_JOINT1
9.245 31 -0.000492598 HEAD_JOINT1
9.25 31 -0.00049551 HEAD_JOINT1
9.255 31 -0.000498404 HEAD_JOINT1
9.26 31 -0.000501296 HEAD_JOINT1
9.265 32 -0.000504202 HEAD_JOINT1
9.27 32 -0.000507132 HEAD_JOINT1
9.275 32 -0.000510096 HEAD_JOINT1
9.28 32 -0.000513102 HEAD_JOINT1
9.285 32 -0.000516157 HEAD_JOINT1
9.29 32 -0.000519263 HEAD_JOINT1
9.295 33 -0.000522426 HEAD_JOINT1
9.3 33 -0.000525647 HEAD_JOINT1
9.305 33 -0.000528928 HEAD_JOINT1
9.31 33 -0.000532269 HEAD_JOINT1
9.315 33 -0.000535669 HEAD_JOINT1
9.32 33 -0.000539129 HEAD_JOINT1
9.325 33 -0.000542647 HEAD_JOINT1
9.33 33 -0.000546221 HEAD_JOINT1
9.335 33 -0.00054985 HEAD_JOINT1
9.34 33 -0.00055353 HEAD_JOINT1
9.345 34 -0.00055726 HEAD_JOINT1
9.35 34 -0.000561037 HEAD_JOINT1
9.355 34 -0.000564858 HEAD_JOINT1
9.36 34 -0.000568719 HEAD_JOINT1
9.365 34 -0.000572618 HEAD_JOINT1
9.37 34 -0.000576552 HEAD_JOINT1
9.375 34 -0.000580516 HEAD_JOINT1
9.38 34 -0.000584509 HEAD_JOINT1
9.385 34 -0.000588526 HEAD_JOINT1
9.39 34 -0.000592565 HEAD_JOINT1
9.395 34 -0.000596622 HEAD_JOINT1
9.4 33 -0.000600694 HEAD_JOINT1
9.405 33 -0.000604778 HEAD_JOINT1
9.41 33 -0.00060887 HEAD_JOINT1
9.415 32 -0.000612969 HEAD_JOINT1
9.42 32 -0.00061707 HEAD_JOINT1
9.425 32 -0.000621171 HEAD_JOINT1
9.43 32 -0.00062527 HEAD_JOINT1
9.435 32 -0.000629363 HEAD_JOINT1
9.44 32 -0.000633448 HEAD_JOINT1
9.445 32 -0.000637522 HEAD_JOINT1
9.45 32 -0.000641583 HEAD_JOINT1
9.455 32 -0.000645629 HEAD_JOINT1
9.46 32 -0.000649657 HEAD_JOINT1
9.465 32 -0.000653665 HEAD_JOINT1
9.47 32 -0.000657652 HEAD_JOINT1
9.475 32 -0.000661614 HEAD_JOINT1
9.48 32 -0.000665551 HEAD_JOINT1
9.485 32 -0.000669461 HEAD_JOINT1
9.49 33 -0.000673342 HEAD_JOINT1
9.495 33 -0.000677192 HEAD_JOINT1
9.5 33 -0.000681009 HEAD_JOINT1
9.505 33 -0.000684793 HEAD_JOINT1
9.51 34 -0.000688543 HEAD_JOINT1
9.515 34 -0.000692256 HEAD_JOINT1
9.52 34 -0.000695932 HEAD_JOINT1
9.525 34 -0.000699569 HEAD_JOINT1
9.53 34 -0.000703167 HEAD_JOINT1
9.535 34 -0.000706725 HEAD_JOINT1
9.54 34 -0.000710242 HEAD_JOINT1
9.545 34 -0.000713717 HEAD_JOINT1
9.55 34 -0.000717149 HEAD_JOINT1
9.555 34 -0.000720537 HEAD_JOINT1
9.56 34 -0.000723882 HEAD_JOINT1
9.565 34 -0.000727182 HEAD_JOINT1
9.57 34 -0.000730437 HEAD_JOINT1
9.575 34 -0.000733646 HEAD_JOINT1
9.58 34 -0.00073681 HEAD_JOINT1
9.585 34 -0.000739928 HEAD_JOINT1
9.59 34 -0.000742999 HEAD_JOINT1
9.595 34 -0.000746023 HEAD_JOINT1
9.6 34 -0.000749 HEAD_JOINT1
9.605 34 -0.00075193 HEAD_JOINT1
9.61 34 -0.000754812 HEAD_JOINT1
9.615 34 -0.000757648 HEAD_JOINT1
9.62 34 -0.000760435 HEAD_JOINT1
9.625 34 -0.000763175 HEAD_JOINT1
9.63 34 -0.000765867 HEAD_JOINT1
9.635 34 -0.000768512 HEAD_JOINT1
9.64 34 -0.000771109 HEAD_JOINT1
9.645 34 -0.000773658 HEAD_JOINT1
9.65 34 -0.000776201 HEAD_JOINT1
9.655 34 -0.000778807 HEAD_JOINT1
9.66 34 -0.0007815 HEAD_JOINT1
9.665 34 -0.000784285 HEAD_JOINT1
9.67 33 -0.000787159 HEAD_JOINT1
9.675 33 -0.000790111 HEAD_JOINT1
9.68 33 -0.000793132 HEAD_JOINT1
9.685 33 -0.000796209 HEAD_JOINT1
9.69 33 -0.00079933 HEAD_JOINT1
9.695 33 -0.000802482 HEAD_JOINT1
9.7 33 -0.000805654 HEAD_JOINT1
9.705 33 -0.000808835 HEAD_JOINT1
9.71 33 -0.000812013 HEAD_JOINT1
9.715 33 -0.000815179 HEAD_JOINT1
9.72 34 -0.000818322 HEAD_JOINT1
9.725 34 -0.000821432 HEAD_JOINT1
9.73 34 -0.000824501 HEAD_JOINT1
9.735 34 -0.00082752 HEAD_JOINT1
9.74 34 -0.000830479 HEAD_JOINT1
9.745 34 -0.000833371 HEAD_JOINT1
9.75 34 -0.000836188 HEAD_JOINT1
9.755 34 -0.000838921 HEAD_JOINT1
9.76 35 -0.000841565 HEAD_JOINT1
9.765 34 -0.000844112 HEAD_JOINT1
9.77 34 -0.000846555 HEAD_JOINT1
9.775 34 -0.000850529 HEAD_JOINT1
9.78 34 -0.000855306 HEAD_JOINT1
9.785 34 -0.00086046 HEAD_JOINT1
9.79 34 -0.000865777 HEAD_JOINT1
9.795 34 -0.000871148 HEAD_JOINT1
9.8 34 -0.00087651 HEAD_JOINT1
9.805 34 -0.000881829 HEAD_JOINT1
9.81 34 -0.00088708 HEAD_JOINT1
9.815 35 -0.000892249 HEAD_JOINT1
9.82 35 -0.000897326 HEAD_JOINT1
9.825 35 -0.000902301 HEAD_JOINT1
9.83 35 -0.000907168 HEAD_JOINT1
9.835 35 -0.000911921 HEAD_JOINT1
9.84 35 -0.000914857 HEAD_JOINT1
9.845 35 -0.000916707 HEAD_JOINT1
9.85 35 -0.00091789 HEAD_JOINT1
9.855 35 -0.000918624 HEAD_JOINT1
9.86 35 -0.000919044 HEAD_JOINT1
9.865 35 -0.000919239 HEAD_JOINT1
9.87 35 -0.000919273 HEAD_JOINT1
9.875 35 -0.000919192 HEAD_JOINT1
9.88 35 -0.000919031 HEAD_JOINT1
9.885 35 -0.000918815 HEAD_JOINT1
9.89 35 -0.000918563 HEAD_JOINT1
9.895 35 -0.00091829 HEAD_JOINT1
9.9 35 -0.000918005 HEAD_JOINT1
9.905 35 -0.000917718 HEAD_JOINT1
9.91 35 -0.000917433 HEAD_JOINT1
9.915 35 -0.000917155 HEAD_JOINT1
9.92 35 -0.000916886 HEAD_JOINT1
9.925 35 -0.000916629 HEAD_JOINT1
9.93 35 -0.000916384 HEAD_JOINT1
9.935 35 -0.000916152 HEAD_JOINT1
9.94 35 -0.000915932 HEAD_JOINT1
9.945 35 -0.000915726 HEAD_JOINT1
9.95 35 -0.000915532 HEAD_JOINT1
9.955 35 -0.00091535 HEAD_JOINT1
9.96 35 -0.000915178 HEAD_JOINT1
9.965 35 -0.000915017 HEAD_JOINT1
9.97 35 -0.000914865 HEAD_JOINT1
9.975 35 -0.000914722 HEAD_JOINT1
9.98 35 -0.000914586 HEAD_JOINT1
9.985 35 -0.000914458 HEAD_JOINT1
9.99 35 -0.000914335 HEAD_JOINT1
9.995 35 -0.000914219 HEAD_JOINT1
10 35 -0.000914107 HEAD_JOINT1
10.005 35 -0.000913999 HEAD_JOINT1
10.01 35 -0.000913895 HEAD_JOINT1
10.015 35 -0.000913794 HEAD_JOINT1
10.02 35 -0.000913696 HEAD_JOINT1
10.025 35 -0.0009136 HEAD_JOINT1
10.03 35 -0.000913506 HEAD_JOINT1
10.035 35 -0.000913413 HEAD_JOINT1
10.04 35 -0.000913321 HEAD_JOINT1
10.045 35 -0.00091323 HEAD_JOINT1
10.05 35 -0.000913139 HEAD_JOINT1
10.055 35 -0.000913049 HEAD_JOINT1
10.06 35 -0.000912959 HEAD_JOINT1
10.065 35 -0.000912868 HEAD_JOINT1
10.07 35 -0.000912777 HEAD_JOINT1
10.075 35 -0.000912686 HEAD_JOINT1
10.08 35 -0.000912594 HEAD_JOINT1
10.085 35 -0.000912501 HEAD_JOINT1
10.09 35 -0.000912407 HEAD_JOINT1
10.095 35 -0.000912312 HEAD_JOINT1
10.1 35 -0.000912216 HEAD_JOINT1
10.105 35 -0.000912119 HEAD_JOINT1
10.11 35 -0.000912021 HEAD_JOINT1
10.115 35 -0.000911922 HEAD_JOINT1
10.12 35 -0.000911821 HEAD_JOINT1
10.125 35 -0.000911719 HEAD_JOINT1
10.13 35 -0.000911616 HEAD_JOINT1
10.135 35 -0.000911511 HEAD_JOINT1
10.14 35 -0.000911405 HEAD_JOINT1
10.145 35 -0.000911297 HEAD_JOINT1
10.15 35 -0.000911188 HEAD_JOINT1
10.155 35 -0.000911078 HEAD_JOINT1
10.16 35 -0.000910966 HEAD_JOINT1
10.165 35 -0.000910853 HEAD_JOINT1
10.17 35 -0.000910738 HEAD_JOINT1
10.175 35 -0.000910622 HEAD_JOINT1
10.18 35 -0.000910505 HEAD_JOINT1
