0 0.000109044 0.000749895
0.005 0.000100907 0.000677056
0.01 9.69187e-05 0.000696882
0.015 9.79101e-05 0.00067592
0.02 9.58823e-05 0.000675038
0.025 9.69077e-05 0.00066511
0.03 9.58935e-05 0.000648096
0.035 9.29065e-05 0.000671923
0.04 9.29851e-05 0.000651002
0.045 9.29055e-05 0.000648922
0.05 9.39253e-05 0.000656988
0.055 9.3971e-05 0.000652034
0.06 9.29841e-05 0.000674001
0.065 9.31089e-05 0.000649887
0.07 9.39298e-05 0.000674993
0.075 9.69089e-05 0.000676111
0.08 9.30732e-05 0.000656898
0.085 9.69337e-05 0.000687897
0.09 9.6985e-05 0.000673949
0.095 9.29573e-05 0.000647974
0.1 9.29307e-05 0.000660994
0.105 9.29765e-05 0.000650993
0.11 9.18969e-05 0.000678914
0.115 9.60613e-05 0.000663979
0.12 9.30076e-05 0.000652024
0.125 9.29279e-05 0.000663945
0.13 9.302e-05 0.000669037
0.135 9.69064e-05 0.000686108
0.14 9.60573e-05 0.000673975
0.145 9.90363e-05 0.000648093
0.15 9.30957e-05 0.000661112
0.155 9.20488e-05 0.000647019
0.16 9.09759e-05 0.0006719
0.165 9.10612e-05 0.000652985
0.17 8.99353e-05 0.000647051
0.175 8.99618e-05 0.000661078
0.18 9.10144e-05 0.000647938
0.185 9.08952e-05 0.000672058
0.19 9.00269e-05 0.000652905
0.195 9.0093e-05 0.000661971
0.2 9.00924e-05 0.00066997
0.205 8.9893e-05 0.000647009
0.21 8.89659e-05 0.000685082
0.215 8.99382e-05 0.000649054
0.22 9.10574e-05 0.000647982
0.225 8.89846e-05 0.000662054
0.23 8.80371e-05 0.000649061
0.235 8.81101e-05 0.000669895
0.24 8.70563e-05 0.000648034
0.245 8.60366e-05 0.000646968
0.25 8.61164e-05 0.000661047
0.255 8.69835e-05 0.000648961
0.26 8.70102e-05 0.000671987
0.265 8.59034e-05 0.000661073
0.27 8.59627e-05 0.000648894
0.275 8.3943e-05 0.00066302
0.28 8.40487e-05 0.000637887
0.285 8.29035e-05 0.000676934
0.29 8.49889e-05 0.00066192
0.295 8.49487e-05 0.000667118
0.3 8.2094e-05 0.000650078
0.305 8.30279e-05 0.000647058
0.31 8.20149e-05 0.000660999
0.315 8.2889e-05 0.000645919
0.32 8.59224e-05 0.000664092
0.325 8.59286e-05 0.000666098
0.33 8.40207e-05 0.000638097
0.335 8.3114e-05 0.000653906
0.34 8.29021e-05 0.000637932
0.345 8.29028e-05 0.000636933
0.35 8.30955e-05 0.000649887
0.355 8.29764e-05 0.000638007
0.36 8.00233e-05 0.000663915
0.365 8.19437e-05 0.000636928
0.37 8.08981e-05 0.000638074
0.375 8.00444e-05 0.000645936
0.38 8.29851e-05 0.000637015
0.385 8.49857e-05 0.000667109
0.39 8.40384e-05 0.000646115
0.395 7.90254e-05 0.000639109
0.4 7.90724e-05 0.000640917
0.405 8.29273e-05 0.000639958
0.41 7.91132e-05 0.000652958
0.415 8.10008e-05 0.000639939
0.42 7.30942e-05 0.0006369
0.425 7.30157e-05 0.00063706
0.43 7.29372e-05 0.000652027
0.435 7.39774e-05 0.000637068
0.44 8.99453e-05 0.000646061
0.445 7.39719e-05 0.000648062
0.45 7.40188e-05 0.000638109
0.455 7.4033e-05 0.000653885
0.46 7.49275e-05 0.000637064
0.465 7.29349e-05 0.000659979
0.47 7.5061e-05 0.000637959
0.475 7.38831e-05 0.000646973
0.48 7.40227e-05 0.000654113
0.485 7.39634e-05 0.000636054
0.49 7.29314e-05 0.000659975
0.495 7.40574e-05 0.000636909
0.5 7.40252e-05 0.000644923
0.505 7.70723e-05 0.000663063
0.51 7.69e-05 0.000661891
0.515 7.60655e-05 0.000673056
0.52 7.60717e-05 0.000655016
0.525 7.20589e-05 0.000637056
0.53 7.19341e-05 0.000645932
0.535 7.59279e-05 0.000637111
0.54 7.29884e-05 0.000666032
0.545 7.21078e-05 0.000638105
0.55 7.00293e-05 0.000648934
0.555 7.09373e-05 0.000639889
0.56 7.29978e-05 0.000655042
0.565 7.10844e-05 0.000654036
0.57 7.48861e-05 0.000638023
0.575 6.80393e-05 0.00063909
0.58 6.80602e-05 0.000637111
0.585 6.79886e-05 0.000658039
0.59 6.80288e-05 0.000638079
0.595 8.00035e-05 0.000648895
0.6 6.78843e-05 0.000623935
0.605 6.59721e-05 0.00062293
0.61 6.41128e-05 0.000634978
0.615 6.4048e-05 0.000620913
0.62 6.40035e-05 0.000642107
0.625 6.50246e-05 0.000620936
0.63 6.50265e-05 0.000620938
0.635 6.30282e-05 0.000630086
0.64 6.39634e-05 0.000619067
0.645 6.29652e-05 0.000637023
0.65 6.18936e-05 0.000619905
0.655 6.09022e-05 0.000620106
0.66 6.11029e-05 0.000610068
0.665 6.20788e-05 0.00062209
0.67 6.10276e-05 0.000610992
0.675 6.20498e-05 0.000637061
0.68 6.19387e-05 0.00061195
0.685 6.10998e-05 0.000609065
0.69 5.90758e-05 0.000621948
0.695 5.8985e-05 0.000611096
0.7 5.89608e-05 0.000628071
0.705 5.99028e-05 0.00061106
0.71 5.89712e-05 0.000618082
0.715 6.18873e-05 0.000616898
0.72 6.20417e-05 0.000617053
0.725 6.10503e-05 0.000615015
0.73 6.11121e-05 0.000617077
0.735 6.0028e-05 0.000592947
0.74 5.90706e-05 0.000595989
0.745 5.90669e-05 0.000604939
0.75 5.99965e-05 0.000599915
0.755 6.20323e-05 0.000619043
0.76 6.18951e-05 0.000595906
0.765 5.60303e-05 0.000595002
0.77 5.5987e-05 0.000595959
0.775 5.50365e-05 0.000610962
0.78 5.61118e-05 0.000596083
0.785 5.61149e-05 0.000624086
0.79 5.60241e-05 0.000593996
0.795 5.49807e-05 0.000592906
0.8 5.30833e-05 0.000593962
0.805 5.79474e-05 0.000603012
0.81 5.393e-05 0.000595047
0.815 5.40325e-05 0.000615911
0.82 5.30548e-05 0.000594887
0.825 5.51109e-05 0.000592036
0.83 5.39287e-05 0.000606046
0.835 5.39181e-05 0.000595035
0.84 5.20207e-05 0.000611045
0.845 5.5957e-05 0.000592975
0.85 5.096e-05 0.000589985
0.855 5.2023e-05 0.000592048
0.86 5.18939e-05 0.000604919
0.865 5.2029e-05 0.000593054
0.87 5.19926e-05 0.000614017
0.875 5.29685e-05 0.00059304
0.88 5.09784e-05 0.000592003
0.885 5.20876e-05 0.000593112
0.89 5.20048e-05 0.00060503
0.895 5.09017e-05 0.000593118
0.9 5.10109e-05 0.000612989
0.905 4.99473e-05 0.000594118
0.91 5.00565e-05 0.000591989
0.915 5.00731e-05 0.000597005
0.92 5.50299e-05 0.000601955
0.925 5.19267e-05 0.000614951
0.93 5.29422e-05 0.000616013
0.935 5.21102e-05 0.000614896
0.94 5.19007e-05 0.000601925
0.945 4.99897e-05 0.000604922
0.95 4.99859e-05 0.000615918
0.955 5.20613e-05 0.000628086
0.96 5.20699e-05 0.000609095
0.965 5.00593e-05 0.000591991
0.97 5.00759e-05 0.000593008
0.975 4.89005e-05 0.000607025
0.98 4.99894e-05 0.000591922
0.985 4.90524e-05 0.000622938
0.99 4.98825e-05 0.000594099
0.995 5.00381e-05 0.00059297
1 4.9909e-05 0.00061208
1.005 5.40374e-05 0.000593916
1.01 5.00936e-05 0.000610026
1.015 5.303e-05 0.000602101
1.02 4.80262e-05 0.000595104
1.025 4.80892e-05 0.000607929
1.03 4.80855e-05 0.000604925
1.035 4.79891e-05 0.000593067
1.04 4.79594e-05 0.000616037
1.045 4.90878e-05 0.000592974
1.05 4.79124e-05 0.00059499
1.055 4.79753e-05 0.000592053
1.06 4.78993e-05 0.000603977
1.065 4.7995e-05 0.000592073
1.07 4.79121e-05 0.00062199
1.075 4.70339e-05 0.000604065
1.08 4.59906e-05 0.000592976
1.085 4.60536e-05 0.000610039
1.09 4.69503e-05 0.000597028
1.095 4.61059e-05 0.000605091
1.1 4.6109e-05 0.000617094
1.105 4.69527e-05 0.000592984
1.11 4.61151e-05 0.0005921
1.115 4.59001e-05 0.000605885
1.12 4.59495e-05 0.000592935
1.125 4.60192e-05 0.000620004
1.13 5.10482e-05 0.000593027
1.135 4.59191e-05 0.000607904
1.14 4.69154e-05 0.000615993
1.145 4.80901e-05 0.00061793
1.15 4.70593e-05 0.000594091
1.155 4.50296e-05 0.000614968
1.16 4.59726e-05 0.000590958
1.165 4.49962e-05 0.000592935
1.17 4.50659e-05 0.000605005
1.175 4.50689e-05 0.000605008
1.18 4.50256e-05 0.000595964
1.185 4.49959e-05 0.000621935
1.19 4.50712e-05 0.00061901
1.195 4.70008e-05 0.000616079
1.2 4.69371e-05 0.000617969
1.205 4.4913e-05 0.00059209
1.21 4.59829e-05 0.000606968
1.215 4.68864e-05 0.000596918
1.22 4.59889e-05 0.000591974
1.225 4.50587e-05 0.000610998
1.23 4.60549e-05 0.00060504
1.235 4.51043e-05 0.000592089
1.24 4.59356e-05 0.000614967
1.245 4.60178e-05 0.000592003
1.25 4.58955e-05 0.000604119
1.255 4.60442e-05 0.000593029
1.26 4.6114e-05 0.000610099
1.265 5.10109e-05 0.000605989
1.27 4.60071e-05 0.000617992
1.275 4.68971e-05 0.000591929
1.28 4.50131e-05 0.000592998
1.285 4.60829e-05 0.000594068
1.29 4.79934e-05 0.000600071
1.295 4.59037e-05 0.000594889
1.3 4.61125e-05 0.000616098
1.305 4.59561e-05 0.000595941
1.31 4.59728e-05 0.000592958
1.315 4.60425e-05 0.000606074
1.32 4.59461e-05 0.000591931
1.325 4.60159e-05 0.000609001
1.33 5.10585e-05 0.000593037
1.335 4.59757e-05 0.000592961
1.34 4.60387e-05 0.000592024
1.345 4.59163e-05 0.000604901
1.35 4.59657e-05 0.000609951
1.355 4.80546e-05 0.000627894
1.36 4.80169e-05 0.000617095
1.365 4.4907e-05 0.000603084
1.37 4.49631e-05 0.000591902
1.375 4.49865e-05 0.000610972
1.38 4.99296e-05 0.0005921
1.385 4.59463e-05 0.000613931
1.39 4.58894e-05 0.000592113
1.395 4.59128e-05 0.000591898
1.4 4.59363e-05 0.000596922
1.405 4.80851e-05 0.000596925
1.41 4.60023e-05 0.000592988
1.415 5.9072e-05 0.000599944
1.42 4.69688e-05 0.000593
1.425 4.6886e-05 0.000615918
1.43 4.79614e-05 0.000616039
1.435 4.7944e-05 0.000600022
1.44 5.10003e-05 0.000627979
1.445 4.61083e-05 0.000592094
1.45 4.59396e-05 0.000590925
1.455 4.59631e-05 0.000595948
1.46 4.71186e-05 0.000617958
1.465 4.61014e-05 0.000593087
1.47 4.59327e-05 0.000616918
1.475 4.70148e-05 0.000592046
1.48 4.48924e-05 0.000593116
1.485 4.59622e-05 0.000591947
1.49 4.80319e-05 0.00061511
1.495 4.61073e-05 0.000592093
1.5 4.59387e-05 0.000626924
1.505 4.60071e-05 0.000591992
1.51 4.60306e-05 0.000592016
1.515 4.51003e-05 0.000599039
1.52 4.89181e-05 0.000604042
1.525 4.59674e-05 0.000614953
1.53 4.69038e-05 0.000597935
1.535 4.49136e-05 0.000590899
1.54 4.49371e-05 0.000605114
1.545 4.79402e-05 0.000622018
1.55 5.00086e-05 0.000591941
1.555 4.60253e-05 0.00061401
1.56 4.59685e-05 0.000591954
1.565 4.59851e-05 0.00061297
1.57 4.69745e-05 0.000611006
1.575 4.60104e-05 0.000603996
1.58 4.49207e-05 0.000595098
1.585 4.50368e-05 0.000620976
1.59 4.99201e-05 0.000594091
1.595 4.5983e-05 0.000591968
1.6 4.70064e-05 0.000606038
1.605 4.81021e-05 0.000596942
1.61 4.50193e-05 0.000591005
1.615 4.49964e-05 0.000617935
1.62 4.59328e-05 0.000590918
1.625 4.59562e-05 0.000591941
1.63 4.5026e-05 0.000615011
1.635 4.59159e-05 0.000594901
1.64 4.48863e-05 0.00060711
1.645 5.09289e-05 0.000591907
1.65 4.60382e-05 0.000593023
1.655 4.59158e-05 0.000591901
1.66 4.49856e-05 0.000615924
1.665 4.59288e-05 0.000618914
1.67 4.69577e-05 0.000626036
1.675 4.79268e-05 0.000603005
1.68 4.59299e-05 0.000583915
1.685 4.70595e-05 0.000591091
1.69 4.60761e-05 0.000596108
1.695 4.70928e-05 0.000584886
1.7 4.60767e-05 0.000615108
1.705 4.59136e-05 0.000583899
1.71 4.58974e-05 0.000583883
1.715 4.70735e-05 0.000594105
1.72 4.89906e-05 0.000590115
1.725 4.71068e-05 0.0005839
1.73 4.70906e-05 0.000608884
1.735 4.59411e-05 0.000583926
1.74 4.61171e-05 0.000596102
1.745 4.59417e-05 0.000604927
1.75 4.60837e-05 0.000585069
1.755 4.60675e-05 0.000594053
1.76 4.80311e-05 0.000573109
1.765 4.60749e-05 0.00056606
1.77 4.60859e-05 0.000568071
1.775 4.5898e-05 0.000588883
1.78 4.60673e-05 0.000577052
1.785 4.70579e-05 0.000600089
1.79 4.8922e-05 0.000590046
1.795 5.09318e-05 0.00057291
1.8 4.60683e-05 0.000566054
1.805 4.58872e-05 0.000590111
1.81 4.59107e-05 0.000564896
1.815 4.59217e-05 0.000582907
1.82 4.89056e-05 0.00056603
1.825 4.59099e-05 0.000566895
1.83 4.59672e-05 0.000566952
1.835 4.60246e-05 0.00057901
1.84 4.60616e-05 0.000566047
1.845 4.60659e-05 0.000587051
1.85 4.68972e-05 0.000565929
1.855 4.60009e-05 0.000564986
1.86 4.60119e-05 0.000564997
1.865 4.60229e-05 0.000578008
1.87 4.606e-05 0.000567045
1.875 4.59716e-05 0.000585957
1.88 4.60413e-05 0.000566027
1.885 4.59066e-05 0.000565892
1.89 4.5964e-05 0.000566949
1.895 4.60213e-05 0.000586007
1.9 4.59058e-05 0.000560891
1.905 4.597e-05 0.000578955
1.91 4.70928e-05 0.000569886
1.915 4.8044e-05 0.000583883
1.92 4.78821e-05 0.00058296
1.925 4.79124e-05 0.00058199
1.93 4.68962e-05 0.000558928
1.935 4.6914e-05 0.000581946
1.94 4.709e-05 0.000558883
1.945 4.61078e-05 0.000559093
1.95 4.80262e-05 0.000572104
1.955 4.69774e-05 0.000571009
1.96 4.69285e-05 0.00055796
1.965 4.69e-05 0.000578932
1.97 4.59303e-05 0.000558915
1.975 4.69481e-05 0.00056198
1.98 4.89523e-05 0.000561077
1.985 4.69171e-05 0.000583949
1.99 4.69936e-05 0.000571025
1.995 4.60906e-05 0.000576884
2 4.70281e-05 0.00055906
2.005 4.60459e-05 0.000574031
2.01 4.90897e-05 0.000580975
2.015 4.88815e-05 0.000582006
2.02 4.8958e-05 0.000560082
2.025 4.91148e-05 0.000581001
2.03 4.89067e-05 0.000561031
2.035 5.01098e-05 0.000569042
2.04 4.89615e-05 0.000560086
2.045 4.91183e-05 0.000571004
2.05 4.89632e-05 0.000559087
2.055 4.90737e-05 0.00058396
2.06 4.89581e-05 0.000559082
2.065 4.90686e-05 0.000559954
2.07 4.89407e-05 0.000558065
2.075 4.90049e-05 0.000569891
2.08 4.90487e-05 0.000559934
2.085 4.89207e-05 0.000576091
2.09 4.89509e-05 0.000560075
2.095 5.01077e-05 0.00055804
2.1 4.99798e-05 0.000542912
2.105 5.40643e-05 0.000565943
2.11 4.90551e-05 0.000542941
2.115 4.89012e-05 0.000548025
2.12 4.99258e-05 0.000543096
2.125 4.91029e-05 0.000541989
2.13 4.89027e-05 0.000543027
2.135 4.89873e-05 0.000552112
2.14 4.90978e-05 0.000543984
2.145 4.89902e-05 0.000544114
2.15 6.38827e-05 0.000553987
2.155 4.90259e-05 0.000543912
2.16 5.11036e-05 0.000568082
2.165 5.10548e-05 0.000564033
2.17 5.09596e-05 0.000567938
2.175 5.01028e-05 0.000545035
2.18 4.80879e-05 0.000568927
2.185 4.89464e-05 0.000545071
2.19 4.90705e-05 0.000543956
2.195 4.89629e-05 0.000562087
2.2 5.09672e-05 0.000549946
2.205 4.88923e-05 0.000543017
2.21 4.89769e-05 0.000570101
2.215 4.99281e-05 0.000546099
2.22 4.79595e-05 0.000547037
2.225 4.88983e-05 0.000544022
2.23 4.90291e-05 0.000567915
2.235 4.89802e-05 0.000569104
2.24 5.09777e-05 0.000575956
2.245 5.11074e-05 0.000564894
2.25 5.00121e-05 0.000565944
2.255 4.90164e-05 0.000543902
2.26 4.90479e-05 0.000549934
2.265 4.91188e-05 0.000537005
2.27 4.89254e-05 0.00056205
2.275 4.99827e-05 0.000537915
2.28 4.8882e-05 0.000538006
2.285 4.99269e-05 0.000537097
2.29 4.90183e-05 0.000550904
2.295 4.88971e-05 0.000538021
2.3 4.89885e-05 0.000560113
2.305 4.89996e-05 0.000537885
2.31 4.78987e-05 0.000536023
2.315 4.88975e-05 0.000539022
2.32 4.90351e-05 0.000549921
2.325 5.00066e-05 0.000537939
2.33 4.89058e-05 0.00055103
2.335 5.21158e-05 0.000543948
2.34 4.90014e-05 0.000537887
2.345 5.00927e-05 0.000537025
2.35 4.89457e-05 0.00055507
2.355 5.30562e-05 0.000536935
2.36 5.00943e-05 0.000536026
2.365 4.8901e-05 0.000559025
2.37 5.00578e-05 0.00053699
2.375 4.89106e-05 0.000538081
2.38 4.90483e-05 0.000537934
2.385 5.29012e-05 0.000549019
2.39 5.0058e-05 0.00053699
2.395 5.00962e-05 0.000548028
2.4 5.00282e-05 0.00052396
2.405 4.89941e-05 0.000523118
2.41 5.00595e-05 0.000523992
2.415 4.99791e-05 0.000536911
2.42 5.20636e-05 0.000545088
2.425 5.19493e-05 0.000557974
2.43 5.1053e-05 0.000537078
2.435 5.00449e-05 0.000522977
2.44 4.99644e-05 0.000521897
2.445 5.00298e-05 0.000535962
2.45 4.9929e-05 0.0005211
2.455 4.99944e-05 0.000530927
2.46 6.10925e-05 0.000534057
2.465 5.10708e-05 0.000528049
2.47 5.09305e-05 0.000543955
2.475 5.10546e-05 0.000543033
2.48 5.10861e-05 0.000535064
2.485 4.99852e-05 0.000521917
2.49 5.00969e-05 0.000550029
2.495 4.98832e-05 0.000523054
2.5 4.90411e-05 0.000521927
2.505 4.91065e-05 0.000521039
2.51 4.79798e-05 0.000542058
2.515 5.29186e-05 0.00052199
2.52 4.99309e-05 0.000547101
2.525 4.91012e-05 0.000523033
2.53 4.90209e-05 0.000523907
2.535 4.88873e-05 0.000523012
2.54 4.9999e-05 0.000534931
2.545 4.88983e-05 0.000522022
2.55 4.99636e-05 0.000521896
2.555 6.20753e-05 0.000534894
2.56 5.00072e-05 0.000529939
2.565 4.89596e-05 0.000523084
2.57 4.90713e-05 0.000521957
2.575 5.38983e-05 0.000532016
2.58 5.00359e-05 0.000521968
2.585 5.01013e-05 0.000546033
2.59 4.99407e-05 0.000522111
2.595 5.00523e-05 0.000523984
2.6 5.00182e-05 0.00052195
2.605 5.00769e-05 0.000535009
2.61 4.9976e-05 0.000522908
2.615 4.98956e-05 0.000542066
2.62 5.38807e-05 0.000521998
2.625 4.89856e-05 0.00052211
2.63 5.1051e-05 0.000522029
2.635 4.99706e-05 0.000529903
2.64 5.2923e-05 0.000521994
2.645 4.99815e-05 0.000519914
2.65 5.00006e-05 0.000546933
2.655 5.08862e-05 0.000523103
2.66 5.00906e-05 0.000522023
2.665 4.99638e-05 0.000523896
2.67 5.00756e-05 0.000538008
2.675 5.00144e-05 0.000521946
2.68 5.00797e-05 0.000546012
2.685 5.0919e-05 0.000538897
2.69 5.20499e-05 0.000542075
2.695 5.10813e-05 0.000543106
2.7 4.9967e-05 0.000535945
2.705 4.99588e-05 0.000537891
2.71 5.19507e-05 0.000553975
2.715 5.30612e-05 0.000542894
2.72 5.00395e-05 0.000522018
2.725 4.99591e-05 0.000522891
2.73 5.01171e-05 0.000530049
2.735 5.20163e-05 0.000532041
2.74 5.09687e-05 0.000522947
2.745 6.18815e-05 0.000530893
2.75 5.1105e-05 0.000523083
2.755 5.00709e-05 0.000536003
2.76 5.0116e-05 0.000523048
2.765 5.40356e-05 0.000529915
2.77 5.19811e-05 0.000529052
2.775 5.00792e-05 0.000545011
2.78 5.11106e-05 0.000524089
2.785 5.10765e-05 0.000523055
2.79 5.09962e-05 0.000523975
2.795 5.10084e-05 0.000534987
2.8 5.09076e-05 0.000521886
2.805 5.20125e-05 0.000543037
2.81 5.39445e-05 0.000522062
2.815 5.095e-05 0.000522928
2.82 5.1108e-05 0.000523086
2.825 5.10276e-05 0.000530052
2.83 5.19268e-05 0.000520952
2.835 5.10849e-05 0.000522063
2.84 5.09581e-05 0.000542936
2.845 5.18969e-05 0.000522922
2.85 5.11012e-05 0.00052208
2.855 5.09745e-05 0.000528999
2.86 5.10658e-05 0.000535044
2.865 5.10645e-05 0.000522043
2.87 5.09841e-05 0.000544963
2.875 5.10155e-05 0.00052204
2.88 5.09351e-05 0.00052096
2.885 5.19938e-05 0.000521019
2.89 5.11054e-05 0.000534084
2.895 5.09584e-05 0.000524937
2.9 5.19706e-05 0.000537995
2.905 5.41015e-05 0.00052698
2.91 5.19148e-05 0.00052194
2.915 5.20728e-05 0.000521098
2.92 5.19461e-05 0.000525971
2.925 5.39979e-05 0.000525115
2.93 5.10033e-05 0.000521982
2.935 5.0923e-05 0.000543901
2.94 5.10007e-05 0.000521979
2.945 5.11124e-05 0.000547091
2.95 5.40906e-05 0.00054497
2.955 5.39165e-05 0.000537034
2.96 5.19546e-05 0.000532979
2.965 5.09534e-05 0.000527932
2.97 5.09125e-05 0.000520891
2.975 5.09711e-05 0.000521949
2.98 5.10827e-05 0.000522061
2.985 5.0956e-05 0.000535934
2.99 5.09016e-05 0.000544118
2.995 5.18867e-05 0.000538911
3 5.40175e-05 0.000528896
3.005 5.09699e-05 0.000522948
3.01 5.18895e-05 0.000521914
3.015 5.20011e-05 0.000526026
3.02 5.30529e-05 0.000537886
3.025 5.1038e-05 0.000524016
3.03 5.1004e-05 0.000543982
3.035 5.40286e-05 0.000527908
3.04 5.08883e-05 0.000522105
3.045 5.09999e-05 0.000521978
3.05 5.11117e-05 0.00053409
3.055 5.09645e-05 0.000522943
3.06 5.08842e-05 0.000546101
3.065 5.20082e-05 0.000525033
3.07 5.10669e-05 0.000522045
3.075 5.19401e-05 0.000520965
3.08 5.20517e-05 0.000534077
3.085 5.19047e-05 0.000520929
3.09 5.20163e-05 0.000524041
3.095 5.40941e-05 0.000529973
3.1 5.30465e-05 0.000522118
3.105 5.20124e-05 0.000522037
3.11 5.19783e-05 0.000522003
3.115 5.29374e-05 0.000529009
3.12 5.20819e-05 0.000523107
3.125 5.20479e-05 0.000546073
3.13 5.19798e-05 0.000523005
3.135 5.09458e-05 0.000528924
3.14 5.18981e-05 0.000521923
3.145 5.20562e-05 0.000536081
3.15 5.1048e-05 0.000522073
3.155 5.29676e-05 0.000543039
3.16 5.30453e-05 0.000523116
3.165 5.30045e-05 0.000521076
3.17 4.99241e-05 0.000523902
3.175 4.99364e-05 0.000536107
3.18 5.0074e-05 0.000532052
3.185 5.20727e-05 0.000545097
3.19 5.39448e-05 0.000544062
3.195 5.30687e-05 0.000528901
3.2 5.09284e-05 0.000521907
3.205 5.00865e-05 0.000524019
3.21 5.19993e-05 0.000542024
3.215 5.20771e-05 0.000543102
3.22 5.19163e-05 0.000553941
3.225 4.99274e-05 0.000525098
3.23 4.98934e-05 0.000523064
3.235 4.9952e-05 0.000521884
3.24 5.00173e-05 0.000532949
3.245 5.09697e-05 0.000523948
3.25 5.09355e-05 0.000554914
3.255 5.09997e-05 0.000522978
3.26 5.11114e-05 0.00052209
3.265 4.99847e-05 0.000522917
3.27 5.10501e-05 0.000533029
3.275 5.00488e-05 0.000521981
3.28 5.01141e-05 0.000521093
3.285 5.49738e-05 0.000541899
3.29 5.00979e-05 0.00052203
3.295 4.99248e-05 0.000527095
3.3 5.20761e-05 0.000528101
3.305 5.29753e-05 0.000528046
3.31 4.98813e-05 0.000522052
3.315 4.99467e-05 0.000546117
3.32 5.09782e-05 0.000524957
3.325 4.99904e-05 0.000521922
3.33 5.00557e-05 0.000521988
3.335 4.98827e-05 0.000535053
3.34 4.99276e-05 0.000522098
3.345 5.00394e-05 0.000541971
3.35 5.30708e-05 0.000532903
3.355 5.19237e-05 0.000528948
3.36 5.70219e-05 0.00052204
3.365 5.1981e-05 0.000531006
3.37 5.29265e-05 0.000520998
3.375 5.30777e-05 0.00052091
3.38 6.59974e-05 0.000535955
3.385 5.51146e-05 0.00052104
3.39 5.48884e-05 0.000521052
3.395 5.4947e-05 0.000520919
3.4 6.00056e-05 0.000529924
3.405 5.60438e-05 0.000521015
3.41 5.51024e-05 0.000546028
3.415 5.49812e-05 0.000521907
3.42 5.50399e-05 0.000541965
3.425 5.70181e-05 0.000543036
3.43 5.80427e-05 0.000540107
3.435 5.49679e-05 0.000522893
3.44 5.50728e-05 0.000547998
3.445 5.59449e-05 0.000521917
3.45 5.50961e-05 0.000522021
3.455 5.49163e-05 0.00052308
3.46 5.50213e-05 0.000534947
3.465 6.10063e-05 0.000527971
3.47 5.49982e-05 0.000555923
3.475 5.79098e-05 0.00054202
3.48 5.80271e-05 0.000532091
3.485 5.50189e-05 0.000521944
3.49 5.60775e-05 0.000528049
3.495 5.99305e-05 0.000522087
3.5 5.50749e-05 0.000522046
3.505 5.68882e-05 0.000556906
3.51 5.89852e-05 0.000521096
3.515 5.60301e-05 0.000522002
3.52 5.49429e-05 0.000523915
3.525 5.49484e-05 0.000538112
3.53 5.58872e-05 0.000523097
3.535 5.60847e-05 0.000544056
3.54 5.71094e-05 0.000520889
3.545 5.60222e-05 0.000521994
3.55 5.80277e-05 0.000528092
3.555 5.60195e-05 0.000534991
3.56 5.6104e-05 0.000534076
3.565 5.6096e-05 0.000541068
3.57 6.20279e-05 0.000533039
3.575 5.70593e-05 0.000522077
3.58 5.79722e-05 0.000522036
3.585 5.69245e-05 0.000531989
3.59 5.69096e-05 0.000520928
3.595 5.80609e-05 0.000520887
3.6 6.902e-05 0.000529925
3.605 5.70909e-05 0.000523109
3.61 5.70964e-05 0.000521922
3.615 5.69097e-05 0.000520974
3.62 6.21073e-05 0.000526926
3.625 5.69997e-05 0.000521018
3.63 5.69125e-05 0.000543931
3.635 5.89835e-05 0.000523094
3.64 5.70816e-05 0.0005211
3.645 5.70407e-05 0.000524059
3.65 5.80462e-05 0.00053311
3.655 5.79319e-05 0.000537996
3.66 5.91023e-05 0.000552974
3.665 6.00138e-05 0.000540932
3.67 5.70848e-05 0.000522103
3.675 5.8044e-05 0.000520108
3.68 5.69104e-05 0.000532928
3.685 5.6995e-05 0.000521013
3.69 5.70999e-05 0.000532118
3.695 6.00386e-05 0.000525957
3.7 5.68916e-05 0.00051991
3.705 5.69965e-05 0.000523014
3.71 5.60019e-05 0.000524974
3.715 5.90006e-05 0.000524111
3.72 5.79529e-05 0.000523017
3.725 5.69053e-05 0.000541923
3.73 5.78836e-05 0.000526948
3.735 5.8975e-05 0.000540085
3.74 5.89995e-05 0.00054011
3.745 5.90242e-05 0.000531896
3.75 5.59166e-05 0.000532888
3.755 5.81006e-05 0.000547926
3.76 5.79263e-05 0.000521991
3.765 5.69317e-05 0.00052195
3.77 5.8083e-05 0.000538909
3.775 5.79223e-05 0.000533987
3.78 5.70995e-05 0.000521117
3.785 5.7966e-05 0.00053903
3.79 5.70833e-05 0.000520101
3.795 5.7943e-05 0.000520007
3.8 5.70479e-05 0.000520066
3.805 5.69144e-05 0.000527932
3.81 5.69526e-05 0.000533971
3.815 5.79908e-05 0.000519055
3.82 6.90958e-05 0.000534954
3.825 5.89677e-05 0.000527078
3.83 5.80591e-05 0.000522885
3.835 5.71109e-05 0.00052289
3.84 5.90169e-05 0.000527935
3.845 6.00552e-05 0.000520974
3.85 5.7107e-05 0.000546933
3.855 5.69327e-05 0.000520951
3.86 5.70839e-05 0.000524102
3.865 5.70825e-05 0.0005211
3.87 5.69953e-05 0.000533013
3.875 5.80798e-05 0.000523906
3.88 5.79396e-05 0.000543004
3.885 5.80106e-05 0.000522075
3.89 5.7016e-05 0.000535034
3.895 5.90011e-05 0.000542112
3.9 6.01184e-05 0.000541037
3.905 5.79441e-05 0.000520008
3.91 5.70953e-05 0.000534113
3.915 6.00341e-05 0.000522999
3.92 5.70791e-05 0.000520097
3.925 5.79456e-05 0.00052101
3.93 5.79047e-05 0.000523969
3.935 6.28966e-05 0.000520954
3.94 5.80874e-05 0.000520913
3.945 5.80002e-05 0.000547064
3.95 5.80644e-05 0.00052189
3.955 5.70698e-05 0.000525088
3.96 5.69759e-05 0.000521994
3.965 5.6935e-05 0.000532953
3.97 5.70659e-05 0.000522084
3.975 5.7025e-05 0.000544043
3.98 5.89038e-05 0.000524014
3.985 5.80483e-05 0.000521113
3.99 5.80074e-05 0.000520072
3.995 5.79202e-05 0.000535985
4 6.00443e-05 0.000540963
4.005 6.01085e-05 0.000553027
4.01 6.21127e-05 0.000521885
4.015 5.81114e-05 0.000523937
4.02 5.79248e-05 0.000521989
4.025 5.69302e-05 0.000529948
4.03 5.70611e-05 0.000523079
4.035 5.80666e-05 0.000538892
4.04 7.29522e-05 0.000527996
4.045 5.70695e-05 0.000519087
4.05 5.68896e-05 0.000519908
4.055 5.70408e-05 0.000520059
4.06 5.90927e-05 0.000528965
4.065 5.68924e-05 0.00051991
4.07 5.69973e-05 0.000548015
4.075 6.20547e-05 0.000521066
4.08 5.79607e-05 0.000519025
4.085 5.70656e-05 0.000535084
4.09 5.70044e-05 0.000533022
4.095 5.80889e-05 0.000519915
4.1 5.80017e-05 0.000544066
4.105 5.81191e-05 0.000519945
4.11 5.80319e-05 0.000524096
4.115 5.68916e-05 0.000521956
4.12 5.70891e-05 0.000533107
4.125 5.79816e-05 0.000532046
4.13 6.2066e-05 0.000554077
4.135 6.20567e-05 0.000542114
4.14 6.28824e-05 0.00052494
4.145 5.9967e-05 0.000532886
4.15 6.00979e-05 0.000529016
4.155 5.98909e-05 0.000521048
4.16 5.8989e-05 0.0005221
4.165 5.90407e-05 0.000570913
4.17 6.1071e-05 0.000520036
4.175 5.88844e-05 0.000522995
4.18 5.99362e-05 0.000524093
4.185 6.48885e-05 0.000529039
4.19 5.89199e-05 0.000522031
4.195 5.99717e-05 0.00054289
4.2 5.99432e-05 0.0005201
4.205 5.99487e-05 0.000521106
4.21 6.19474e-05 0.000519959
4.215 6.1085e-05 0.000532096
4.22 6.19707e-05 0.000522982
4.225 6.20156e-05 0.000547073
4.23 6.20267e-05 0.000521084
4.235 6.19791e-05 0.000523037
4.24 6.20241e-05 0.000520035
4.245 6.18837e-05 0.000533895
4.25 6.40542e-05 0.000541919
4.255 6.59726e-05 0.000557931
4.26 6.70096e-05 0.000542014
4.265 6.80205e-05 0.000521118
4.27 6.40125e-05 0.000521116
4.275 6.40111e-05 0.000534115
4.28 6.40358e-05 0.000522901
4.285 6.40739e-05 0.000521939
4.29 7.9119e-05 0.000536964
4.295 6.39311e-05 0.000521081
4.3 6.40225e-05 0.000524888
4.305 6.40143e-05 0.000524118
4.31 6.60062e-05 0.000525011
4.315 6.4945e-05 0.000520095
4.32 6.29437e-05 0.000546001
4.325 6.49547e-05 0.000520105
4.33 6.39533e-05 0.000527057
4.335 7.00842e-05 0.000519989
4.34 6.38841e-05 0.000531034
4.345 6.50544e-05 0.000533966
4.35 6.40327e-05 0.000544898
4.355 6.49444e-05 0.000519902
4.36 6.39893e-05 0.000544901
4.365 6.70467e-05 0.000542051
4.37 6.60578e-05 0.000537016
4.375 6.50756e-05 0.000518987
4.38 6.5028e-05 0.00054294
4.385 6.49464e-05 0.000520097
4.39 6.39913e-05 0.000519095
4.395 6.39437e-05 0.000522094
4.4 6.40813e-05 0.000531947
4.405 6.50133e-05 0.000523925
4.41 6.30051e-05 0.000540063
4.415 7.00693e-05 0.000519974
4.42 6.39155e-05 0.000521019
4.425 6.39074e-05 0.000524011
4.43 6.40913e-05 0.000527957
4.435 6.40696e-05 0.000523935
4.44 6.39688e-05 0.000522073
4.445 7.50138e-05 0.000536912
4.45 6.39717e-05 0.000521076
4.455 6.40168e-05 0.000520882
4.46 6.50155e-05 0.000518927
4.465 6.99678e-05 0.000527111
4.47 6.39461e-05 0.00052405
4.475 6.38916e-05 0.000546995
4.48 6.39954e-05 0.000521099
4.485 6.39941e-05 0.000521098
4.49 6.49927e-05 0.000521904
4.495 6.40309e-05 0.000532896
4.5 6.40092e-05 0.000519113
4.505 6.49616e-05 0.000546112
4.51 6.50652e-05 0.000525977
4.515 6.69577e-05 0.000539962
4.52 6.59224e-05 0.000541119
4.525 6.80792e-05 0.000546891
4.53 7.10303e-05 0.000520982
4.535 6.59229e-05 0.000552881
4.54 6.59666e-05 0.000523925
4.545 6.60048e-05 0.000520963
4.55 6.60962e-05 0.0005381
4.555 6.7114e-05 0.000532118
4.56 6.69465e-05 0.000518951
4.565 6.59847e-05 0.000535943
4.57 6.89563e-05 0.0005281
4.575 6.69345e-05 0.000521939
4.58 6.61185e-05 0.000521077
4.585 6.59714e-05 0.000525976
4.59 6.59961e-05 0.000531954
4.595 6.90207e-05 0.000539118
4.6 7.89854e-05 0.000545115
4.605 7.00688e-05 0.000539974
4.61 6.98877e-05 0.000543031
4.615 6.80377e-05 0.000526088
4.62 7.29697e-05 0.000526014
4.625 6.7948e-05 0.000520045
4.63 6.79399e-05 0.000540991
4.635 6.79509e-05 0.000520048
4.64 6.68897e-05 0.000518894
4.645 6.6981e-05 0.000518985
4.65 7.30724e-05 0.000535116
4.655 6.80371e-05 0.000520088
4.66 6.69826e-05 0.000543987
4.665 6.80863e-05 0.000520899
4.67 6.80318e-05 0.000519083
4.675 6.78848e-05 0.000520936
4.68 6.71151e-05 0.000533881
4.685 6.80402e-05 0.000519091
4.69 6.69858e-05 0.00054599
4.695 6.79437e-05 0.000519041
4.7 6.69357e-05 0.00052494
4.705 6.70665e-05 0.000525071
4.71 6.79453e-05 0.000536996
4.715 7.50953e-05 0.000521993
4.72 6.90273e-05 0.000543886
4.725 6.99322e-05 0.000523075
4.73 6.89173e-05 0.000520061
4.735 6.89555e-05 0.000521053
4.74 6.89937e-05 0.000532091
4.745 7.39188e-05 0.000520009
4.75 6.99502e-05 0.000538094
4.755 7.30077e-05 0.000527052
4.76 6.90786e-05 0.000520937
4.765 6.91168e-05 0.000542022
4.77 7.08826e-05 0.000539072
4.775 7.2079e-05 0.000536077
4.78 6.99906e-05 0.000524895
4.785 7.5101e-05 0.000526999
4.79 6.91189e-05 0.000520978
4.795 6.79187e-05 0.000520016
4.8 6.79106e-05 0.000546961
4.805 7.21002e-05 0.000524098
4.81 6.89859e-05 0.000521083
4.815 6.89246e-05 0.000542022
4.82 6.80282e-05 0.000518887
4.825 7.0967e-05 0.000544918
4.83 7.19181e-05 0.000538916
4.835 7.20219e-05 0.000532019
4.84 6.90861e-05 0.000518945
4.845 6.80316e-05 0.00054889
4.85 7.50222e-05 0.00052192
4.855 6.8908e-05 0.000520005
4.86 6.90919e-05 0.000519951
4.865 6.88917e-05 0.000531989
4.87 7.41016e-05 0.000527953
4.875 7.00268e-05 0.000548932
4.88 7.10706e-05 0.000520022
4.885 6.8963e-05 0.00052506
4.89 6.99481e-05 0.000521092
4.895 7.00327e-05 0.000535938
4.9 7.09511e-05 0.000520902
4.905 7.00819e-05 0.000543987
4.91 7.10794e-05 0.000522031
4.915 7.50181e-05 0.000529963
4.92 7.10292e-05 0.000529981
4.925 7.09081e-05 0.000536098
4.93 7.11113e-05 0.000519063
4.935 6.9911e-05 0.000544054
4.94 7.09085e-05 0.000521098
4.945 7.10393e-05 0.000518991
4.95 7.10775e-05 0.000521029
4.955 6.99699e-05 0.000535113
4.96 7.00805e-05 0.000523032
4.965 7.01118e-05 0.000543017
4.97 7.59241e-05 0.000529107
4.975 6.89814e-05 0.000524078
4.98 7.20591e-05 0.000526057
4.985 7.00374e-05 0.000532942
4.99 6.9896e-05 0.000520039
4.995 6.99805e-05 0.000521885
5 8.41114e-05 0.00052695
5.005 6.99767e-05 0.000522882
5.01 6.99154e-05 0.000520059
5.015 6.99536e-05 0.000540097
5.02 7.29115e-05 0.000540955
5.025 7.19621e-05 0.00055696
5.03 7.9946e-05 0.000552076
5.035 7.49694e-05 0.000521106
5.04 7.10934e-05 0.000521045
5.045 7.70323e-05 0.000540069
5.05 7.38839e-05 0.000526974
5.055 7.40939e-05 0.000543946
5.06 7.40914e-05 0.000554943
5.065 7.41148e-05 0.000537967
5.07 7.00264e-05 0.000522931
5.075 7.19188e-05 0.000534916
5.08 7.40689e-05 0.000536921
5.085 7.30267e-05 0.000534071
5.09 7.29451e-05 0.000542989
5.095 7.30884e-05 0.000519894
5.1 7.20735e-05 0.000530117
5.105 7.88992e-05 0.000520983
5.11 7.89702e-05 0.000527054
5.115 7.19349e-05 0.000520979
5.12 7.392e-05 0.00054701
5.125 7.5957e-05 0.000541901
5.13 7.29081e-05 0.000539952
5.135 7.30978e-05 0.000538903
5.14 7.90093e-05 0.000547901
5.145 7.49932e-05 0.000519938
5.15 7.51173e-05 0.000547015
5.155 7.51079e-05 0.000521006
5.16 7.49936e-05 0.000525938
5.165 7.49651e-05 0.000522102
5.17 7.50892e-05 0.000532987
5.175 7.59081e-05 0.000521091
5.18 7.50786e-05 0.000546977
5.185 8.00692e-05 0.000528961
5.19 7.98882e-05 0.000527018
5.195 8.1045e-05 0.000535983
5.2 7.69498e-05 0.000534941
5.205 7.49009e-05 0.000521037
5.21 7.5025e-05 0.000545923
5.215 7.49694e-05 0.000520106
5.22 7.50471e-05 0.000525945
5.225 7.5118e-05 0.000525016
5.23 7.49506e-05 0.000541087
5.235 7.89944e-05 0.000530078
5.24 7.49986e-05 0.000549897
5.245 7.89362e-05 0.00052502
5.25 7.4954e-05 0.000523091
5.255 7.49324e-05 0.000535069
5.26 7.39897e-05 0.00054508
5.265 7.40798e-05 0.000519932
5.27 7.50649e-05 0.000552963
5.275 7.60884e-05 0.000544033
5.28 7.494e-05 0.000539077
5.285 7.49907e-05 0.000539935
5.29 7.48954e-05 0.000542032
5.295 7.29788e-05 0.000532023
5.3 7.20429e-05 0.00054604
5.305 7.30404e-05 0.000520084
5.31 7.19791e-05 0.000523023
5.315 7.21032e-05 0.000539101
5.32 7.79685e-05 0.000538006
5.325 7.31117e-05 0.000520917
5.33 7.39048e-05 0.000547995
5.335 7.50808e-05 0.000521979
5.34 7.49663e-05 0.000519103
5.345 7.39447e-05 0.000527035
5.35 7.40157e-05 0.000542914
5.355 7.49668e-05 0.000532103
5.36 7.39779e-05 0.000537114
5.365 7.80284e-05 0.000525112
5.37 7.99468e-05 0.000519885
5.375 7.40641e-05 0.000520916
5.38 7.50954e-05 0.000542994
5.385 7.50467e-05 0.000522945
5.39 7.39787e-05 0.000546069
5.395 7.79693e-05 0.000525006
5.4 7.59872e-05 0.000525932
5.405 7.49123e-05 0.000521049
5.41 7.39901e-05 0.00054208
5.415 7.48881e-05 0.000520025
5.42 7.49659e-05 0.000519102
5.425 8.20232e-05 0.000528007
5.43 8.09348e-05 0.000519919
5.435 7.70984e-05 0.000522089
5.44 7.50767e-05 0.000534975
5.445 7.48957e-05 0.000524032
5.45 7.49204e-05 0.000520057
5.455 8.79518e-05 0.000533022
5.46 7.59887e-05 0.000521933
5.465 7.3967e-05 0.000523057
5.47 7.60379e-05 0.000530983
5.475 7.49563e-05 0.000518901
5.48 7.50341e-05 0.000523932
5.485 7.40588e-05 0.000544911
5.49 7.50958e-05 0.000524994
5.495 7.49283e-05 0.000524111
5.5 7.4953e-05 0.000531089
5.505 7.51098e-05 0.000520008
5.51 7.9949e-05 0.000541079
5.515 7.7986e-05 0.000551023
5.52 7.59169e-05 0.000539908
5.525 7.71064e-05 0.000545097
5.53 7.60971e-05 0.000539042
5.535 7.39092e-05 0.000521999
5.54 7.30333e-05 0.000522077
5.545 7.40647e-05 0.000543916
5.55 7.29164e-05 0.000523007
5.555 7.30868e-05 0.000538892
5.56 7.29916e-05 0.000528036
5.565 7.30094e-05 0.000520053
5.57 7.29945e-05 0.000520038
5.575 7.29333e-05 0.000546977
5.58 7.3116e-05 0.000520922
5.585 7.31011e-05 0.000519907
5.59 7.30399e-05 0.000524084
5.595 7.90183e-05 0.000523102
5.6 7.19434e-05 0.000520941
5.605 7.09285e-05 0.000547118
5.61 7.19655e-05 0.000531963
5.615 7.19833e-05 0.000521981
5.62 6.99684e-05 0.000528112
5.625 7.20394e-05 0.000530037
5.63 6.99115e-05 0.000521055
5.635 6.9996e-05 0.000538901
5.64 7.0093e-05 0.000519998
5.645 6.89854e-05 0.000523082
5.65 7.01162e-05 0.000520021
5.655 6.8916e-05 0.000531013
5.66 6.79407e-05 0.000521991
5.665 6.59788e-05 0.000535937
5.67 6.99899e-05 0.000524895
5.675 6.6114e-05 0.000526072
5.68 6.99069e-05 0.00052105
5.685 6.69915e-05 0.000532996
5.69 6.60624e-05 0.000521067
5.695 6.7008e-05 0.000519012
5.7 6.60463e-05 0.000546004
5.705 6.70505e-05 0.000521055
5.71 6.69961e-05 0.000525
5.715 6.68885e-05 0.000531893
5.72 6.69131e-05 0.000523917
5.725 6.79513e-05 0.000520002
5.73 6.7089e-05 0.000545093
5.735 6.49011e-05 0.000521051
5.74 6.39461e-05 0.00054505
5.745 6.60499e-05 0.000540008
5.75 6.59219e-05 0.000539118
5.755 6.39397e-05 0.000521044
5.76 6.29848e-05 0.000547042
5.765 6.38963e-05 0.000534
5.77 6.39142e-05 0.000519018
5.775 6.29128e-05 0.00053197
5.78 6.70369e-05 0.000539041
5.785 6.70017e-05 0.000542006
5.79 6.8059e-05 0.00055011
5.795 6.61028e-05 0.000534061
5.8 6.49353e-05 0.000521085
5.805 6.39803e-05 0.000520084
5.81 6.7979e-05 0.00053003
5.815 6.8911e-05 0.000537054
5.82 6.2922e-05 0.00053998
5.825 6.69399e-05 0.000521944
5.83 6.19781e-05 0.000520036
5.835 6.28841e-05 0.000519942
5.84 6.30285e-05 0.000533086
5.845 6.20532e-05 0.000521064
5.85 6.20055e-05 0.000521017
5.855 7.69115e-05 0.000527902
5.86 6.30683e-05 0.000514887
5.865 6.19811e-05 0.000513992
5.87 6.5033e-05 0.000533945
5.875 6.29118e-05 0.000512969
5.88 6.19704e-05 0.000527982
5.885 6.21013e-05 0.000539112
5.89 6.20264e-05 0.000514038
5.895 6.18929e-05 0.000513904
5.9 6.19515e-05 0.000516963
5.905 6.80496e-05 0.0005011
5.91 6.40224e-05 0.000498888
5.915 6.39487e-05 0.000521053
5.92 6.40795e-05 0.000500945
5.925 6.39133e-05 0.000501017
5.93 6.39391e-05 0.000502043
5.935 6.40113e-05 0.000515115
5.94 6.40168e-05 0.000499882
5.945 6.40426e-05 0.000500908
5.95 6.40685e-05 0.000522934
5.955 6.41067e-05 0.000494972
5.96 6.50929e-05 0.000496005
5.965 6.40261e-05 0.000500891
5.97 6.79526e-05 0.000494003
5.975 6.3932e-05 0.000512036
5.98 6.60302e-05 0.000524988
5.985 6.69621e-05 0.000513967
5.99 6.79145e-05 0.000494965
5.995 6.3894e-05 0.000498044
6 6.40656e-05 0.000506931
6.005 6.39388e-05 0.000497043
6.01 6.40178e-05 0.000492883
6.015 7.69577e-05 0.000502949
6.02 6.39101e-05 0.00049306
6.025 6.28964e-05 0.000495954
6.03 6.3929e-05 0.000501033
6.035 6.39481e-05 0.000499052
6.04 6.38813e-05 0.000493985
6.045 6.70529e-05 0.000526057
6.05 6.69848e-05 0.000512989
6.055 6.58908e-05 0.000509087
6.06 6.40353e-05 0.000501901
6.065 6.51075e-05 0.000505019
6.07 6.39344e-05 0.000494085
6.075 6.59139e-05 0.00050111
6.08 6.7959e-05 0.00050401
6.085 6.60175e-05 0.000488976
6.09 6.39111e-05 0.000482015
6.095 6.40105e-05 0.000492114
6.1 6.39041e-05 0.000481008
6.105 6.29571e-05 0.000484015
6.11 6.29106e-05 0.000504968
6.115 6.30224e-05 0.000479888
6.12 6.30753e-05 0.000481894
6.125 6.28899e-05 0.000479994
6.13 6.40819e-05 0.000495947
6.135 6.29224e-05 0.00048098
6.14 6.61076e-05 0.000482066
6.145 6.39617e-05 0.000499065
6.15 6.39876e-05 0.000490091
6.155 6.10269e-05 0.000477992
6.16 6.10404e-05 0.000477005
6.165 6.70075e-05 0.000484012
6.17 6.19079e-05 0.000475919
6.175 6.21135e-05 0.000476886
6.18 6.50071e-05 0.000481919
6.185 6.2007e-05 0.000477018
6.19 6.20205e-05 0.000479032
6.195 6.18882e-05 0.000482899
6.2 6.19276e-05 0.000477939
6.205 6.20338e-05 0.000478045
6.21 6.10935e-05 0.000495058
6.215 6.2073e-05 0.000477084
6.22 6.08944e-05 0.000486098
6.225 6.29405e-05 0.000496044
6.23 6.40659e-05 0.000498931
6.235 6.30454e-05 0.000489103
6.24 5.99921e-05 0.000477911
6.245 5.99592e-05 0.000500116
6.25 5.99388e-05 0.000477096
6.255 5.99059e-05 0.000477063
6.26 6.00651e-05 0.000475984
6.265 5.89396e-05 0.000485097
6.27 5.9039e-05 0.000476911
6.275 5.99066e-05 0.000476064
6.28 6.00195e-05 0.000503938
6.285 5.98995e-05 0.000477056
6.29 5.80588e-05 0.000475885
6.295 5.8079e-05 0.000476905
6.3 5.99005e-05 0.000486057
6.305 5.90924e-05 0.000476965
6.31 5.69137e-05 0.000490932
6.315 6.00063e-05 0.000498925
6.32 5.78931e-05 0.000494004
6.325 5.89326e-05 0.000483043
6.33 5.99392e-05 0.000475096
6.335 5.60521e-05 0.000465024
6.34 5.5947e-05 0.000466919
6.345 5.58813e-05 0.000482899
6.35 5.7027e-05 0.000471045
6.355 5.60078e-05 0.000473979
6.36 5.89354e-05 0.000470046
6.365 5.60087e-05 0.00047598
6.37 5.69363e-05 0.000475954
6.375 5.70029e-05 0.000465021
6.38 5.39441e-05 0.000491061
6.385 5.40897e-05 0.000467969
6.39 5.49845e-05 0.00046391
6.395 5.40251e-05 0.000465904
6.4 5.40657e-05 0.000474945
6.405 5.39008e-05 0.000465018
6.41 5.39413e-05 0.000467059
6.415 5.40746e-05 0.000487954
6.42 5.40745e-05 0.000478953
6.425 5.40484e-05 0.000464927
6.43 5.40427e-05 0.000466922
6.435 5.39375e-05 0.000477055
6.44 5.40572e-05 0.000465936
6.445 5.39521e-05 0.000465069
6.45 5.39396e-05 0.000488057
6.455 5.49926e-05 0.000465918
6.46 5.40796e-05 0.000463958
6.465 5.28818e-05 0.000462999
6.47 5.40682e-05 0.000476947
6.475 5.30421e-05 0.000468113
6.48 5.88906e-05 0.000485001
6.485 5.50362e-05 0.000494962
6.49 5.59762e-05 0.000483948
6.495 5.39828e-05 0.0004671
6.5 5.60167e-05 0.000469988
6.505 5.29047e-05 0.000478022
6.51 5.30707e-05 0.00046495
6.515 5.41114e-05 0.00046499
6.52 5.29136e-05 0.000486985
6.525 5.4066e-05 0.000467945
6.53 5.40072e-05 0.000460886
6.535 5.41009e-05 0.00046098
6.54 5.39563e-05 0.000471074
6.545 5.40364e-05 0.000459915
6.55 5.20375e-05 0.000450109
6.555 5.10059e-05 0.000471984
6.56 5.20792e-05 0.000449104
6.565 5.20012e-05 0.000450026
6.57 5.19232e-05 0.000458948
6.575 5.207e-05 0.000460095
6.58 5.10248e-05 0.000449003
6.585 5.09005e-05 0.000448117
6.59 5.39219e-05 0.000476039
6.595 5.4088e-05 0.000448967
6.6 5.19105e-05 0.000449935
6.605 5.31173e-05 0.00044795
6.61 5.7993e-05 0.000469057
6.615 5.59737e-05 0.000465945
6.62 5.69612e-05 0.000466979
6.625 5.2995e-05 0.000467112
6.63 5.29757e-05 0.000453093
6.635 5.60231e-05 0.000452995
6.64 5.2031e-05 0.000450056
6.645 5.09993e-05 0.000457978
6.65 5.10004e-05 0.000460979
6.655 5.30942e-05 0.000453973
6.66 4.9102e-05 0.000464988
6.665 5.20037e-05 0.000456028
6.67 4.90115e-05 0.000447897
6.675 4.89404e-05 0.000449065
6.68 4.79155e-05 0.000449993
6.685 4.98838e-05 0.000452054
6.69 4.90906e-05 0.000449976
6.695 4.8112e-05 0.000449952
6.7 4.90872e-05 0.000472973
6.705 4.90679e-05 0.000447954
6.71 4.8043e-05 0.000447882
6.715 4.89719e-05 0.000459096
6.72 4.79796e-05 0.000459058
6.725 4.79412e-05 0.000447065
6.73 4.80622e-05 0.000460902
6.735 4.89242e-05 0.000472048
6.74 4.91039e-05 0.00044799
6.745 4.80326e-05 0.000463111
6.75 5.00337e-05 0.000465966
6.755 4.99816e-05 0.000464914
6.76 4.98834e-05 0.000462054
6.765 4.80765e-05 0.000446916
6.77 4.79127e-05 0.000471037
6.775 4.90922e-05 0.000447978
6.78 4.80142e-05 0.000448092
6.785 4.88968e-05 0.000449021
6.79 4.81103e-05 0.00045995
6.795 4.80718e-05 0.000448911
6.8 4.90006e-05 0.000447886
6.805 4.89295e-05 0.000467054
6.81 5.20163e-05 0.000448041
6.815 4.78921e-05 0.00044697
6.82 4.80129e-05 0.000451091
6.825 4.80345e-05 0.000453112
6.83 5.29496e-05 0.000449021
6.835 4.79179e-05 0.000448996
6.84 4.90852e-05 0.000450017
6.845 6.29146e-05 0.000457972
6.85 5.00873e-05 0.000449019
6.855 5.01089e-05 0.000449041
6.86 5.0084e-05 0.000447016
6.865 5.2006e-05 0.000455031
6.87 5.00602e-05 0.000447992
6.875 5.00816e-05 0.000448014
6.88 5.00567e-05 0.000454035
6.885 5.11177e-05 0.000452096
6.89 5.00861e-05 0.000448018
6.895 5.01075e-05 0.00044704
6.9 5.00827e-05 0.000472015
6.905 5.10238e-05 0.000460002
6.91 5.09323e-05 0.000468911
6.915 5.29197e-05 0.000493991
6.92 5.3966e-05 0.000478083
6.925 5.28868e-05 0.000465958
6.93 4.99274e-05 0.000464098
6.935 5.09284e-05 0.000475907
6.94 5.11013e-05 0.00046308
6.945 4.99103e-05 0.000469081
6.95 5.60898e-05 0.000494062
6.955 5.20366e-05 0.000476061
6.96 5.00174e-05 0.000464949
6.965 5.01111e-05 0.000464043
6.97 5.01121e-05 0.000476044
6.975 5.10003e-05 0.000463979
6.98 5.00476e-05 0.00046598
6.985 4.99029e-05 0.000488073
6.99 5.09628e-05 0.000463941
6.995 5.00034e-05 0.000463935
7 5.00045e-05 0.000462937
7.005 5.09592e-05 0.000475938
7.01 4.99794e-05 0.000465912
7.015 5.50201e-05 0.000485945
7.02 5.3073e-05 0.000493952
7.025 5.39272e-05 0.000484045
7.03 5.38875e-05 0.000483005
7.035 5.60931e-05 0.000482065
7.04 5.81065e-05 0.000475932
7.045 5.38883e-05 0.000465006
7.05 5.38826e-05 0.000464
7.055 5.30691e-05 0.000492902
7.06 5.40689e-05 0.000463948
7.065 5.30632e-05 0.000463896
7.07 5.3958e-05 0.000465075
7.075 5.39523e-05 0.00047707
7.08 5.31183e-05 0.000464951
7.085 5.30663e-05 0.000465899
7.09 5.30606e-05 0.00048694
7.095 5.4021e-05 0.0004639
7.1 5.40153e-05 0.000466894
7.105 5.29101e-05 0.000463981
7.11 5.40501e-05 0.000474929
7.115 5.40772e-05 0.000465956
7.12 5.31179e-05 0.000463997
7.125 5.50658e-05 0.000489991
7.13 5.60194e-05 0.000464991
7.135 5.49142e-05 0.000463886
7.14 5.4948e-05 0.000465112
7.145 5.49887e-05 0.000478914
7.15 5.60089e-05 0.00046498
7.155 5.49038e-05 0.000467067
7.16 5.60833e-05 0.000486055
7.165 5.58979e-05 0.000464108
7.17 5.49848e-05 0.00046391
7.175 5.50254e-05 0.000462951
7.18 5.50197e-05 0.000477945
7.185 5.49937e-05 0.000476919
7.19 5.61133e-05 0.000476085
7.195 5.50409e-05 0.000508966
7.2 5.89674e-05 0.000494078
7.205 5.79605e-05 0.000496025
7.21 5.59998e-05 0.000480972
7.215 6.09602e-05 0.000478925
7.22 5.602e-05 0.000476992
7.225 5.59476e-05 0.000493919
7.23 5.89871e-05 0.000480098
7.235 5.60468e-05 0.000496018
7.24 5.59472e-05 0.000474919
7.245 5.50669e-05 0.000488992
7.25 5.60735e-05 0.000475045
7.255 5.49549e-05 0.000478119
7.26 5.58825e-05 0.000501093
7.265 5.60541e-05 0.000476026
7.27 5.59817e-05 0.000484953
7.275 5.6942e-05 0.00049496
7.28 5.69351e-05 0.000494953
7.285 5.69214e-05 0.000488939
7.29 5.5067e-05 0.000475992
7.295 5.49019e-05 0.000500066
7.3 5.50804e-05 0.000492006
7.305 5.59876e-05 0.000476006
7.31 5.49615e-05 0.000474887
7.315 5.40349e-05 0.000487914
7.32 5.3949e-05 0.000477066
7.325 5.80222e-05 0.000486087
7.33 5.48832e-05 0.000500047
7.335 5.50152e-05 0.000475941
7.34 5.68965e-05 0.000477914
7.345 5.59631e-05 0.000476935
7.35 6.0937e-05 0.000483902
7.355 5.699e-05 0.000476008
7.36 5.59108e-05 0.000475882
7.365 6.21096e-05 0.000481882
7.37 5.60168e-05 0.000479988
7.375 5.58912e-05 0.000477101
7.38 6.20573e-05 0.000489068
7.385 5.59509e-05 0.000486923
7.39 5.69113e-05 0.000474929
7.395 5.60773e-05 0.000492049
7.4 6.00241e-05 0.000475943
7.405 5.59449e-05 0.000479916
7.41 5.60577e-05 0.000476029
7.415 5.69853e-05 0.000487003
7.42 5.60384e-05 0.00047601
7.425 5.7966e-05 0.00047603
7.43 5.88867e-05 0.000503997
7.435 5.79589e-05 0.00047707
7.44 5.80718e-05 0.000476898
7.445 5.69e-05 0.000476964
7.45 5.89202e-05 0.000489031
7.455 5.99201e-05 0.000479077
7.46 5.99335e-05 0.00047909
7.465 5.99007e-05 0.000500058
7.47 6.00723e-05 0.000477991
7.475 6.00395e-05 0.000476958
7.48 5.99602e-05 0.000499117
7.485 6.20855e-05 0.000497097
7.49 6.09724e-05 0.000496937
7.495 5.99587e-05 0.000476116
7.5 7.50716e-05 0.00048497
7.505 5.99516e-05 0.000493109
7.51 6.09447e-05 0.00048791
7.515 6.50373e-05 0.000484949
7.52 6.10303e-05 0.000476995
7.525 5.99443e-05 0.000495101
7.53 6.1977e-05 0.000507988
7.535 6.28965e-05 0.000494954
7.54 6.19292e-05 0.00048894
7.545 6.00218e-05 0.00047794
7.55 6.00351e-05 0.000488954
7.555 6.00814e-05 0.000481
7.56 6.5088e-05 0.000477
7.565 6.00948e-05 0.000500013
7.57 6.09353e-05 0.0004789
7.575 5.99882e-05 0.000478907
7.58 6.10017e-05 0.000482967
7.585 6.10016e-05 0.000486966
7.59 5.99552e-05 0.000477112
7.595 6.01143e-05 0.000478033
7.6 6.80814e-05 0.00049194
7.605 6.0061e-05 0.00049098
7.61 5.99546e-05 0.000477112
7.615 6.01138e-05 0.000482032
7.62 6.38821e-05 0.000476986
7.625 5.99882e-05 0.000477907
7.63 5.99554e-05 0.000495112
7.635 6.3988e-05 0.000478092
7.64 5.99483e-05 0.000477105
7.645 6.01076e-05 0.000475072
7.65 6.10679e-05 0.000488033
7.655 6.10678e-05 0.000477033
7.66 6.10349e-05 0.000481
7.665 6.09489e-05 0.000501914
7.67 6.10211e-05 0.000476986
7.675 6.00346e-05 0.000475999
7.68 5.89553e-05 0.000476066
7.685 5.80219e-05 0.000488086
7.69 5.88829e-05 0.000475993
7.695 5.8903e-05 0.000480014
7.7 5.79165e-05 0.000499981
7.705 5.69954e-05 0.000476013
7.71 5.59693e-05 0.000475941
7.715 5.58902e-05 0.0004761
7.72 5.70562e-05 0.000487074
7.725 5.60561e-05 0.000477028
7.73 5.49837e-05 0.000476909
7.735 5.39112e-05 0.000500075
7.74 5.50897e-05 0.000478015
7.745 5.50173e-05 0.000478943
7.75 5.60376e-05 0.000477009
7.755 5.69583e-05 0.000495976
7.76 5.60904e-05 0.000496062
7.765 5.70834e-05 0.000508101
7.77 5.70099e-05 0.000481028
7.775 5.60234e-05 0.000481995
7.78 5.70831e-05 0.000494101
7.785 5.60299e-05 0.000497001
7.79 5.7023e-05 0.000499041
7.795 5.50556e-05 0.000481981
7.8 5.39764e-05 0.000505094
7.805 6.01016e-05 0.00049802
7.81 5.50416e-05 0.000481967
7.815 5.49625e-05 0.000480888
7.82 5.50291e-05 0.000494954
7.825 5.50753e-05 0.000480001
7.83 5.39034e-05 0.000483021
7.835 5.50163e-05 0.000506942
7.84 5.60421e-05 0.000480014
7.845 5.51087e-05 0.000484034
7.85 5.50759e-05 0.000482001
7.855 5.49966e-05 0.000491922
7.86 5.49039e-05 0.000482068
7.865 5.90631e-05 0.000487935
7.87 6.40098e-05 0.000494114
7.875 5.50424e-05 0.000490968
7.88 5.48966e-05 0.00048006
7.885 5.39632e-05 0.000485081
7.89 5.90693e-05 0.000486941
7.895 5.39302e-05 0.000480094
7.9 5.39504e-05 0.000495068
7.905 5.88972e-05 0.000482054
7.91 5.50959e-05 0.000480021
7.915 5.41161e-05 0.000482042
7.92 5.39906e-05 0.000492108
7.925 5.50899e-05 0.000482015
7.93 5.49644e-05 0.00047789
7.935 5.4892e-05 0.000508056
7.94 5.59111e-05 0.000480883
7.945 5.50704e-05 0.000479996
7.95 5.48984e-05 0.000494062
7.955 5.48983e-05 0.000492062
7.96 5.5044e-05 0.000481016
7.965 5.49185e-05 0.000497082
7.97 5.50573e-05 0.000517983
7.975 5.51159e-05 0.000500088
7.98 5.49633e-05 0.000493889
7.985 5.59168e-05 0.000493888
7.99 5.8963e-05 0.000503074
7.995 5.60883e-05 0.00049506
8 5.49423e-05 0.000493106
8.005 5.69682e-05 0.000501986
8.01 5.50934e-05 0.000495019
8.015 5.60866e-05 0.000499058
8.02 5.58876e-05 0.000504098
8.025 5.49665e-05 0.000493892
8.03 5.49664e-05 0.000513892
8.035 5.69787e-05 0.000524997
8.04 5.79773e-05 0.000514042
8.045 5.69433e-05 0.000516961
8.05 5.49555e-05 0.000494119
8.055 5.49554e-05 0.000508119
8.06 5.49349e-05 0.000495099
8.065 5.50274e-05 0.000493953
8.07 6.70273e-05 0.000504032
8.075 5.50395e-05 0.000497965
8.08 5.6079e-05 0.000504051
8.085 5.29127e-05 0.000500984
8.09 5.19453e-05 0.00049297
8.095 5.20446e-05 0.000493069
8.1 5.10976e-05 0.000514884
8.105 5.19246e-05 0.000493949
8.11 5.20239e-05 0.000494049
8.115 5.18848e-05 0.00049691
8.12 5.18847e-05 0.000504909
8.125 5.10168e-05 0.000493041
8.13 5.10698e-05 0.000493048
8.135 5.20764e-05 0.000519101
8.14 5.20423e-05 0.000507067
8.145 5.1075e-05 0.000494053
8.15 5.08896e-05 0.000494106
8.155 5.48962e-05 0.00050706
8.16 5.21074e-05 0.00049394
8.165 5.19683e-05 0.000493993
8.17 5.49546e-05 0.000505118
8.175 5.20335e-05 0.000495058
8.18 5.19407e-05 0.000492965
8.185 5.09938e-05 0.000500972
8.19 5.00794e-05 0.000494012
8.195 5.0033e-05 0.000492965
8.2 4.89934e-05 0.000516118
8.205 4.9966e-05 0.000492898
8.21 4.89728e-05 0.000494097
8.215 5.09331e-05 0.000492912
8.22 5.09861e-05 0.000504964
8.225 5.1065e-05 0.00049609
8.23 5.20186e-05 0.000493043
8.235 5.20184e-05 0.000520043
8.24 5.2077e-05 0.000495102
8.245 5.19842e-05 0.000493009
8.25 5.30372e-05 0.000493108
8.255 5.58981e-05 0.000501108
8.26 5.20765e-05 0.000494101
8.265 5.18911e-05 0.000492916
8.27 5.79768e-05 0.000500041
8.275 5.40558e-05 0.000499935
8.28 5.69494e-05 0.000513967
8.285 5.59153e-05 0.000513887
8.29 5.60271e-05 0.000511999
8.295 5.39998e-05 0.000492117
8.3 5.50991e-05 0.000516024
8.305 5.70583e-05 0.000497076
8.31 5.50976e-05 0.000494023
8.315 5.90445e-05 0.000512917
8.32 5.70567e-05 0.000511883
8.325 5.79299e-05 0.000507994
8.33 5.50484e-05 0.00049302
8.335 7.00483e-05 0.000502953
8.34 5.51069e-05 0.000493032
8.345 5.70536e-05 0.000502072
8.35 5.504e-05 0.000503965
8.355 5.69269e-05 0.000504945
8.36 5.40984e-05 0.000494024
8.365 5.50983e-05 0.000515024
8.37 5.39715e-05 0.000492897
8.375 5.49251e-05 0.000493089
8.38 5.39646e-05 0.000496082
8.385 5.40108e-05 0.00050389
8.39 5.3997e-05 0.000494114
8.395 5.39506e-05 0.000497068
8.4 5.49968e-05 0.000519922
8.405 5.39559e-05 0.000495073
8.41 5.49558e-05 0.000493927
8.415 5.39488e-05 0.000502066
8.42 5.69351e-05 0.000496953
8.425 5.49282e-05 0.000494092
8.43 5.39281e-05 0.000524046
8.435 5.80726e-05 0.000499898
8.44 5.50589e-05 0.000497984
8.445 5.40056e-05 0.000491931
8.45 5.40982e-05 0.000504024
8.455 5.70777e-05 0.000499096
8.46 5.40176e-05 0.000492897
8.465 5.29712e-05 0.000519042
8.47 5.38909e-05 0.000493008
8.475 5.50365e-05 0.000492962
8.48 5.39901e-05 0.000496107
8.485 5.40363e-05 0.000503961
8.49 5.40225e-05 0.000493901
8.495 5.39761e-05 0.000495093
8.5 5.39296e-05 0.000517047
8.505 5.48955e-05 0.000494059
8.51 5.39417e-05 0.000494059
8.515 5.48953e-05 0.000501105
8.52 5.99279e-05 0.000498085
8.525 5.70532e-05 0.000511071
8.53 5.79729e-05 0.000525037
8.535 5.80178e-05 0.000513082
8.54 5.79373e-05 0.000499002
8.545 5.71158e-05 0.000491895
8.55 5.61157e-05 0.000504087
8.555 5.59562e-05 0.000492928
8.56 5.59561e-05 0.000493928
8.565 5.6956e-05 0.000516974
8.57 5.71072e-05 0.000493887
8.575 5.69613e-05 0.000501979
8.58 5.69476e-05 0.000500966
8.585 5.89271e-05 0.000514038
8.59 6.09393e-05 0.000512904
8.595 6.09912e-05 0.000519956
8.6 5.88903e-05 0.000493001
8.605 5.80755e-05 0.000492948
8.61 5.7976e-05 0.000492087
8.615 5.81149e-05 0.000504941
8.62 6.20412e-05 0.000508052
8.625 6.20534e-05 0.000499065
8.63 5.89404e-05 0.000522051
8.635 6.00847e-05 0.00049305
8.64 5.98858e-05 0.000492043
8.645 5.9071e-05 0.000498943
8.65 6.10504e-05 0.000501015
8.655 5.99837e-05 0.000493902
8.66 6.0023e-05 0.000507942
8.665 6.79427e-05 0.000498993
8.67 6.20544e-05 0.000495065
8.675 6.19943e-05 0.000505005
8.68 6.19207e-05 0.000504932
8.685 6.18935e-05 0.000495905
8.69 6.21182e-05 0.000503891
8.695 6.40908e-05 0.000520956
8.7 6.39901e-05 0.000492094
8.705 6.88838e-05 0.000501981
8.71 6.40418e-05 0.000492907
8.715 6.68823e-05 0.000500887
8.72 6.39013e-05 0.000493005
8.725 6.40798e-05 0.000513945
8.73 6.90321e-05 0.000493891
8.735 6.40115e-05 0.000495115
8.74 6.39911e-05 0.000498095
8.745 6.39242e-05 0.000505028
8.75 6.39897e-05 0.000494094
8.755 6.69296e-05 0.000495934
8.76 6.49091e-05 0.000521059
8.765 6.59473e-05 0.000493905
8.77 6.60262e-05 0.000512984
8.775 6.79323e-05 0.000513029
8.78 6.7931e-05 0.000517982
8.785 6.69624e-05 0.000494967
8.79 6.59419e-05 0.0005159
8.795 7.09338e-05 0.000495885
8.8 7.09065e-05 0.000495096
8.805 7.1025e-05 0.000494976
8.81 7.19051e-05 0.000508903
8.815 7.20427e-05 0.00050604
8.82 7.20482e-05 0.000501092
8.825 8.60604e-05 0.000516991
8.83 7.29325e-05 0.000499976
8.835 7.19448e-05 0.000501989
8.84 7.50034e-05 0.000515901
8.845 7.48958e-05 0.000502032
8.85 7.5047e-05 0.000500945
8.855 7.99597e-05 0.00053709
8.86 7.80963e-05 0.000519895
8.865 7.89288e-05 0.000524012
8.87 7.59466e-05 0.000504891
8.875 8.09453e-05 0.000500929
8.88 7.6944e-05 0.000502935
8.885 7.80816e-05 0.000525119
8.89 7.69537e-05 0.000517944
8.895 8.18856e-05 0.000502108
8.9 7.59306e-05 0.000502113
8.905 7.60751e-05 0.00051202
8.91 7.60669e-05 0.000502011
8.915 7.60724e-05 0.000520017
8.92 7.99512e-05 0.000524081
8.925 7.90155e-05 0.000516099
8.93 7.90932e-05 0.000514938
8.935 7.88862e-05 0.00052597
8.94 7.99503e-05 0.00052908
8.945 7.90077e-05 0.000520091
8.95 8.49725e-05 0.000527903
8.955 8.11156e-05 0.000533053
8.96 8.11132e-05 0.000526051
8.965 8.10316e-05 0.000547969
8.97 8.0916e-05 0.0005219
8.975 8.09801e-05 0.000521918
8.98 9.59517e-05 0.000530107
8.985 8.18892e-05 0.000540112
8.99 8.30257e-05 0.000538056
8.995 8.41158e-05 0.000544954
9 8.5954e-05 0.000545885
9.005 8.79774e-05 0.000572001
9.01 8.696e-05 0.000561937
9.015 8.50094e-05 0.000540894
9.02 8.39006e-05 0.000536977
9.025 8.50371e-05 0.000553922
9.03 8.60005e-05 0.000535931
9.035 8.68986e-05 0.000555114
9.04 8.70938e-05 0.000536071
9.045 8.90845e-05 0.000539916
9.05 9.11147e-05 0.000537039
9.055 9.80985e-05 0.000540109
9.06 9.20688e-05 0.000536039
9.065 9.30527e-05 0.000558069
9.07 9.50954e-05 0.000539966
9.075 9.3973e-05 0.000549036
9.08 9.89365e-05 0.000540993
9.085 9.90389e-05 0.000537903
9.09 0.000100056 0.00053992
9.095 0.000103927 0.000565976
9.1 0.000110935 0.00055707
9.105 0.000112004 0.000559947
9.11 0.000115019 0.000546101
9.115 0.000108902 0.000534945
9.12 0.000107958 0.000550955
9.125 0.000115987 0.000536116
9.13 0.000108937 0.00054998
9.135 0.000113066 0.000540055
9.14 0.000113062 0.000552052
9.145 0.000108945 0.000533988
9.15 0.000108955 0.000559998
9.155 0.000110116 0.000537967
9.16 0.000111927 0.000535109
9.165 0.00011193 0.000553112
9.17 0.000113052 0.000536042
9.175 0.000114048 0.000536084
9.18 0.000111906 0.000565087
9.185 0.000113007 0.000536997
9.19 0.000112911 0.0005369
9.195 0.000113006 0.000548042
9.2 0.000113082 0.000541071
9.205 0.000112978 0.000577968
9.21 0.000113106 0.000544095
9.215 0.000112095 0.000554085
9.22 0.000116925 0.0005591
9.225 0.000120888 0.000558009
9.23 0.000115943 0.000535071
9.235 0.000114892 0.000562975
9.24 0.00011604 0.00053893
9.245 0.000115884 0.000542059
9.25 0.000115966 0.000548094
9.255 0.000118041 0.000540024
9.26 0.000118077 0.00055406
9.265 0.000136039 0.000535949
9.27 0.000121909 0.000535077
9.275 0.000121945 0.000536113
9.28 0.000126981 0.000543903
9.285 0.000120903 0.000535025
9.29 0.000120085 0.000564922
9.295 0.00013708 0.000536989
9.3 0.000125903 0.000538018
9.305 0.000120979 0.0005541
9.31 0.000121895 0.000536063
9.315 0.000120924 0.000543045
9.32 0.000126071 0.000540994
9.325 0.000120948 0.00055307
9.33 0.00012591 0.000556025
9.335 0.000126958 0.000554881
9.34 0.00012196 0.00053589
9.345 0.000124042 0.000565064
9.35 0.00012503 0.000539099
9.355 0.000122914 0.000541936
9.36 0.00012789 0.000560097
9.365 0.000122931 0.000535907
9.37 0.000123013 0.000553989
9.375 0.000132041 0.000536957
9.38 0.000122917 0.00053494
9.385 0.000124999 0.000537068
9.39 0.000129929 0.000549991
9.395 0.000122977 0.000536953
9.4 0.000122106 0.000559035
9.405 0.000121962 0.000539891
9.41 0.000121944 0.000536112
9.415 0.00011998 0.000549056
9.42 0.000120049 0.000554886
9.425 0.000122104 0.000561033
9.43 0.000125085 0.000561915
9.435 0.000124888 0.000559957
9.44 0.000125075 0.000559906
9.445 0.000125024 0.000556093
9.45 0.000119933 0.000537009
9.455 0.000118923 0.000565952
9.46 0.000120103 0.00053594
9.465 0.000120046 0.000536883
9.47 0.000124036 0.000558058
9.475 0.000119991 0.000548067
9.48 0.000120013 0.000535089
9.485 0.000129029 0.000536044
9.49 0.000133958 0.000535967
9.495 0.000124073 0.000543096
9.5 0.000128049 0.000549018
9.505 0.000121005 0.000539888
9.51 0.000121941 0.000570109
9.515 0.000123068 0.000538044
9.52 0.000124051 0.000542073
9.525 0.00012398 0.000548003
9.53 0.00012289 0.000536104
9.535 0.000123018 0.00054104
9.54 0.000129881 0.000540943
9.545 0.000124943 0.000537011
9.55 0.000122925 0.000542901
9.555 0.000129093 0.000556109
9.56 0.000128896 0.000555912
9.565 0.000129084 0.000573099
9.57 0.000124105 0.000543888
9.575 0.000123935 0.000535957
9.58 0.000123063 0.000548039
9.585 0.000124032 0.000537054
9.59 0.000123922 0.000559945
9.595 0.00013199 0.000540906
9.6 0.000123051 0.000537074
9.605 0.000124935 0.000536003
9.61 0.000130109 0.000545933
9.615 0.000123025 0.000540001
9.62 0.000123101 0.000563077
9.625 0.000123904 0.000534926
9.63 0.000129032 0.000561048
9.635 0.000128067 0.000561036
9.64 0.000128009 0.000546978
9.645 0.000121925 0.000553093
9.65 0.000129926 0.000536035
9.655 0.000124949 0.000549017
9.66 0.00012401 0.000536033
9.665 0.000128947 0.000545962
9.67 0.000121055 0.000539938
9.675 0.000127077 0.000562046
9.68 0.000121065 0.000536995
9.685 0.000118955 0.000543984
9.69 0.000119938 0.00054906
9.695 0.000122053 0.000535983
9.7 0.000122089 0.000540018
9.705 0.000127097 0.00054402
9.71 0.000120921 0.000544042
9.715 0.000121042 0.000534972
9.72 0.000127032 0.000540955
9.725 0.0001211 0.000541984
9.73 0.000122891 0.000560105
9.735 0.000124032 0.000536054
9.74 0.000121968 0.000540898
9.745 0.000121997 0.000546927
9.75 0.000123059 0.000539035
9.755 0.000122088 0.000542064
9.76 0.000144017 0.000544013
9.765 0.000124959 0.000535028
9.77 0.000124088 0.00054011
9.775 0.000121971 0.000554901
9.78 0.00012198 0.000545909
9.785 0.000127995 0.000569011
9.79 0.000127923 0.000560893
9.795 0.000123011 0.000536034
9.8 0.000122901 0.000552116
9.805 0.000123056 0.000539032
9.81 0.000127031 0.000549954
9.815 0.000142987 0.000541936
9.82 0.000124883 0.000540951
9.825 0.000125097 0.000548927
9.83 0.000131013 0.000541883
9.835 0.000126075 0.000558951
9.84 0.00012997 0.000574032
9.845 0.000129938 0.000553
9.85 0.000125079 0.000539909
9.855 0.000124962 0.000546031
9.86 0.000124978 0.000537046
9.865 0.000124007 0.000540029
9.87 0.000133916 0.000539925
9.875 0.000124117 0.000538947
9.88 0.000126 0.000538115
9.885 0.000129883 0.000550945
9.89 0.000125117 0.000535947
9.895 0.000125099 0.00055893
9.9 0.000124048 0.00054807
9.905 0.000130918 0.000537026
9.91 0.000125986 0.000546101
9.915 0.000127002 0.000539924
9.92 0.000129116 0.000541894
9.925 0.000131966 0.000540882
9.93 0.000128028 0.000535997
9.935 0.000124911 0.000541979
9.94 0.000132887 0.000541087
9.945 0.000124995 0.000543063
9.95 0.000127063 0.000559986
9.955 0.000126959 0.000535882
9.96 0.000125034 0.000545103
9.965 0.000124904 0.000547973
9.97 0.000125912 0.000536027
9.975 0.000125942 0.000535057
9.98 0.00013205 0.000539012
9.985 0.000127111 0.000540034
9.99 0.000125895 0.00054001
9.995 0.000130109 0.000547933
10 0.000124972 0.000536041
10.005 0.000126001 0.000563116
10.01 0.000126082 0.000544959
10.015 0.000130998 0.000558106
10.02 0.000131033 0.000556903
10.025 0.000126067 0.000538944
10.03 0.000126043 0.00053792
10.035 0.000131085 0.000543955
10.04 0.000134093 0.000565102
10.045 0.000144922 0.000558964
10.05 0.000133983 0.000560992
10.055 0.000125964 0.000537079
10.06 0.000126086 0.000559962
10.065 0.000126028 0.000550904
10.07 0.000123891 0.000542913
10.075 0.000125006 0.000550074
10.08 0.000125014 0.000545083
10.085 0.000124983 0.000558098
10.09 0.000126018 0.000536895
10.095 0.000125948 0.000538063
10.1 0.000125116 0.000547946
10.105 0.000130078 0.000535901
10.11 0.000126093 0.00054497
10.115 0.000126002 0.000559117
10.12 0.000125044 0.000543113
10.125 0.000124967 0.000537035
10.13 0.000125088 0.000565919
10.135 0.000125977 0.000536092
10.14 0.000127046 0.000553968
10.145 0.000125041 0.000543109
10.15 0.000125917 0.000537032
10.155 0.000124085 0.000546107
10.16 0.000126094 0.00053797
10.165 0.000126023 0.0005409
10.17 0.000125092 0.000560922
10.175 0.000126034 0.00053991
10.18 0.000126049 0.000541926
