0 0.013272 0.00151635 0.744755
0.005 0.013272 0.00151635 0.744755
0.01 0.013272 0.00151635 0.744753
0.015 0.013272 0.00151635 0.74475
0.02 0.013272 0.00151635 0.744745
0.025 0.013272 0.00151635 0.744739
0.03 0.013272 0.00151635 0.744732
0.035 0.013272 0.00151635 0.744723
0.04 0.013272 0.00151635 0.744713
0.045 0.013272 0.00151635 0.744701
0.05 0.013272 0.00151635 0.744688
0.055 0.013272 0.00151635 0.744674
0.06 0.013272 0.00151635 0.744658
0.065 0.013272 0.00151635 0.74464
0.07 0.013272 0.00151635 0.744621
0.075 0.013272 0.00151635 0.744601
0.08 0.013272 0.00151635 0.744579
0.085 0.013272 0.00151635 0.744556
0.09 0.013272 0.00151635 0.744532
0.095 0.013272 0.00151635 0.744506
0.1 0.013272 0.00151635 0.744479
0.105 0.013272 0.00151635 0.74445
0.11 0.013272 0.00151635 0.74442
0.115 0.013272 0.00151635 0.744389
0.12 0.013272 0.00151635 0.744356
0.125 0.013272 0.00151635 0.744322
0.13 0.013272 0.00151635 0.744287
0.135 0.013272 0.00151635 0.744251
0.14 0.013272 0.00151635 0.744213
0.145 0.013272 0.00151635 0.744174
0.15 0.013272 0.00151635 0.744134
0.155 0.013272 0.00151635 0.744092
0.16 0.013272 0.00151635 0.74405
0.165 0.013272 0.00151635 0.744006
0.17 0.013272 0.00151635 0.743961
0.175 0.013272 0.00151635 0.743914
0.18 0.013272 0.00151635 0.743867
0.185 0.013272 0.00151635 0.743819
0.19 0.013272 0.00151635 0.743769
0.195 0.013272 0.00151635 0.743718
0.2 0.013272 0.00151636 0.743666
0.205 0.013272 0.00151636 0.743613
0.21 0.013272 0.00151636 0.743559
0.215 0.013272 0.00151636 0.743504
0.22 0.013272 0.00151636 0.743448
0.225 0.013272 0.00151636 0.743391
0.23 0.013272 0.00151636 0.743333
0.235 0.013272 0.00151636 0.743274
0.24 0.013272 0.00151636 0.743213
0.245 0.013272 0.00151636 0.743152
0.25 0.013272 0.00151636 0.74309
0.255 0.013272 0.00151636 0.743027
0.26 0.013272 0.00151636 0.742963
0.265 0.013272 0.00151636 0.742898
0.27 0.013272 0.00151636 0.742832
0.275 0.013272 0.00151636 0.742766
0.28 0.013272 0.00151636 0.742698
0.285 0.013272 0.00151636 0.742629
0.29 0.013272 0.00151636 0.74256
0.295 0.013272 0.00151636 0.74249
0.3 0.013272 0.00151636 0.742419
0.305 0.013272 0.00151636 0.742347
0.31 0.013272 0.00151636 0.742274
0.315 0.013272 0.00151636 0.742201
0.32 0.013272 0.00151636 0.742126
0.325 0.013272 0.00151636 0.742051
0.33 0.013272 0.00151636 0.741976
0.335 0.013272 0.00151637 0.741899
0.34 0.013272 0.00151637 0.741822
0.345 0.013272 0.00151637 0.741744
0.35 0.013272 0.00151637 0.741665
0.355 0.013272 0.00151637 0.741586
0.36 0.013272 0.00151637 0.741506
0.365 0.013272 0.00151637 0.741425
0.37 0.013272 0.00151637 0.741344
0.375 0.013272 0.00151637 0.741262
0.38 0.013272 0.00151637 0.74118
0.385 0.013272 0.00151637 0.741096
0.39 0.013272 0.00151637 0.741013
0.395 0.013272 0.00151637 0.740928
0.4 0.013272 0.00151637 0.740843
0.405 0.013272 0.00151637 0.740758
0.41 0.013272 0.00151637 0.740672
0.415 0.013272 0.00151637 0.740586
0.42 0.013272 0.00151637 0.740499
0.425 0.013272 0.00151637 0.740411
0.43 0.013272 0.00151637 0.740323
0.435 0.013272 0.00151637 0.740235
0.44 0.013272 0.00151637 0.740146
0.445 0.013272 0.00151637 0.740056
0.45 0.013272 0.00151637 0.739967
0.455 0.013272 0.00151637 0.739876
0.46 0.013272 0.00151637 0.739786
0.465 0.013272 0.00151637 0.739695
0.47 0.013272 0.00151637 0.739603
0.475 0.013272 0.00151637 0.739512
0.48 0.013272 0.00151637 0.73942
0.485 0.013272 0.00151637 0.739327
0.49 0.013272 0.00151637 0.739234
0.495 0.013272 0.00151637 0.739141
0.5 0.013272 0.00151637 0.739048
0.505 0.013272 0.00151637 0.738954
0.51 0.013272 0.00151637 0.738861
0.515 0.013272 0.00151637 0.738766
0.52 0.013272 0.00151637 0.738672
0.525 0.013272 0.00151637 0.738577
0.53 0.013272 0.00151637 0.738483
0.535 0.013272 0.00151637 0.738388
0.54 0.013272 0.00151637 0.738292
0.545 0.013272 0.00151637 0.738197
0.55 0.013272 0.00151637 0.738102
0.555 0.013272 0.00151637 0.738006
0.56 0.013272 0.00151637 0.73791
0.565 0.013272 0.00151637 0.737814
0.57 0.013272 0.00151637 0.737718
0.575 0.013272 0.00151637 0.737622
0.58 0.013272 0.00151637 0.737526
0.585 0.013272 0.00151637 0.73743
0.59 0.013272 0.00151637 0.737333
0.595 0.013272 0.00151637 0.737237
0.6 0.013272 0.00151637 0.737141
0.605 0.013272 0.00151637 0.737044
0.61 0.013272 0.00151637 0.736948
0.615 0.013272 0.00151637 0.736852
0.62 0.013272 0.00151637 0.736755
0.625 0.013272 0.00151637 0.736659
0.63 0.013272 0.00151637 0.736563
0.635 0.013272 0.00151637 0.736467
0.64 0.013272 0.00151637 0.736371
0.645 0.013272 0.00151637 0.736275
0.65 0.013272 0.00151637 0.736179
0.655 0.013272 0.00151637 0.736083
0.66 0.013272 0.00151637 0.735988
0.665 0.013272 0.00151637 0.735892
0.67 0.013272 0.00151637 0.735797
0.675 0.013272 0.00151637 0.735702
0.68 0.013272 0.00151637 0.735607
0.685 0.013272 0.00151637 0.735513
0.69 0.013272 0.00151637 0.735418
0.695 0.013272 0.00151637 0.735324
0.7 0.013272 0.00151637 0.735231
0.705 0.013272 0.00151636 0.735137
0.71 0.013272 0.00151636 0.735044
0.715 0.013272 0.00151636 0.734951
0.72 0.013272 0.00151636 0.734858
0.725 0.013272 0.00151636 0.734766
0.73 0.013272 0.00151636 0.734674
0.735 0.013272 0.00151636 0.734582
0.74 0.013272 0.00151636 0.734491
0.745 0.013272 0.00151636 0.7344
0.75 0.013272 0.00151636 0.734309
0.755 0.013272 0.00151636 0.734219
0.76 0.013272 0.00151636 0.73413
0.765 0.013272 0.00151636 0.73404
0.77 0.013272 0.00151636 0.733952
0.775 0.013272 0.00151636 0.733863
0.78 0.013272 0.00151636 0.733775
0.785 0.013272 0.00151636 0.733688
0.79 0.013272 0.00151636 0.733601
0.795 0.013272 0.00151636 0.733515
0.8 0.013272 0.00151636 0.733429
0.805 0.013272 0.00151636 0.733343
0.81 0.013272 0.00151636 0.733258
0.815 0.013272 0.00151636 0.733173
0.82 0.013272 0.00151636 0.733089
0.825 0.013272 0.00151636 0.733005
0.83 0.013272 0.00151636 0.732921
0.835 0.013272 0.00151635 0.732838
0.84 0.013272 0.00151635 0.732755
0.845 0.013272 0.00151635 0.732673
0.85 0.013272 0.00151635 0.732591
0.855 0.013272 0.00151635 0.73251
0.86 0.013272 0.00151635 0.732428
0.865 0.013272 0.00151635 0.732348
0.87 0.013272 0.00151635 0.732267
0.875 0.013272 0.00151635 0.732187
0.88 0.013272 0.00151635 0.732107
0.885 0.013272 0.00151635 0.732028
0.89 0.013272 0.00151635 0.731949
0.895 0.013272 0.00151635 0.731871
0.9 0.013272 0.00151635 0.731792
0.905 0.013272 0.00151635 0.731714
0.91 0.013272 0.00151635 0.731637
0.915 0.013272 0.00151635 0.731559
0.92 0.013272 0.00151635 0.731482
0.925 0.013272 0.00151635 0.731406
0.93 0.013272 0.00151635 0.731329
0.935 0.013272 0.00151635 0.731253
0.94 0.013272 0.00151635 0.731177
0.945 0.013272 0.00151635 0.731102
0.95 0.013272 0.00151635 0.731027
0.955 0.013272 0.00151635 0.730952
0.96 0.013272 0.00151635 0.730877
0.965 0.013272 0.00151635 0.730803
0.97 0.013272 0.00151635 0.730729
0.975 0.013272 0.00151635 0.730655
0.98 0.013272 0.00151635 0.730581
0.985 0.013272 0.00151635 0.730508
0.99 0.013272 0.00151635 0.730435
0.995 0.013272 0.00151635 0.730362
1 0.013272 0.00151635 0.730289
1.005 0.013272 0.00151635 0.730217
1.01 0.013272 0.00151635 0.730144
1.015 0.013272 0.00151635 0.730072
1.02 0.013272 0.00151635 0.730001
1.025 0.013272 0.00151635 0.729929
1.03 0.013272 0.00151635 0.729858
1.035 0.013272 0.00151635 0.729786
1.04 0.013272 0.00151635 0.729715
1.045 0.013272 0.00151635 0.729645
1.05 0.013272 0.00151635 0.729574
1.055 0.013272 0.00151635 0.729503
1.06 0.013272 0.00151635 0.729433
1.065 0.013272 0.00151635 0.729363
1.07 0.013272 0.00151635 0.729293
1.075 0.013272 0.00151635 0.729223
1.08 0.013272 0.00151635 0.729153
1.085 0.013272 0.00151635 0.729084
1.09 0.013272 0.00151635 0.729014
1.095 0.013272 0.00151635 0.728945
1.1 0.013272 0.00151635 0.728876
1.105 0.013272 0.00151635 0.728807
1.11 0.013272 0.00151635 0.728738
1.115 0.013272 0.00151635 0.728669
1.12 0.013272 0.00151635 0.7286
1.125 0.013272 0.00151635 0.728531
1.13 0.013272 0.00151635 0.728463
1.135 0.013272 0.00151635 0.728394
1.14 0.013272 0.00151635 0.728326
1.145 0.013272 0.00151635 0.728258
1.15 0.013272 0.00151635 0.728189
1.155 0.013272 0.00151635 0.728121
1.16 0.013272 0.00151635 0.728053
1.165 0.013272 0.00151635 0.727985
1.17 0.013272 0.00151635 0.727917
1.175 0.013272 0.00151635 0.727848
1.18 0.013272 0.00151635 0.72778
1.185 0.013272 0.00151635 0.727712
1.19 0.013272 0.00151635 0.727644
1.195 0.013272 0.00151635 0.727576
1.2 0.013272 0.00151635 0.727509
1.205 0.013272 0.00151635 0.727441
1.21 0.013272 0.00151635 0.727373
1.215 0.013272 0.00151635 0.727305
1.22 0.013272 0.00151636 0.727237
1.225 0.013272 0.00151636 0.727169
1.23 0.013272 0.00151636 0.727101
1.235 0.013272 0.00151636 0.727033
1.24 0.013272 0.00151636 0.726965
1.245 0.013272 0.00151636 0.726896
1.25 0.013272 0.00151636 0.726828
1.255 0.013272 0.00151636 0.72676
1.26 0.013272 0.00151636 0.726692
1.265 0.013272 0.00151636 0.726624
1.27 0.013272 0.00151636 0.726555
1.275 0.013272 0.00151636 0.726487
1.28 0.013272 0.00151636 0.726418
1.285 0.013272 0.00151636 0.726349
1.29 0.013272 0.00151636 0.726281
1.295 0.013272 0.00151636 0.726212
1.3 0.013272 0.00151636 0.726143
1.305 0.013272 0.00151636 0.726074
1.31 0.013272 0.00151636 0.726005
1.315 0.013272 0.00151636 0.725936
1.32 0.013272 0.00151636 0.725866
1.325 0.013272 0.00151636 0.725797
1.33 0.013272 0.00151636 0.725727
1.335 0.013272 0.00151636 0.725657
1.34 0.013272 0.00151636 0.725587
1.345 0.013272 0.00151636 0.725517
1.35 0.013272 0.00151636 0.725447
1.355 0.013272 0.00151636 0.725377
1.36 0.013272 0.00151636 0.725306
1.365 0.013272 0.00151636 0.725236
1.37 0.013272 0.00151637 0.725165
1.375 0.013272 0.00151637 0.725094
1.38 0.013272 0.00151637 0.725022
1.385 0.013272 0.00151637 0.724951
1.39 0.013272 0.00151637 0.724879
1.395 0.013272 0.00151637 0.724808
1.4 0.013272 0.00151637 0.724735
1.405 0.013272 0.00151637 0.724663
1.41 0.013272 0.00151637 0.724591
1.415 0.013272 0.00151637 0.724518
1.42 0.013272 0.00151637 0.724445
1.425 0.013272 0.00151637 0.724372
1.43 0.013272 0.00151637 0.724299
1.435 0.013272 0.00151637 0.724225
1.44 0.013272 0.00151637 0.724151
1.445 0.013272 0.00151637 0.724077
1.45 0.013272 0.00151637 0.724002
1.455 0.013272 0.00151637 0.723928
1.46 0.013272 0.00151637 0.723853
1.465 0.013272 0.00151637 0.723778
1.47 0.013272 0.00151638 0.723702
1.475 0.013272 0.00151638 0.723626
1.48 0.013272 0.00151638 0.72355
1.485 0.013272 0.00151638 0.723474
1.49 0.013272 0.00151638 0.723397
1.495 0.013272 0.00151638 0.72332
1.5 0.013272 0.00151638 0.723243
1.505 0.013272 0.00151638 0.723165
1.51 0.013272 0.00151638 0.723087
1.515 0.013272 0.00151638 0.723009
1.52 0.013272 0.00151638 0.722931
1.525 0.013272 0.00151638 0.722852
1.53 0.013272 0.00151638 0.722772
1.535 0.013272 0.00151638 0.722693
1.54 0.013272 0.00151639 0.722613
1.545 0.013272 0.00151639 0.722533
1.55 0.013272 0.00151639 0.722452
1.555 0.013272 0.00151639 0.722371
1.56 0.013272 0.00151639 0.72229
1.565 0.013272 0.00151639 0.722208
1.57 0.013272 0.00151639 0.722127
1.575 0.013272 0.00151639 0.722045
1.58 0.013272 0.00151639 0.721963
1.585 0.013272 0.00151639 0.72188
1.59 0.013272 0.00151639 0.721798
1.595 0.013272 0.00151639 0.721715
1.6 0.013272 0.00151639 0.721632
1.605 0.013272 0.00151639 0.721549
1.61 0.013272 0.00151639 0.721466
1.615 0.013272 0.0015164 0.721383
1.62 0.013272 0.0015164 0.7213
1.625 0.013272 0.0015164 0.721216
1.63 0.013272 0.0015164 0.721133
1.635 0.013272 0.0015164 0.72105
1.64 0.013272 0.0015164 0.720966
1.645 0.013272 0.0015164 0.720883
1.65 0.013272 0.0015164 0.720799
1.655 0.013272 0.0015164 0.720716
1.66 0.013272 0.0015164 0.720633
1.665 0.013272 0.0015164 0.72055
1.67 0.013272 0.0015164 0.720467
1.675 0.013272 0.0015164 0.720384
1.68 0.013272 0.0015164 0.720302
1.685 0.013272 0.0015164 0.720219
1.69 0.013272 0.0015164 0.720137
1.695 0.013272 0.0015164 0.720055
1.7 0.013272 0.0015164 0.719973
1.705 0.013272 0.0015164 0.719891
1.71 0.013272 0.0015164 0.71981
1.715 0.013272 0.0015164 0.719729
1.72 0.013272 0.0015164 0.719648
1.725 0.013272 0.0015164 0.719568
1.73 0.013272 0.0015164 0.719488
1.735 0.013272 0.0015164 0.719408
1.74 0.013272 0.0015164 0.719329
1.745 0.013272 0.00151641 0.71925
1.75 0.013272 0.00151641 0.719171
1.755 0.013272 0.00151641 0.719093
1.76 0.013272 0.00151641 0.719015
1.765 0.013272 0.00151641 0.718938
1.77 0.013272 0.00151641 0.718862
1.775 0.013272 0.00151641 0.718786
1.78 0.013272 0.00151641 0.71871
1.785 0.013272 0.00151641 0.718635
1.79 0.013272 0.00151641 0.718561
1.795 0.013272 0.00151641 0.718487
1.8 0.013272 0.00151641 0.718413
1.805 0.013272 0.00151641 0.718341
1.81 0.013272 0.00151641 0.718269
1.815 0.013272 0.00151641 0.718198
1.82 0.013272 0.00151641 0.718127
1.825 0.013272 0.00151641 0.718057
1.83 0.013272 0.00151641 0.717988
1.835 0.013272 0.00151641 0.71792
1.84 0.013272 0.00151641 0.717852
1.845 0.013272 0.00151641 0.717785
1.85 0.013272 0.0015164 0.717719
1.855 0.013272 0.0015164 0.717654
1.86 0.013272 0.0015164 0.717589
1.865 0.013272 0.0015164 0.717525
1.87 0.013272 0.0015164 0.717462
1.875 0.013272 0.0015164 0.7174
1.88 0.013272 0.0015164 0.717339
1.885 0.013272 0.0015164 0.717278
1.89 0.013272 0.0015164 0.717218
1.895 0.013272 0.0015164 0.717159
1.9 0.013272 0.0015164 0.717101
1.905 0.013272 0.0015164 0.717043
1.91 0.013272 0.0015164 0.716987
1.915 0.013272 0.0015164 0.716931
1.92 0.013272 0.0015164 0.716875
1.925 0.013272 0.0015164 0.716821
1.93 0.013272 0.0015164 0.716767
1.935 0.013272 0.0015164 0.716714
1.94 0.013272 0.0015164 0.716662
1.945 0.013272 0.0015164 0.71661
1.95 0.013272 0.0015164 0.716559
1.955 0.013272 0.0015164 0.716509
1.96 0.013272 0.0015164 0.716459
1.965 0.013272 0.0015164 0.71641
1.97 0.013272 0.0015164 0.716362
1.975 0.013272 0.0015164 0.716315
1.98 0.013272 0.0015164 0.716268
1.985 0.013272 0.0015164 0.716221
1.99 0.013272 0.0015164 0.716176
1.995 0.013272 0.0015164 0.716131
2 0.013272 0.0015164 0.716087
2.005 0.013272 0.0015164 0.716043
2.01 0.013272 0.0015164 0.716
2.015 0.013272 0.0015164 0.715957
2.02 0.013272 0.0015164 0.715916
2.025 0.013272 0.0015164 0.715874
2.03 0.013272 0.0015164 0.715834
2.035 0.013272 0.0015164 0.715794
2.04 0.0132719 0.0015164 0.715754
2.045 0.0132719 0.0015164 0.715715
2.05 0.0132719 0.0015164 0.715677
2.055 0.0132719 0.0015164 0.715639
2.06 0.0132719 0.0015164 0.715602
2.065 0.0132719 0.0015164 0.715565
2.07 0.0132719 0.0015164 0.715529
2.075 0.0132719 0.0015164 0.715494
2.08 0.0132719 0.0015164 0.715459
2.085 0.0132719 0.0015164 0.715424
2.09 0.0132719 0.0015164 0.71539
2.095 0.0132719 0.0015164 0.715357
2.1 0.0132719 0.0015164 0.715324
2.105 0.0132719 0.00151639 0.715291
2.11 0.0132719 0.00151639 0.715259
2.115 0.0132719 0.00151639 0.715228
2.12 0.0132719 0.00151639 0.715197
2.125 0.0132719 0.00151639 0.715166
2.13 0.0132719 0.00151639 0.715136
2.135 0.0132719 0.00151639 0.715106
2.14 0.0132719 0.00151639 0.715077
2.145 0.0132719 0.00151639 0.715048
2.15 0.0132719 0.00151639 0.71502
2.155 0.0132719 0.00151639 0.714992
2.16 0.0132719 0.00151639 0.714965
2.165 0.0132719 0.00151639 0.714938
2.17 0.0132719 0.00151639 0.714911
2.175 0.0132719 0.00151639 0.714885
2.18 0.0132719 0.00151639 0.714859
2.185 0.0132719 0.00151639 0.714833
2.19 0.0132719 0.00151639 0.714808
2.195 0.0132719 0.00151639 0.714784
2.2 0.0132719 0.00151639 0.714759
2.205 0.0132719 0.00151639 0.714735
2.21 0.0132719 0.00151639 0.714712
2.215 0.0132719 0.00151639 0.714688
2.22 0.0132719 0.00151639 0.714665
2.225 0.0132719 0.00151639 0.714643
2.23 0.0132719 0.00151639 0.71462
2.235 0.0132719 0.00151639 0.714598
2.24 0.0132719 0.00151639 0.714577
2.245 0.0132719 0.00151639 0.714555
2.25 0.0132719 0.00151639 0.714534
2.255 0.0132719 0.00151639 0.714514
2.26 0.0132719 0.00151639 0.714493
2.265 0.0132719 0.00151639 0.714473
2.27 0.0132719 0.00151639 0.714453
2.275 0.0132719 0.00151639 0.714433
2.28 0.0132719 0.00151639 0.714414
2.285 0.0132719 0.00151639 0.714395
2.29 0.0132719 0.00151639 0.714376
2.295 0.0132719 0.00151639 0.714357
2.3 0.0132719 0.00151639 0.714338
2.305 0.0132719 0.00151639 0.71432
2.31 0.0132719 0.00151639 0.714302
2.315 0.0132719 0.00151639 0.714284
2.32 0.0132719 0.00151639 0.714267
2.325 0.0132719 0.00151639 0.714249
2.33 0.0132719 0.00151639 0.714232
2.335 0.0132719 0.00151639 0.714215
2.34 0.0132719 0.00151639 0.714198
2.345 0.0132719 0.00151639 0.714181
2.35 0.0132719 0.00151639 0.714165
2.355 0.0132719 0.00151639 0.714148
2.36 0.0132719 0.00151639 0.714132
2.365 0.0132719 0.00151639 0.714116
2.37 0.0132719 0.00151639 0.7141
2.375 0.0132719 0.00151639 0.714084
2.38 0.0132719 0.00151639 0.714068
2.385 0.0132719 0.00151639 0.714053
2.39 0.0132719 0.00151639 0.714037
2.395 0.0132719 0.00151639 0.714021
2.4 0.0132719 0.00151639 0.714006
2.405 0.0132719 0.00151639 0.713991
2.41 0.0132719 0.00151639 0.713976
2.415 0.0132719 0.00151639 0.71396
2.42 0.0132719 0.00151639 0.713945
2.425 0.0132719 0.00151639 0.71393
2.43 0.0132719 0.00151639 0.713915
2.435 0.0132719 0.00151639 0.7139
2.44 0.0132719 0.00151639 0.713885
2.445 0.0132719 0.00151639 0.71387
2.45 0.0132719 0.00151639 0.713855
2.455 0.0132719 0.00151639 0.71384
2.46 0.0132719 0.00151639 0.713826
2.465 0.0132719 0.00151639 0.713811
2.47 0.0132719 0.00151639 0.713796
2.475 0.0132719 0.00151639 0.713781
2.48 0.0132719 0.00151639 0.713766
2.485 0.0132719 0.00151639 0.713751
2.49 0.0132719 0.00151639 0.713736
2.495 0.0132719 0.00151639 0.713721
2.5 0.0132719 0.00151639 0.713705
2.505 0.0132719 0.00151639 0.71369
2.51 0.0132719 0.00151639 0.713675
2.515 0.0132719 0.00151639 0.713659
2.52 0.0132719 0.00151639 0.713644
2.525 0.0132719 0.00151639 0.713628
2.53 0.0132719 0.00151639 0.713613
2.535 0.0132719 0.00151639 0.713597
2.54 0.0132719 0.00151639 0.713581
2.545 0.0132719 0.00151639 0.713565
2.55 0.0132719 0.00151639 0.713549
2.555 0.0132719 0.00151639 0.713533
2.56 0.0132719 0.00151639 0.713516
2.565 0.0132719 0.00151639 0.7135
2.57 0.0132719 0.00151639 0.713483
2.575 0.0132719 0.00151639 0.713466
2.58 0.0132719 0.00151639 0.713449
2.585 0.0132719 0.00151639 0.713432
2.59 0.0132719 0.00151639 0.713414
2.595 0.0132719 0.00151639 0.713396
2.6 0.0132719 0.00151639 0.713379
2.605 0.0132719 0.00151639 0.71336
2.61 0.0132719 0.00151639 0.713342
2.615 0.0132719 0.00151639 0.713324
2.62 0.0132719 0.00151639 0.713305
2.625 0.0132719 0.00151639 0.713286
2.63 0.0132719 0.00151639 0.713267
2.635 0.0132719 0.00151639 0.713247
2.64 0.0132719 0.00151639 0.713227
2.645 0.0132719 0.00151639 0.713207
2.65 0.0132719 0.00151639 0.713187
2.655 0.0132719 0.00151639 0.713166
2.66 0.0132719 0.00151639 0.713145
2.665 0.0132719 0.00151639 0.713124
2.67 0.0132719 0.00151639 0.713103
2.675 0.0132719 0.00151639 0.713081
2.68 0.0132719 0.00151639 0.713059
2.685 0.0132719 0.00151639 0.713036
2.69 0.0132719 0.00151639 0.713013
2.695 0.0132719 0.00151639 0.71299
2.7 0.0132719 0.00151639 0.712966
2.705 0.0132719 0.00151639 0.712943
2.71 0.0132719 0.00151639 0.712918
2.715 0.0132719 0.00151639 0.712894
2.72 0.0132719 0.00151639 0.712869
2.725 0.0132719 0.00151639 0.712843
2.73 0.0132719 0.00151639 0.712817
2.735 0.0132719 0.00151639 0.712791
2.74 0.0132719 0.00151639 0.712764
2.745 0.0132719 0.00151639 0.712737
2.75 0.0132719 0.0015164 0.71271
2.755 0.0132719 0.0015164 0.712682
2.76 0.0132719 0.0015164 0.712653
2.765 0.0132719 0.0015164 0.712624
2.77 0.0132719 0.0015164 0.712595
2.775 0.0132719 0.0015164 0.712565
2.78 0.0132719 0.0015164 0.712535
2.785 0.0132719 0.0015164 0.712505
2.79 0.0132719 0.0015164 0.712474
2.795 0.0132719 0.0015164 0.712443
2.8 0.0132719 0.0015164 0.712411
2.805 0.0132719 0.0015164 0.712379
2.81 0.0132719 0.0015164 0.712346
2.815 0.0132719 0.0015164 0.712313
2.82 0.0132719 0.0015164 0.71228
2.825 0.0132719 0.0015164 0.712247
2.83 0.0132719 0.0015164 0.712213
2.835 0.0132719 0.0015164 0.712178
2.84 0.0132719 0.0015164 0.712144
2.845 0.0132719 0.0015164 0.712109
2.85 0.0132719 0.0015164 0.712074
2.855 0.0132719 0.0015164 0.712038
2.86 0.0132719 0.0015164 0.712002
2.865 0.0132719 0.0015164 0.711966
2.87 0.0132719 0.0015164 0.711929
2.875 0.0132719 0.0015164 0.711892
2.88 0.0132719 0.0015164 0.711855
2.885 0.0132719 0.0015164 0.711818
2.89 0.0132719 0.0015164 0.71178
2.895 0.0132719 0.0015164 0.711742
2.9 0.0132719 0.0015164 0.711704
2.905 0.0132719 0.0015164 0.711666
2.91 0.0132719 0.0015164 0.711627
2.915 0.0132719 0.0015164 0.711588
2.92 0.0132719 0.0015164 0.711549
2.925 0.0132719 0.0015164 0.71151
2.93 0.0132719 0.0015164 0.71147
2.935 0.0132719 0.0015164 0.711431
2.94 0.0132719 0.0015164 0.711391
2.945 0.0132719 0.0015164 0.711351
2.95 0.0132719 0.0015164 0.711311
2.955 0.0132719 0.0015164 0.71127
2.96 0.0132719 0.0015164 0.711229
2.965 0.0132719 0.0015164 0.711189
2.97 0.0132719 0.0015164 0.711148
2.975 0.0132719 0.0015164 0.711107
2.98 0.0132719 0.0015164 0.711066
2.985 0.0132719 0.0015164 0.711024
2.99 0.0132719 0.0015164 0.710983
2.995 0.0132719 0.0015164 0.710941
3 0.0132719 0.0015164 0.7109
3.005 0.0132719 0.0015164 0.710858
3.01 0.0132719 0.0015164 0.710816
3.015 0.0132719 0.0015164 0.710774
3.02 0.0132719 0.0015164 0.710732
3.025 0.0132719 0.0015164 0.71069
3.03 0.0132719 0.0015164 0.710648
3.035 0.0132719 0.0015164 0.710606
3.04 0.0132719 0.0015164 0.710564
3.045 0.0132719 0.0015164 0.710522
3.05 0.0132719 0.0015164 0.71048
3.055 0.0132719 0.0015164 0.710438
3.06 0.0132719 0.0015164 0.710395
3.065 0.0132719 0.0015164 0.710353
3.07 0.0132719 0.0015164 0.710311
3.075 0.0132719 0.0015164 0.710269
3.08 0.0132719 0.0015164 0.710227
3.085 0.0132719 0.0015164 0.710185
3.09 0.0132719 0.0015164 0.710143
3.095 0.0132719 0.0015164 0.710101
3.1 0.0132719 0.0015164 0.710059
3.105 0.0132719 0.0015164 0.710017
3.11 0.0132719 0.0015164 0.709975
3.115 0.0132719 0.0015164 0.709933
3.12 0.0132719 0.0015164 0.709892
3.125 0.0132719 0.0015164 0.70985
3.13 0.0132719 0.0015164 0.709809
3.135 0.0132719 0.0015164 0.709767
3.14 0.0132719 0.0015164 0.709726
3.145 0.0132719 0.0015164 0.709685
3.15 0.0132719 0.0015164 0.709644
3.155 0.0132719 0.0015164 0.709604
3.16 0.0132719 0.0015164 0.709563
3.165 0.0132719 0.0015164 0.709522
3.17 0.0132719 0.0015164 0.709482
3.175 0.0132719 0.0015164 0.709442
3.18 0.0132719 0.0015164 0.709402
3.185 0.0132719 0.0015164 0.709363
3.19 0.0132719 0.0015164 0.709323
3.195 0.0132719 0.0015164 0.709284
3.2 0.0132719 0.0015164 0.709245
3.205 0.0132719 0.0015164 0.709206
3.21 0.0132719 0.0015164 0.709168
3.215 0.0132719 0.0015164 0.709129
3.22 0.0132719 0.0015164 0.709091
3.225 0.0132719 0.00151639 0.709054
3.23 0.0132719 0.00151639 0.709016
3.235 0.0132719 0.00151639 0.708979
3.24 0.0132719 0.00151639 0.708942
3.245 0.0132719 0.00151639 0.708905
3.25 0.0132719 0.00151639 0.708869
3.255 0.0132719 0.00151639 0.708833
3.26 0.0132719 0.00151639 0.708798
3.265 0.0132719 0.00151639 0.708762
3.27 0.0132719 0.00151639 0.708727
3.275 0.0132719 0.00151639 0.708693
3.28 0.0132719 0.00151639 0.708659
3.285 0.0132719 0.00151639 0.708625
3.29 0.0132719 0.00151639 0.708591
3.295 0.0132719 0.00151639 0.708558
3.3 0.0132719 0.00151639 0.708525
3.305 0.0132719 0.00151639 0.708493
3.31 0.0132719 0.00151639 0.708461
3.315 0.0132719 0.00151639 0.70843
3.32 0.0132719 0.00151639 0.708399
3.325 0.0132719 0.00151639 0.708368
3.33 0.0132719 0.00151639 0.708338
3.335 0.0132719 0.00151639 0.708309
3.34 0.0132719 0.00151639 0.70828
3.345 0.0132719 0.00151639 0.708251
3.35 0.0132719 0.00151639 0.708223
3.355 0.0132719 0.00151639 0.708195
3.36 0.0132719 0.00151639 0.708168
3.365 0.0132719 0.00151639 0.708141
3.37 0.0132719 0.00151639 0.708115
3.375 0.0132719 0.00151639 0.708089
3.38 0.0132719 0.00151639 0.708064
3.385 0.0132719 0.00151639 0.70804
3.39 0.0132719 0.00151639 0.708016
3.395 0.0132719 0.00151639 0.707992
3.4 0.0132719 0.00151639 0.70797
3.405 0.0132719 0.00151638 0.707947
3.41 0.0132719 0.00151638 0.707926
3.415 0.0132719 0.00151638 0.707905
3.42 0.0132719 0.00151638 0.707884
3.425 0.0132719 0.00151638 0.707865
3.43 0.0132719 0.00151638 0.707845
3.435 0.0132719 0.00151638 0.707827
3.44 0.0132719 0.00151638 0.707809
3.445 0.0132719 0.00151638 0.707792
3.45 0.0132719 0.00151638 0.707775
3.455 0.0132719 0.00151638 0.70776
3.46 0.0132719 0.00151638 0.707744
3.465 0.0132719 0.00151638 0.70773
3.47 0.0132719 0.00151638 0.707716
3.475 0.0132719 0.00151638 0.707703
3.48 0.0132719 0.00151638 0.707691
3.485 0.0132719 0.00151638 0.707679
3.49 0.0132719 0.00151638 0.707668
3.495 0.0132719 0.00151638 0.707658
3.5 0.0132719 0.00151638 0.707649
3.505 0.0132719 0.00151638 0.70764
3.51 0.0132719 0.00151638 0.707633
3.515 0.0132719 0.00151638 0.707626
3.52 0.0132719 0.00151638 0.707619
3.525 0.0132719 0.00151638 0.707614
3.53 0.0132719 0.00151638 0.707609
3.535 0.0132719 0.00151638 0.707606
3.54 0.0132719 0.00151638 0.707603
3.545 0.0132719 0.00151638 0.707601
3.55 0.0132719 0.00151637 0.707599
3.555 0.0132719 0.00151637 0.707599
3.56 0.013272 0.00151637 0.7076
3.565 0.013272 0.00151637 0.707601
3.57 0.013272 0.00151637 0.707603
3.575 0.013272 0.00151637 0.707606
3.58 0.013272 0.00151637 0.70761
3.585 0.013272 0.00151637 0.707615
3.59 0.013272 0.00151637 0.707621
3.595 0.013272 0.00151637 0.707628
3.6 0.013272 0.00151637 0.707636
3.605 0.013272 0.00151637 0.707645
3.61 0.013272 0.00151637 0.707654
3.615 0.013272 0.00151637 0.707665
3.62 0.013272 0.00151637 0.707677
3.625 0.013272 0.00151637 0.707689
3.63 0.013272 0.00151637 0.707703
3.635 0.013272 0.00151637 0.707718
3.64 0.013272 0.00151637 0.707733
3.645 0.013272 0.00151637 0.70775
3.65 0.013272 0.00151637 0.707768
3.655 0.013272 0.00151637 0.707786
3.66 0.013272 0.00151637 0.707806
3.665 0.013272 0.00151637 0.707827
3.67 0.013272 0.00151637 0.707849
3.675 0.013272 0.00151637 0.707872
3.68 0.013272 0.00151637 0.707896
3.685 0.013272 0.00151637 0.707921
3.69 0.013272 0.00151637 0.707947
3.695 0.013272 0.00151637 0.707974
3.7 0.013272 0.00151637 0.708002
3.705 0.013272 0.00151636 0.70803
3.71 0.013272 0.00151636 0.70806
3.715 0.013272 0.00151636 0.708091
3.72 0.013272 0.00151636 0.708123
3.725 0.013272 0.00151636 0.708156
3.73 0.013272 0.00151636 0.70819
3.735 0.013272 0.00151636 0.708224
3.74 0.013272 0.00151636 0.70826
3.745 0.013272 0.00151636 0.708296
3.75 0.013272 0.00151636 0.708334
3.755 0.013272 0.00151636 0.708372
3.76 0.013272 0.00151636 0.708411
3.765 0.013272 0.00151636 0.708451
3.77 0.013272 0.00151636 0.708492
3.775 0.013272 0.00151636 0.708534
3.78 0.013272 0.00151636 0.708577
3.785 0.013272 0.00151636 0.70862
3.79 0.013272 0.00151636 0.708665
3.795 0.013272 0.00151636 0.70871
3.8 0.013272 0.00151636 0.708756
3.805 0.013272 0.00151636 0.708803
3.81 0.013272 0.00151636 0.708851
3.815 0.013272 0.00151636 0.708899
3.82 0.013272 0.00151636 0.708949
3.825 0.013272 0.00151636 0.708999
3.83 0.013272 0.00151636 0.709049
3.835 0.013272 0.00151636 0.709101
3.84 0.013272 0.00151636 0.709154
3.845 0.013272 0.00151636 0.709207
3.85 0.013272 0.00151636 0.709261
3.855 0.013272 0.00151636 0.709315
3.86 0.013272 0.00151636 0.709371
3.865 0.013272 0.00151636 0.709427
3.87 0.013272 0.00151636 0.709483
3.875 0.013272 0.00151636 0.709541
3.88 0.013272 0.00151636 0.709599
3.885 0.013272 0.00151636 0.709658
3.89 0.013272 0.00151636 0.709718
3.895 0.013272 0.00151636 0.709778
3.9 0.013272 0.00151636 0.709839
3.905 0.013272 0.00151636 0.7099
3.91 0.013272 0.00151636 0.709962
3.915 0.013272 0.00151636 0.710025
3.92 0.013272 0.00151636 0.710089
3.925 0.013272 0.00151636 0.710153
3.93 0.013272 0.00151636 0.710217
3.935 0.013272 0.00151636 0.710282
3.94 0.013272 0.00151636 0.710348
3.945 0.013272 0.00151636 0.710415
3.95 0.013272 0.00151636 0.710482
3.955 0.013272 0.00151636 0.710549
3.96 0.013272 0.00151636 0.710617
3.965 0.013272 0.00151636 0.710686
3.97 0.013272 0.00151636 0.710755
3.975 0.013272 0.00151636 0.710825
3.98 0.013272 0.00151636 0.710895
3.985 0.013272 0.00151636 0.710966
3.99 0.013272 0.00151636 0.711038
3.995 0.013272 0.00151635 0.711109
4 0.013272 0.00151635 0.711182
4.005 0.013272 0.00151635 0.711254
4.01 0.013272 0.00151635 0.711328
4.015 0.013272 0.00151635 0.711401
4.02 0.013272 0.00151635 0.711476
4.025 0.013272 0.00151635 0.71155
4.03 0.013272 0.00151635 0.711625
4.035 0.013272 0.00151635 0.711701
4.04 0.013272 0.00151635 0.711777
4.045 0.013272 0.00151635 0.711853
4.05 0.013272 0.00151635 0.71193
4.055 0.013272 0.00151635 0.712007
4.06 0.013272 0.00151635 0.712084
4.065 0.013272 0.00151635 0.712162
4.07 0.013272 0.00151635 0.71224
4.075 0.013272 0.00151635 0.712319
4.08 0.013272 0.00151635 0.712398
4.085 0.013272 0.00151635 0.712477
4.09 0.013272 0.00151635 0.712557
4.095 0.013272 0.00151635 0.712637
4.1 0.013272 0.00151635 0.712717
4.105 0.013272 0.00151635 0.712798
4.11 0.013272 0.00151635 0.712879
4.115 0.013272 0.00151635 0.71296
4.12 0.013272 0.00151635 0.713042
4.125 0.013272 0.00151635 0.713124
4.13 0.013272 0.00151635 0.713206
4.135 0.013272 0.00151635 0.713288
4.14 0.013272 0.00151635 0.713371
4.145 0.013272 0.00151635 0.713453
4.15 0.013272 0.00151635 0.713536
4.155 0.013272 0.00151635 0.71362
4.16 0.013272 0.00151635 0.713703
4.165 0.013272 0.00151635 0.713787
4.17 0.013272 0.00151635 0.713871
4.175 0.013272 0.00151635 0.713955
4.18 0.013272 0.00151635 0.714039
4.185 0.013272 0.00151635 0.714124
4.19 0.013272 0.00151635 0.714208
4.195 0.013272 0.00151635 0.714293
4.2 0.013272 0.00151635 0.714378
4.205 0.013272 0.00151635 0.714463
4.21 0.013272 0.00151635 0.714548
4.215 0.013272 0.00151635 0.714634
4.22 0.013272 0.00151635 0.714719
4.225 0.013272 0.00151635 0.714805
4.23 0.013272 0.00151635 0.71489
4.235 0.013272 0.00151635 0.714976
4.24 0.013272 0.00151635 0.715062
4.245 0.013272 0.00151635 0.715148
4.25 0.013272 0.00151635 0.715234
4.255 0.013272 0.00151635 0.71532
4.26 0.013272 0.00151635 0.715406
4.265 0.013272 0.00151635 0.715492
4.27 0.013272 0.00151635 0.715578
4.275 0.013272 0.00151635 0.715664
4.28 0.013272 0.00151635 0.715751
4.285 0.013272 0.00151635 0.715837
4.29 0.013272 0.00151635 0.715923
4.295 0.013272 0.00151635 0.716009
4.3 0.013272 0.00151635 0.716095
4.305 0.013272 0.00151635 0.716181
4.31 0.013272 0.00151635 0.716267
4.315 0.013272 0.00151635 0.716353
4.32 0.013272 0.00151635 0.716439
4.325 0.013272 0.00151635 0.716525
4.33 0.013272 0.00151635 0.716611
4.335 0.013272 0.00151635 0.716697
4.34 0.013272 0.00151635 0.716782
4.345 0.013272 0.00151635 0.716868
4.35 0.013272 0.00151635 0.716953
4.355 0.013272 0.00151635 0.717039
4.36 0.013272 0.00151635 0.717124
4.365 0.013272 0.00151635 0.717209
4.37 0.013272 0.00151635 0.717294
4.375 0.013272 0.00151635 0.717378
4.38 0.013272 0.00151635 0.717463
4.385 0.013272 0.00151635 0.717547
4.39 0.013272 0.00151635 0.717631
4.395 0.013272 0.00151635 0.717716
4.4 0.013272 0.00151635 0.717799
4.405 0.013272 0.00151635 0.717883
4.41 0.013272 0.00151635 0.717966
4.415 0.013272 0.00151635 0.71805
4.42 0.013272 0.00151635 0.718133
4.425 0.013272 0.00151635 0.718216
4.43 0.013272 0.00151635 0.718298
4.435 0.013272 0.00151635 0.718381
4.44 0.013272 0.00151635 0.718463
4.445 0.013272 0.00151635 0.718545
4.45 0.013272 0.00151635 0.718627
4.455 0.013272 0.00151635 0.718709
4.46 0.013272 0.00151635 0.71879
4.465 0.013272 0.00151635 0.718872
4.47 0.013272 0.00151635 0.718953
4.475 0.013272 0.00151635 0.719034
4.48 0.013272 0.00151635 0.719115
4.485 0.013272 0.00151635 0.719196
4.49 0.013272 0.00151635 0.719276
4.495 0.013272 0.00151635 0.719356
4.5 0.013272 0.00151635 0.719437
4.505 0.013272 0.00151635 0.719517
4.51 0.013272 0.00151635 0.719596
4.515 0.013272 0.00151635 0.719676
4.52 0.013272 0.00151635 0.719755
4.525 0.013272 0.00151635 0.719835
4.53 0.013272 0.00151635 0.719914
4.535 0.013272 0.00151635 0.719993
4.54 0.013272 0.00151635 0.720072
4.545 0.013272 0.00151635 0.72015
4.55 0.013272 0.00151635 0.720229
4.555 0.013272 0.00151635 0.720307
4.56 0.013272 0.00151635 0.720385
4.565 0.013272 0.00151635 0.720463
4.57 0.013272 0.00151635 0.720541
4.575 0.013272 0.00151635 0.720619
4.58 0.013272 0.00151635 0.720697
4.585 0.013272 0.00151635 0.720774
4.59 0.013272 0.00151635 0.720851
4.595 0.013272 0.00151635 0.720928
4.6 0.013272 0.00151635 0.721005
4.605 0.013272 0.00151635 0.721082
4.61 0.013272 0.00151635 0.721159
4.615 0.013272 0.00151635 0.721236
4.62 0.013272 0.00151635 0.721312
4.625 0.013272 0.00151635 0.721388
4.63 0.013272 0.00151635 0.721465
4.635 0.013272 0.00151635 0.721541
4.64 0.013272 0.00151635 0.721617
4.645 0.013272 0.00151635 0.721692
4.65 0.013272 0.00151635 0.721768
4.655 0.013272 0.00151635 0.721844
4.66 0.013272 0.00151635 0.721919
4.665 0.013272 0.00151635 0.721994
4.67 0.013272 0.00151635 0.722069
4.675 0.013272 0.00151635 0.722145
4.68 0.013272 0.00151635 0.72222
4.685 0.013272 0.00151635 0.722294
4.69 0.013272 0.00151635 0.722369
4.695 0.013272 0.00151635 0.722444
4.7 0.013272 0.00151635 0.722518
4.705 0.013272 0.00151635 0.722593
4.71 0.013272 0.00151635 0.722667
4.715 0.013272 0.00151635 0.722741
4.72 0.013272 0.00151635 0.722815
4.725 0.013272 0.00151635 0.722889
4.73 0.013272 0.00151635 0.722963
4.735 0.013272 0.00151635 0.723037
4.74 0.013272 0.00151635 0.72311
4.745 0.013272 0.00151635 0.723184
4.75 0.013272 0.00151635 0.723258
4.755 0.013272 0.00151635 0.723331
4.76 0.013272 0.00151635 0.723404
4.765 0.013272 0.00151635 0.723478
4.77 0.013272 0.00151635 0.723551
4.775 0.013272 0.00151635 0.723624
4.78 0.013272 0.00151635 0.723697
4.785 0.013272 0.00151635 0.72377
4.79 0.013272 0.00151635 0.723843
4.795 0.013272 0.00151635 0.723915
4.8 0.013272 0.00151635 0.723988
4.805 0.013272 0.00151635 0.724061
4.81 0.013272 0.00151635 0.724133
4.815 0.013272 0.00151635 0.724206
4.82 0.013272 0.00151635 0.724278
4.825 0.013272 0.00151635 0.72435
4.83 0.013272 0.00151635 0.724423
4.835 0.013272 0.00151635 0.724495
4.84 0.013272 0.00151635 0.724567
4.845 0.013272 0.00151635 0.724639
4.85 0.013272 0.00151635 0.724711
4.855 0.013272 0.00151635 0.724783
4.86 0.013272 0.00151635 0.724855
4.865 0.013272 0.00151635 0.724927
4.87 0.013272 0.00151635 0.724999
4.875 0.013272 0.00151635 0.72507
4.88 0.013272 0.00151635 0.725142
4.885 0.013272 0.00151635 0.725214
4.89 0.013272 0.00151635 0.725285
4.895 0.013272 0.00151635 0.725357
4.9 0.013272 0.00151635 0.725428
4.905 0.013272 0.00151635 0.7255
4.91 0.013272 0.00151635 0.725572
4.915 0.013272 0.00151635 0.725643
4.92 0.013272 0.00151635 0.725714
4.925 0.013272 0.00151635 0.725786
4.93 0.013272 0.00151635 0.725857
4.935 0.013272 0.00151635 0.725928
4.94 0.013272 0.00151635 0.726
4.945 0.013272 0.00151635 0.726071
4.95 0.013272 0.00151635 0.726142
4.955 0.013272 0.00151635 0.726214
4.96 0.013272 0.00151635 0.726285
4.965 0.013272 0.00151635 0.726356
4.97 0.013272 0.00151635 0.726427
4.975 0.013272 0.00151635 0.726498
4.98 0.013272 0.00151635 0.72657
4.985 0.013272 0.00151635 0.726641
4.99 0.013272 0.00151635 0.726712
4.995 0.013272 0.00151635 0.726783
5 0.013272 0.00151635 0.726854
5.005 0.013272 0.00151635 0.726925
5.01 0.013272 0.00151635 0.726997
5.015 0.013272 0.00151635 0.727068
5.02 0.013272 0.00151635 0.727139
5.025 0.0132719 0.00151635 0.72721
5.03 0.0132719 0.00151635 0.727281
5.035 0.0132719 0.00151635 0.727353
5.04 0.0132719 0.00151635 0.727424
5.045 0.0132719 0.00151635 0.727495
5.05 0.0132719 0.00151635 0.727566
5.055 0.0132719 0.00151635 0.727638
5.06 0.0132719 0.00151635 0.727709
5.065 0.0132719 0.00151635 0.72778
5.07 0.0132719 0.00151635 0.727851
5.075 0.0132719 0.00151635 0.727923
5.08 0.0132719 0.00151635 0.727994
5.085 0.0132719 0.00151635 0.728066
5.09 0.0132719 0.00151635 0.728137
5.095 0.0132719 0.00151635 0.728209
5.1 0.0132719 0.00151635 0.72828
5.105 0.0132719 0.00151635 0.728352
5.11 0.0132719 0.00151635 0.728423
5.115 0.0132719 0.00151635 0.728495
5.12 0.0132719 0.00151635 0.728567
5.125 0.0132719 0.00151635 0.728638
5.13 0.0132719 0.00151635 0.72871
5.135 0.0132719 0.00151635 0.728782
5.14 0.0132719 0.00151635 0.728854
5.145 0.0132719 0.00151635 0.728926
5.15 0.0132719 0.00151635 0.728998
5.155 0.0132719 0.00151635 0.72907
5.16 0.0132719 0.00151635 0.729142
5.165 0.0132719 0.00151635 0.729214
5.17 0.0132719 0.00151635 0.729287
5.175 0.0132719 0.00151635 0.729359
5.18 0.0132719 0.00151635 0.729431
5.185 0.0132719 0.00151635 0.729504
5.19 0.0132719 0.00151634 0.729577
5.195 0.0132719 0.00151634 0.729649
5.2 0.0132719 0.00151634 0.729722
5.205 0.0132719 0.00151634 0.729795
5.21 0.0132719 0.00151634 0.729868
5.215 0.0132719 0.00151634 0.729941
5.22 0.0132719 0.00151634 0.730014
5.225 0.0132719 0.00151634 0.730087
5.23 0.0132719 0.00151634 0.73016
5.235 0.0132719 0.00151634 0.730234
5.24 0.0132719 0.00151634 0.730307
5.245 0.0132719 0.00151634 0.730381
5.25 0.0132719 0.00151634 0.730454
5.255 0.0132719 0.00151634 0.730528
5.26 0.0132719 0.00151634 0.730602
5.265 0.0132719 0.00151634 0.730676
5.27 0.0132719 0.00151634 0.73075
5.275 0.0132719 0.00151634 0.730824
5.28 0.0132719 0.00151634 0.730899
5.285 0.0132719 0.00151634 0.730973
5.29 0.0132719 0.00151634 0.731048
5.295 0.0132719 0.00151634 0.731122
5.3 0.0132719 0.00151634 0.731197
5.305 0.0132719 0.00151634 0.731272
5.31 0.0132719 0.00151634 0.731347
5.315 0.0132719 0.00151634 0.731422
5.32 0.0132719 0.00151634 0.731497
5.325 0.0132719 0.00151634 0.731573
5.33 0.0132719 0.00151634 0.731648
5.335 0.0132719 0.00151634 0.731724
5.34 0.0132719 0.00151634 0.7318
5.345 0.0132719 0.00151634 0.731875
5.35 0.0132719 0.00151634 0.731951
5.355 0.0132719 0.00151634 0.732028
5.36 0.0132719 0.00151634 0.732104
5.365 0.0132719 0.00151634 0.73218
5.37 0.0132719 0.00151634 0.732257
5.375 0.0132719 0.00151634 0.732334
5.38 0.0132719 0.00151634 0.73241
5.385 0.0132719 0.00151634 0.732487
5.39 0.0132719 0.00151634 0.732564
5.395 0.0132719 0.00151634 0.732642
5.4 0.0132719 0.00151634 0.732719
5.405 0.0132719 0.00151634 0.732797
5.41 0.0132719 0.00151634 0.732874
5.415 0.0132719 0.00151634 0.732952
5.42 0.0132719 0.00151634 0.73303
5.425 0.0132719 0.00151634 0.733108
5.43 0.0132719 0.00151634 0.733186
5.435 0.0132719 0.00151634 0.733265
5.44 0.0132719 0.00151634 0.733343
5.445 0.0132719 0.00151634 0.733422
5.45 0.0132719 0.00151634 0.733501
5.455 0.0132719 0.00151634 0.73358
5.46 0.0132719 0.00151634 0.733659
5.465 0.0132719 0.00151634 0.733739
5.47 0.0132719 0.00151634 0.733818
5.475 0.0132719 0.00151634 0.733898
5.48 0.0132719 0.00151634 0.733978
5.485 0.0132719 0.00151634 0.734058
5.49 0.0132719 0.00151634 0.734138
5.495 0.0132719 0.00151634 0.734218
5.5 0.0132719 0.00151634 0.734299
5.505 0.0132719 0.00151634 0.734379
5.51 0.0132719 0.00151634 0.73446
5.515 0.0132719 0.00151634 0.734541
5.52 0.0132719 0.00151634 0.734622
5.525 0.0132719 0.00151634 0.734704
5.53 0.0132719 0.00151634 0.734785
5.535 0.0132719 0.00151634 0.734867
5.54 0.0132719 0.00151634 0.734949
5.545 0.0132719 0.00151634 0.735031
5.55 0.0132719 0.00151634 0.735113
5.555 0.0132719 0.00151634 0.735195
5.56 0.0132719 0.00151634 0.735278
5.565 0.0132719 0.00151634 0.735361
5.57 0.0132719 0.00151634 0.735443
5.575 0.0132719 0.00151634 0.735527
5.58 0.0132719 0.00151634 0.73561
5.585 0.0132719 0.00151634 0.735693
5.59 0.0132719 0.00151634 0.735777
5.595 0.0132719 0.00151634 0.735861
5.6 0.0132719 0.00151634 0.735945
5.605 0.0132719 0.00151634 0.736029
5.61 0.0132719 0.00151634 0.736113
5.615 0.0132719 0.00151634 0.736198
5.62 0.0132719 0.00151634 0.736282
5.625 0.0132719 0.00151634 0.736367
5.63 0.0132719 0.00151634 0.736452
5.635 0.0132719 0.00151634 0.736538
5.64 0.0132719 0.00151634 0.736623
5.645 0.0132719 0.00151634 0.736709
5.65 0.0132719 0.00151634 0.736795
5.655 0.0132719 0.00151634 0.736881
5.66 0.0132719 0.00151634 0.736967
5.665 0.0132719 0.00151634 0.737053
5.67 0.0132719 0.00151634 0.73714
5.675 0.0132719 0.00151634 0.737227
5.68 0.0132719 0.00151634 0.737314
5.685 0.0132719 0.00151634 0.737401
5.69 0.0132719 0.00151634 0.737489
5.695 0.013272 0.00151634 0.737576
5.7 0.013272 0.00151634 0.737664
5.705 0.013272 0.00151634 0.737752
5.71 0.013272 0.00151634 0.73784
5.715 0.013272 0.00151634 0.737929
5.72 0.013272 0.00151634 0.738017
5.725 0.013272 0.00151634 0.738106
5.73 0.013272 0.00151634 0.738195
5.735 0.013272 0.00151634 0.738284
5.74 0.013272 0.00151634 0.738374
5.745 0.013272 0.00151634 0.738463
5.75 0.013272 0.00151634 0.738553
5.755 0.013272 0.00151634 0.738643
5.76 0.013272 0.00151634 0.738733
5.765 0.013272 0.00151634 0.738824
5.77 0.013272 0.00151634 0.738915
5.775 0.013272 0.00151634 0.739005
5.78 0.013272 0.00151634 0.739097
5.785 0.013272 0.00151634 0.739188
5.79 0.013272 0.00151634 0.739279
5.795 0.013272 0.00151634 0.739371
5.8 0.013272 0.00151634 0.739463
5.805 0.013272 0.00151634 0.739555
5.81 0.013272 0.00151634 0.739647
5.815 0.013272 0.00151634 0.73974
5.82 0.013272 0.00151634 0.739833
5.825 0.0132719 0.00151634 0.739926
5.83 0.0132719 0.00151634 0.740019
5.835 0.0132719 0.00151634 0.740112
5.84 0.0132719 0.00151634 0.740206
5.845 0.0132719 0.00151634 0.7403
5.85 0.0132719 0.00151634 0.740394
5.855 0.0132719 0.00151634 0.740488
5.86 0.0132719 0.00151634 0.740583
5.865 0.0132719 0.00151634 0.740678
5.87 0.0132719 0.00151634 0.740773
5.875 0.0132719 0.00151634 0.740868
5.88 0.0132719 0.00151634 0.740963
5.885 0.0132719 0.00151634 0.741059
5.89 0.0132719 0.00151634 0.741154
5.895 0.0132719 0.00151634 0.74125
5.9 0.0132719 0.00151634 0.741347
5.905 0.0132719 0.00151634 0.741443
5.91 0.0132719 0.00151634 0.741539
5.915 0.0132719 0.00151634 0.741636
5.92 0.0132719 0.00151634 0.741732
5.925 0.0132719 0.00151634 0.741829
5.93 0.0132719 0.00151634 0.741926
5.935 0.0132719 0.00151634 0.742023
5.94 0.0132719 0.00151634 0.74212
5.945 0.0132719 0.00151634 0.742218
5.95 0.0132719 0.00151634 0.742315
5.955 0.0132719 0.00151634 0.742412
5.96 0.0132719 0.00151634 0.74251
5.965 0.0132719 0.00151634 0.742608
5.97 0.0132719 0.00151634 0.742705
5.975 0.0132719 0.00151634 0.742803
5.98 0.0132719 0.00151634 0.742901
5.985 0.0132719 0.00151634 0.742999
5.99 0.0132719 0.00151634 0.743097
5.995 0.0132719 0.00151634 0.743195
6 0.0132719 0.00151634 0.743293
6.005 0.0132719 0.00151634 0.743391
6.01 0.0132719 0.00151634 0.743489
6.015 0.0132719 0.00151634 0.743587
6.02 0.0132719 0.00151634 0.743685
6.025 0.0132719 0.00151634 0.743783
6.03 0.0132719 0.00151634 0.743881
6.035 0.0132719 0.00151634 0.74398
6.04 0.0132719 0.00151634 0.744078
6.045 0.0132719 0.00151634 0.744176
6.05 0.0132719 0.00151634 0.744275
6.055 0.0132719 0.00151634 0.744373
6.06 0.0132719 0.00151634 0.744471
6.065 0.0132719 0.00151634 0.744569
6.07 0.0132719 0.00151634 0.744668
6.075 0.0132719 0.00151634 0.744766
6.08 0.0132719 0.00151634 0.744864
6.085 0.0132719 0.00151634 0.744962
6.09 0.0132719 0.00151634 0.745061
6.095 0.0132719 0.00151634 0.745159
6.1 0.0132719 0.00151634 0.745257
6.105 0.0132719 0.00151634 0.745355
6.11 0.0132719 0.00151634 0.745453
6.115 0.0132719 0.00151634 0.745551
6.12 0.0132719 0.00151634 0.745648
6.125 0.0132719 0.00151634 0.745746
6.13 0.0132719 0.00151634 0.745844
6.135 0.0132719 0.00151634 0.745941
6.14 0.0132719 0.00151634 0.746039
6.145 0.0132719 0.00151634 0.746136
6.15 0.0132719 0.00151634 0.746233
6.155 0.0132719 0.00151634 0.746331
6.16 0.0132719 0.00151634 0.746428
6.165 0.0132719 0.00151634 0.746524
6.17 0.0132719 0.00151634 0.746621
6.175 0.0132719 0.00151634 0.746718
6.18 0.0132719 0.00151634 0.746814
6.185 0.0132719 0.00151634 0.746911
6.19 0.0132719 0.00151634 0.747007
6.195 0.0132719 0.00151634 0.747103
6.2 0.0132719 0.00151634 0.747199
6.205 0.0132719 0.00151634 0.747294
6.21 0.0132719 0.00151634 0.74739
6.215 0.0132719 0.00151634 0.747485
6.22 0.0132719 0.00151634 0.74758
6.225 0.0132719 0.00151634 0.747675
6.23 0.0132719 0.00151634 0.747769
6.235 0.0132719 0.00151634 0.747864
6.24 0.0132719 0.00151634 0.747958
6.245 0.0132719 0.00151634 0.748052
6.25 0.0132719 0.00151634 0.748146
6.255 0.0132719 0.00151634 0.748239
6.26 0.0132719 0.00151634 0.748333
6.265 0.0132719 0.00151634 0.748426
6.27 0.0132719 0.00151634 0.748518
6.275 0.0132719 0.00151634 0.748611
6.28 0.0132719 0.00151634 0.748703
6.285 0.0132719 0.00151634 0.748795
6.29 0.0132719 0.00151633 0.748887
6.295 0.0132719 0.00151633 0.748978
6.3 0.0132719 0.00151633 0.749069
6.305 0.0132719 0.00151633 0.74916
6.31 0.0132719 0.00151633 0.74925
6.315 0.0132719 0.00151633 0.74934
6.32 0.0132719 0.00151633 0.74943
6.325 0.0132719 0.00151633 0.749519
6.33 0.0132719 0.00151633 0.749609
6.335 0.0132719 0.00151633 0.749697
6.34 0.0132719 0.00151633 0.749786
6.345 0.0132719 0.00151633 0.749874
6.35 0.0132719 0.00151633 0.749962
6.355 0.0132719 0.00151633 0.750049
6.36 0.0132719 0.00151633 0.750136
6.365 0.0132719 0.00151633 0.750223
6.37 0.0132719 0.00151633 0.750309
6.375 0.0132719 0.00151633 0.750395
6.38 0.0132719 0.00151633 0.75048
6.385 0.0132719 0.00151633 0.750565
6.39 0.0132719 0.00151633 0.75065
6.395 0.0132719 0.00151633 0.750734
6.4 0.0132719 0.00151633 0.750818
6.405 0.0132719 0.00151633 0.750901
6.41 0.0132719 0.00151633 0.750984
6.415 0.0132719 0.00151633 0.751067
6.42 0.0132719 0.00151633 0.751149
6.425 0.0132719 0.00151633 0.75123
6.43 0.0132719 0.00151633 0.751311
6.435 0.0132719 0.00151633 0.751392
6.44 0.0132719 0.00151633 0.751472
6.445 0.0132719 0.00151633 0.751552
6.45 0.0132719 0.00151633 0.751631
6.455 0.0132719 0.00151633 0.75171
6.46 0.0132719 0.00151633 0.751788
6.465 0.0132719 0.00151633 0.751866
6.47 0.0132719 0.00151633 0.751943
6.475 0.0132719 0.00151633 0.75202
6.48 0.0132719 0.00151633 0.752096
6.485 0.0132719 0.00151633 0.752172
6.49 0.0132719 0.00151633 0.752247
6.495 0.0132719 0.00151633 0.752322
6.5 0.0132719 0.00151633 0.752396
6.505 0.0132719 0.00151633 0.752469
6.51 0.0132719 0.00151633 0.752542
6.515 0.0132719 0.00151633 0.752615
6.52 0.0132719 0.00151633 0.752686
6.525 0.0132719 0.00151633 0.752758
6.53 0.0132719 0.00151633 0.752828
6.535 0.0132719 0.00151633 0.752898
6.54 0.0132719 0.00151633 0.752968
6.545 0.0132719 0.00151633 0.753037
6.55 0.0132719 0.00151633 0.753105
6.555 0.0132719 0.00151633 0.753173
6.56 0.0132719 0.00151633 0.75324
6.565 0.0132719 0.00151633 0.753306
6.57 0.0132719 0.00151633 0.753372
6.575 0.0132719 0.00151633 0.753437
6.58 0.0132719 0.00151633 0.753502
6.585 0.0132719 0.00151633 0.753566
6.59 0.0132719 0.00151633 0.753629
6.595 0.0132719 0.00151633 0.753691
6.6 0.0132719 0.00151634 0.753753
6.605 0.0132719 0.00151634 0.753814
6.61 0.0132719 0.00151634 0.753875
6.615 0.0132719 0.00151634 0.753935
6.62 0.0132719 0.00151634 0.753994
6.625 0.0132719 0.00151634 0.754052
6.63 0.0132719 0.00151634 0.75411
6.635 0.0132719 0.00151634 0.754167
6.64 0.0132719 0.00151634 0.754223
6.645 0.0132719 0.00151634 0.754279
6.65 0.0132719 0.00151634 0.754334
6.655 0.0132719 0.00151634 0.754388
6.66 0.0132719 0.00151634 0.754441
6.665 0.0132719 0.00151634 0.754494
6.67 0.0132719 0.00151634 0.754546
6.675 0.0132719 0.00151634 0.754597
6.68 0.0132719 0.00151634 0.754647
6.685 0.0132719 0.00151634 0.754697
6.69 0.0132719 0.00151634 0.754746
6.695 0.0132719 0.00151634 0.754794
6.7 0.0132719 0.00151634 0.754841
6.705 0.0132719 0.00151634 0.754887
6.71 0.0132719 0.00151634 0.754933
6.715 0.0132719 0.00151634 0.754977
6.72 0.0132719 0.00151634 0.75502
6.725 0.0132719 0.00151634 0.755062
6.73 0.0132719 0.00151634 0.755103
6.735 0.0132719 0.00151634 0.755143
6.74 0.0132719 0.00151634 0.755181
6.745 0.0132719 0.00151634 0.755217
6.75 0.0132719 0.00151633 0.755252
6.755 0.0132719 0.00151633 0.755285
6.76 0.0132719 0.00151633 0.755316
6.765 0.0132719 0.00151633 0.755344
6.77 0.0132719 0.00151633 0.755371
6.775 0.0132719 0.00151633 0.755396
6.78 0.0132719 0.00151633 0.755418
6.785 0.0132719 0.00151633 0.755437
6.79 0.0132719 0.00151633 0.755454
6.795 0.0132719 0.00151633 0.755468
6.8 0.0132719 0.00151633 0.755478
6.805 0.0132719 0.00151633 0.755486
6.81 0.0132719 0.00151633 0.755491
6.815 0.0132719 0.00151633 0.755492
6.82 0.0132719 0.00151633 0.75549
6.825 0.0132719 0.00151633 0.755485
6.83 0.0132719 0.00151633 0.755475
6.835 0.0132718 0.00151633 0.755462
6.84 0.0132718 0.00151632 0.755445
6.845 0.0132718 0.00151632 0.755423
6.85 0.0132718 0.00151632 0.755397
6.855 0.0132718 0.00151632 0.755367
6.86 0.0132718 0.00151632 0.755333
6.865 0.0132718 0.00151632 0.755294
6.87 0.0132718 0.00151632 0.755251
6.875 0.0132718 0.00151632 0.755204
6.88 0.0132718 0.00151632 0.755153
6.885 0.0132718 0.00151633 0.755098
6.89 0.0132718 0.00151633 0.755039
6.895 0.0132718 0.00151633 0.754978
6.9 0.0132718 0.00151633 0.754913
6.905 0.0132718 0.00151633 0.754844
6.91 0.0132718 0.00151633 0.754774
6.915 0.0132718 0.00151634 0.7547
6.92 0.0132718 0.00151634 0.754625
6.925 0.0132718 0.00151634 0.754548
6.93 0.0132718 0.00151634 0.754469
6.935 0.0132718 0.00151634 0.754389
6.94 0.0132719 0.00151635 0.754308
6.945 0.0132719 0.00151635 0.754227
6.95 0.0132719 0.00151635 0.754145
6.955 0.0132719 0.00151635 0.754064
6.96 0.0132719 0.00151635 0.753983
6.965 0.0132719 0.00151635 0.753903
6.97 0.0132719 0.00151635 0.753825
6.975 0.0132719 0.00151635 0.753749
6.98 0.0132719 0.00151635 0.753675
