0 0.000148937 0.000808926
0.005 0.000101088 0.000898998
0.01 0.00014607 0.00195092
0.015 0.00015701 0.00108394
0.02 0.000107024 0.000807974
0.025 0.000100096 0.00070896
0.03 9.79205e-05 0.000688931
0.035 0.000113911 0.000756947
0.04 0.000119025 0.000797055
0.045 0.000100978 0.000695888
0.05 9.80545e-05 0.000691065
0.055 0.000102937 0.00075294
0.06 0.000102989 0.000810993
0.065 0.000101914 0.00104111
0.07 0.000105083 0.00069594
0.075 9.7961e-05 0.000699971
0.08 0.000118038 0.000783021
0.085 0.000108049 0.000790045
0.09 9.90825e-05 0.0006939
0.095 9.80272e-05 0.000697037
0.1 9.79392e-05 0.000690949
0.105 9.79573e-05 0.000748967
0.11 0.00010711 0.00084206
0.115 0.000131969 0.000950885
0.12 0.000100089 0.000691953
0.125 0.000101087 0.000696044
0.13 0.000100083 0.000691948
0.135 9.90145e-05 0.000694071
0.14 0.000100091 0.000791956
0.145 0.000101094 0.000700051
0.15 9.60185e-05 0.000688936
0.155 9.39769e-05 0.000688086
0.16 0.000111119 0.000691016
0.165 9.60362e-05 0.000690954
0.17 9.59877e-05 0.000694905
0.175 9.60226e-05 0.00069094
0.18 9.51131e-05 0.000695984
0.185 9.60121e-05 0.000688929
0.19 9.61095e-05 0.000690027
0.195 9.50609e-05 0.000694932
0.2 9.50518e-05 0.000696923
0.205 9.48971e-05 0.000692007
0.21 9.50011e-05 0.000691111
0.215 9.49078e-05 0.000691017
0.22 0.000119098 0.000703888
0.225 9.70411e-05 0.000693005
0.23 9.49858e-05 0.000688903
0.235 9.4083e-05 0.000703908
0.24 0.000115885 0.00103401
0.245 0.000125961 0.00103908
0.25 0.000126962 0.00102593
0.255 0.000118086 0.00100411
0.26 0.00011801 0.00100499
0.265 0.000128983 0.001005
0.27 0.000115902 0.00100608
0.275 0.000118012 0.00100599
0.28 0.000117944 0.00100393
0.285 0.000117975 0.00100396
0.29 9.5006e-05 0.000692115
0.295 0.00011911 0.0010049
0.3 0.000118076 0.0010201
0.305 0.000119966 0.00100704
0.31 0.000120886 0.00100701
0.315 0.000115996 0.00101189
0.32 0.000115073 0.00100392
0.325 0.000115097 0.00113794
0.33 0.00011611 0.001006
0.335 0.000116014 0.0010099
0.34 0.000117064 0.001018
0.345 0.00011704 0.00100602
0.35 0.000111919 0.0010061
0.355 0.000113036 0.00101103
0.36 0.000110118 0.00111197
0.365 0.000111 0.00100194
0.37 0.000114892 0.00095302
0.375 9.18909e-05 0.0006891
0.38 8.9979e-05 0.000689095
0.385 8.91134e-05 0.000687991
0.39 8.89529e-05 0.00101702
0.395 0.000129015 0.00106903
0.4 0.000115976 0.0012741
0.405 8.99995e-05 0.000688924
0.41 8.90573e-05 0.000693889
0.415 9.10801e-05 0.000694004
0.42 8.70903e-05 0.000698067
0.425 8.79695e-05 0.000690993
0.43 8.81007e-05 0.000694886
0.435 8.81188e-05 0.000703904
0.44 9.20771e-05 0.000687047
0.445 8.80149e-05 0.000689038
0.45 8.70003e-05 0.000695024
0.455 8.89258e-05 0.000695996
0.46 8.8944e-05 0.000691014
0.465 8.80288e-05 0.000720052
0.47 0.000111104 0.000761001
0.475 8.91186e-05 0.00070395
0.48 8.507e-05 0.000692001
0.485 8.59029e-05 0.000700072
0.49 8.51064e-05 0.000715037
0.495 8.4051e-05 0.000687889
0.5 8.39506e-05 0.000689027
0.505 0.000113035 0.00120503
0.51 9.08972e-05 0.00069606
0.515 8.29413e-05 0.000690018
0.52 8.30657e-05 0.000696096
0.525 8.89505e-05 0.00070002
0.53 8.29654e-05 0.000704996
0.535 8.3023e-05 0.000689053
0.54 8.41079e-05 0.000688946
0.545 8.10006e-05 0.000836938
0.55 0.000105938 0.00096508
0.555 0.000117058 0.000983994
0.56 8.50122e-05 0.000690897
0.565 8.10766e-05 0.000688014
0.57 8.48835e-05 0.000690007
0.575 8.19548e-05 0.000695939
0.58 8.00859e-05 0.000688977
0.585 7.9946e-05 0.000690076
0.59 8.0084e-05 0.000767975
0.595 0.000106039 0.000773942
0.6 8.29764e-05 0.000689007
0.605 9.19618e-05 0.000688979
0.61 8.39268e-05 0.000691004
0.615 8.01111e-05 0.000692002
0.62 7.99508e-05 0.000701081
0.625 8.00357e-05 0.000693927
0.63 8.0021e-05 0.000699912
0.635 0.000109913 0.001345
0.64 0.000116031 0.000937967
0.645 0.000115934 0.00139411
0.65 8.80213e-05 0.000696045
0.655 7.99864e-05 0.000701116
0.66 7.9104e-05 0.000689949
0.665 7.90103e-05 0.000689094
0.67 7.70161e-05 0.000698007
0.675 8.30478e-05 0.00153208
0.68 8.09716e-05 0.000691956
0.685 7.60101e-05 0.000940955
0.69 0.000108092 0.00104609
0.695 8.50438e-05 0.000700929
0.7 7.69626e-05 0.000706953
0.705 7.78813e-05 0.000701918
0.71 7.59063e-05 0.000693089
0.715 7.70239e-05 0.000696015
0.72 9.49888e-05 0.000903098
0.725 8.39974e-05 0.000714074
0.73 9.58885e-05 0.00103204
0.735 9.80392e-05 0.000986049
0.74 8.80291e-05 0.000705053
0.745 7.40405e-05 0.000691939
0.75 7.60326e-05 0.000689977
0.755 7.4078e-05 0.00068893
0.76 7.39448e-05 0.000832035
0.765 9.61151e-05 0.00105403
0.77 0.000101893 0.000996088
0.775 9.59056e-05 0.00128011
0.78 8.09483e-05 0.000699886
0.785 8.11055e-05 0.000690043
0.79 7.51113e-05 0.000877009
0.795 7.60159e-05 0.000694007
0.8 7.40014e-05 0.000697092
0.805 7.40003e-05 0.000700899
0.81 7.59822e-05 0.000688927
0.815 7.3988e-05 0.000696078
0.82 7.4987e-05 0.000704885
0.825 7.91113e-05 0.00161396
0.83 0.000101111 0.00107607
0.835 9.61142e-05 0.000996032
0.84 9.68955e-05 0.000977098
0.845 9.40665e-05 0.000953891
0.85 9.69268e-05 0.000976891
0.855 9.59984e-05 0.00105796
0.86 7.89163e-05 0.000693
0.865 7.69739e-05 0.000707011
0.87 7.39526e-05 0.00103304
0.875 0.000102972 0.00107698
0.88 7.78969e-05 0.000692934
0.885 8.29818e-05 0.00101401
0.89 8.28928e-05 0.000770923
0.895 8.49896e-05 0.000835113
0.9 9.1012e-05 0.000735936
0.905 8.21012e-05 0.000707085
0.91 7.90132e-05 0.000696097
0.915 7.99127e-05 0.000693043
0.92 7.89976e-05 0.000692081
0.925 7.90497e-05 0.000698895
0.93 7.98961e-05 0.000708026
0.935 7.90069e-05 0.00069109
0.94 7.9059e-05 0.000689904
0.945 7.70716e-05 0.000709062
0.95 7.79971e-05 0.000692034
0.955 7.905e-05 0.000688895
0.96 7.89699e-05 0.000696053
0.965 7.80616e-05 0.000948099
0.97 8.20453e-05 0.000690029
0.975 7.80444e-05 0.000687889
0.98 7.89574e-05 0.000710041
0.985 7.79325e-05 0.000709016
0.99 7.69697e-05 0.000700961
0.995 7.79552e-05 0.000688992
1 7.70537e-05 0.000706044
1.005 7.80717e-05 0.000697109
1.01 7.70572e-05 0.000690048
1.015 7.8029e-05 0.000692066
1.02 9.60336e-05 0.000841951
1.025 7.78876e-05 0.000697925
1.03 7.69193e-05 0.00103191
1.035 0.000103885 0.00136593
1.04 8.09714e-05 0.00104091
1.045 0.000109937 0.00121203
1.05 8.00159e-05 0.000694907
1.055 7.70544e-05 0.000694045
1.06 7.69077e-05 0.000687898
1.065 7.61123e-05 0.000857057
1.07 8.11053e-05 0.000884043
1.075 0.000101006 0.00100792
1.08 0.000101897 0.00103609
1.085 9.30113e-05 0.000698028
1.09 9.29739e-05 0.00100599
1.095 9.51055e-05 0.00100598
1.1 8.38843e-05 0.000857961
1.105 0.000103908 0.000994003
1.11 0.000104008 0.00105306
1.115 0.000104116 0.00107097
1.12 0.00010208 0.00106304
1.125 0.000100906 0.000834055
1.13 0.000103035 0.000882038
1.135 8.39806e-05 0.000690057
1.14 8.10847e-05 0.000693022
1.145 7.99311e-05 0.000689061
1.15 8.20826e-05 0.000914067
1.155 0.000101923 0.00121193
1.16 0.000105112 0.00111097
1.165 8.7108e-05 0.000688893
1.17 8.40008e-05 0.000694077
1.175 8.30925e-05 0.000701884
1.18 8.39457e-05 0.000703022
1.185 8.29842e-05 0.000692015
1.19 8.98906e-05 0.000690007
1.195 8.41076e-05 0.000722946
1.2 0.000111065 0.00127396
1.205 0.00012502 0.0013049
1.21 9.38909e-05 0.000696
1.215 8.30661e-05 0.000687096
1.22 8.50175e-05 0.000687902
1.225 8.29553e-05 0.000695986
1.23 8.21181e-05 0.000732102
1.235 8.38819e-05 0.000700959
1.24 8.70274e-05 0.000689005
1.245 8.39597e-05 0.000698036
1.25 8.30884e-05 0.000692119
1.255 8.19393e-05 0.000687923
1.26 8.3102e-05 0.000690894
1.265 8.40127e-05 0.000689089
1.27 8.48987e-05 0.000760022
1.275 8.898e-05 0.00069405
1.28 8.39913e-05 0.000713068
1.285 8.49823e-05 0.000739913
1.29 8.99968e-05 0.000903113
1.295 8.4967e-05 0.00069709
1.3 8.39515e-05 0.000697028
1.305 0.000111915 0.0015819
1.31 0.000106967 0.00107592
1.315 0.000100885 0.00108703
1.32 0.000100894 0.00111604
1.325 9.7918e-05 0.000702928
1.33 8.4014e-05 0.000692091
1.335 0.000124999 0.00101111
1.34 9.78961e-05 0.00100191
1.345 9.6901e-05 0.0010481
1.35 9.7022e-05 0.000999986
1.355 9.81061e-05 0.00100612
1.36 9.69912e-05 0.00104195
1.365 9.71078e-05 0.00100307
1.37 0.000100941 0.00100409
1.375 9.992e-05 0.00100802
1.38 0.000105081 0.00101494
1.385 0.000104086 0.00101094
1.39 0.000107903 0.0010069
1.395 0.00010292 0.00100692
1.4 0.000102952 0.00102996
1.405 0.000101916 0.000850919
1.41 8.69259e-05 0.000704903
1.415 8.21021e-05 0.000696086
1.42 8.19542e-05 0.000694938
1.425 8.20446e-05 0.000995029
1.43 0.000109931 0.00104702
1.435 0.0001081 0.0010571
1.44 0.000100991 0.0010009
1.445 9.70315e-05 0.00100004
1.45 9.7885e-05 0.0010169
1.455 9.99382e-05 0.00100509
1.46 9.489e-05 0.00107105
1.465 0.000110958 0.00106509
1.47 0.000104034 0.00104308
1.475 0.000103938 0.00100799
1.48 9.90549e-05 0.00100511
1.485 9.90055e-05 0.00103511
1.49 0.000102967 0.00100202
1.495 0.000102104 0.00100306
1.5 0.000103989 0.00105804
1.505 0.000161898 0.00104606
1.51 0.000111897 0.00101408
1.515 0.000112099 0.00102004
1.52 0.00011909 0.00118112
1.525 0.000115018 0.0007181
1.53 9.19808e-05 0.000695951
1.535 9.38996e-05 0.00129396
1.54 9.60598e-05 0.000698977
1.545 0.000110058 0.000916908
1.55 0.000105058 0.000868915
1.555 0.000106035 0.000755939
1.56 0.000115062 0.000971906
1.565 0.000118949 0.00145002
1.57 9.60585e-05 0.000802976
1.575 9.70131e-05 0.000739977
1.58 0.000104028 0.000808886
1.585 0.000106107 0.000781011
1.59 9.61014e-05 0.000698065
1.595 9.29522e-05 0.000699969
1.6 9.19013e-05 0.00068711
1.605 0.000123987 0.000921056
1.61 0.000119032 0.000700061
1.615 0.000109107 0.000720911
1.62 9.48838e-05 0.000698993
1.625 9.40466e-05 0.00070511
1.63 9.80579e-05 0.000690068
1.635 9.99934e-05 0.000690096
1.64 9.9111e-05 0.000695975
1.645 0.000108983 0.000692072
1.65 0.000109981 0.00069007
1.655 0.000111078 0.000691975
1.66 0.000105982 0.000685886
1.665 0.000102927 0.00068693
1.67 0.000101984 0.00069194
1.675 0.000101954 0.000687957
1.68 0.000113904 0.00079194
1.685 0.000118911 0.00069194
1.69 0.000115882 0.00068901
1.695 0.000141971 0.00093192
1.7 0.000123915 0.000787937
1.705 0.00012508 0.000791911
1.71 0.00015394 0.000887968
1.715 0.000151058 0.000711901
1.72 0.000123064 0.000733041
1.725 0.000124052 0.000693074
1.73 0.000166002 0.00104206
1.735 0.000268089 0.00105791
1.74 0.000167944 0.00106391
1.745 0.000169011 0.00105597
1.75 0.000172945 0.00106509
1.755 0.000176037 0.00105208
1.76 0.000175085 0.00122309
1.765 0.000167981 0.000914942
1.77 0.000160055 0.000728076
1.775 0.000137998 0.000693953
1.78 0.00013406 0.000702069
1.785 0.000141021 0.000724116
1.79 0.000142066 0.000692969
1.795 0.000137081 0.00073299
1.8 0.000167902 0.00124206
1.805 0.000204008 0.00129697
1.81 0.000190991 0.00139506
1.815 0.000141985 0.000696887
1.82 0.00013796 0.000695916
1.825 0.000142014 0.000693917
1.83 0.000166943 0.00072205
1.835 0.000142055 0.000690958
1.84 0.000139044 0.000698046
1.845 0.000139045 0.000699047
1.85 0.000137948 0.000831903
1.855 0.000175086 0.00105209
1.86 0.000169954 0.00106296
1.865 0.000158983 0.000690958
1.87 0.000136945 0.0006979
1.875 0.000137079 0.000703988
1.88 0.000139 0.000702002
1.885 0.000141054 0.00069191
1.89 0.000139916 0.000700964
1.895 0.000139951 0.000685999
1.9 0.000145118 0.000701921
1.905 0.000143085 0.000691034
1.91 0.000145007 0.000736048
1.915 0.000140997 0.000689092
1.92 0.000139926 0.000686974
1.925 0.00014194 0.000699081
1.93 0.000142902 0.000691897
1.935 0.000139069 0.000796117
1.94 0.000193108 0.00108099
1.945 0.000181886 0.00106097
1.95 0.000183097 0.00101699
1.955 0.000190926 0.000738953
1.96 0.000146923 0.0010561
1.965 0.000190023 0.001452
1.97 0.000232069 0.000729088
1.975 0.000172053 0.000758961
1.98 0.000145954 0.000715042
1.985 0.000134916 0.000728971
1.99 0.000136997 0.000765906
1.995 0.000141964 0.000788105
2 0.000164108 0.000883076
2.005 0.000137997 0.000760953
2.01 0.000129955 0.000695017
2.015 0.000146044 0.000774893
2.02 0.000159989 0.00108401
2.025 0.000171948 0.00216805
2.03 0.000158905 0.00107312
2.035 0.000157979 0.00107395
2.04 0.00015792 0.00107309
2.045 0.00016202 0.0010649
2.05 0.000168106 0.00107902
2.055 0.000157072 0.00106195
2.06 0.000150981 0.00107606
2.065 0.000152946 0.000810927
2.07 0.000167893 0.00105909
2.075 0.000157006 0.00101393
2.08 0.000141949 0.0010069
2.085 0.000141912 0.00100205
2.09 0.000139095 0.0010009
2.095 0.000138966 0.00100597
2.1 0.000139956 0.001019
2.105 0.000138953 0.00100196
2.11 0.000140063 0.00100611
2.115 0.000138914 0.00100692
2.12 0.000139978 0.00100603
2.125 0.000139901 0.00100595
2.13 0.000136905 0.00100705
2.135 0.000139048 0.00100105
2.14 0.000137912 0.00100411
2.145 0.000136905 0.00100705
2.15 0.000137936 0.000999892
2.155 0.000137005 0.00101091
2.16 0.000138921 0.00100292
2.165 0.000142944 0.00100889
2.17 0.000140993 0.00101009
2.175 0.000137089 0.000999998
2.18 0.000135907 0.00100001
2.185 0.000134098 0.00100711
2.19 0.000134943 0.000971998
2.195 0.000125949 0.000738064
2.2 0.000114044 0.00069008
2.205 0.000111896 0.000687078
2.21 0.000112931 0.000728921
2.215 0.000137984 0.000873986
2.22 0.000147061 0.001182
2.225 0.000154091 0.00111807
2.23 0.000141977 0.00100612
2.235 0.000138067 0.00101502
2.24 0.000118045 0.000734027
2.245 0.000129016 0.000845031
2.25 0.000117046 0.000692028
2.255 0.000113963 0.000695999
2.26 0.000117119 0.000865102
2.265 0.000149929 0.00105001
2.27 0.000155068 0.0010191
2.275 0.000153916 0.000915898
2.28 0.000117931 0.000710913
2.285 0.000113953 0.000749035
2.29 0.000142078 0.00104598
2.295 0.000128909 0.000726925
2.3 0.00011291 0.0006939
2.305 0.000117092 0.000698029
2.31 0.000113936 0.000690972
2.315 0.000113065 0.000689055
2.32 0.000108903 0.000694946
2.325 0.000117914 0.000698896
2.33 0.000108924 0.000692013
2.335 0.000109908 0.000703997
2.34 0.000109964 0.000752053
2.345 0.000109953 0.000689088
2.35 0.00010909 0.000699894
2.355 0.000109014 0.000696057
2.36 0.000107899 0.000687942
2.365 0.000108082 0.000695886
2.37 0.000118967 0.000688996
2.375 0.000132931 0.000709893
2.38 0.0001089 0.000685943
2.385 0.00010809 0.000689086
2.39 0.000106899 0.000693087
2.395 0.000131055 0.00100197
2.4 0.000113118 0.000700108
2.405 0.000110989 0.000689886
2.41 0.00010592 0.000986063
2.415 0.000136044 0.00100191
2.42 0.000133929 0.000965938
2.425 0.000122915 0.00114289
2.43 0.000136919 0.000788067
2.435 0.000109084 0.000705888
2.44 0.000104962 0.000717058
2.445 0.000105018 0.000694922
2.45 0.000104095 0.000689906
2.455 0.000105079 0.000699937
2.46 0.00010305 0.000687053
2.465 0.000104081 0.000688892
2.47 0.000103939 0.000838989
2.475 0.000142039 0.00104994
2.48 0.000125991 0.000987106
2.485 0.000128956 0.00106297
2.49 0.000128083 0.00102605
2.495 0.000127889 0.000906097
2.5 0.000101991 0.000686948
2.505 9.90424e-05 0.000720099
2.51 9.88808e-05 0.000687983
2.515 0.000101899 0.000758094
2.52 9.78943e-05 0.000741904
2.525 0.000122916 0.000747892
2.53 0.000111973 0.000890916
2.535 0.000242927 0.000860025
2.54 9.89345e-05 0.000687991
2.545 9.80453e-05 0.000725055
2.55 9.70067e-05 0.00074397
2.555 0.000117937 0.00111792
2.56 0.000111106 0.001008
2.565 0.000110965 0.00100491
2.57 9.69835e-05 0.000711947
2.575 9.50207e-05 0.000723892
2.58 9.29983e-05 0.000818015
2.585 0.00011195 0.000864894
2.59 0.000103956 0.000891005
2.595 9.50198e-05 0.000777891
2.6 9.20153e-05 0.000690986
2.605 9.09079e-05 0.00068907
2.61 8.89533e-05 0.000707023
2.615 0.000104965 0.00106111
2.62 0.000109929 0.000783018
2.625 9.38835e-05 0.000718947
2.63 8.79128e-05 0.000695936
2.635 9.91162e-05 0.00131093
2.64 9.80807e-05 0.000700091
2.645 8.50322e-05 0.000693917
2.65 9.70244e-05 0.00104799
2.655 9.98947e-05 0.000690044
2.66 0.000110104 0.00131795
2.665 8.59476e-05 0.000757117
2.67 8.19837e-05 0.000690968
2.675 7.99827e-05 0.000695113
2.68 7.99285e-05 0.000698105
2.685 9.20462e-05 0.000892063
2.69 8.59769e-05 0.000691908
2.695 7.59623e-05 0.000688907
2.7 7.6081e-05 0.000688072
2.705 7.70609e-05 0.000692052
2.71 7.49604e-05 0.000730097
2.715 7.6062e-05 0.000694007
2.72 7.19288e-05 0.000689926
2.725 7.10081e-05 0.000688959
2.73 7.00016e-05 0.00104691
2.735 7.99849e-05 0.00105511
2.74 7.40757e-05 0.00105097
2.745 7.19348e-05 0.00109598
2.75 7.20243e-05 0.00106307
2.755 7.09513e-05 0.0010669
2.76 6.89902e-05 0.00108209
2.765 6.99296e-05 0.00106707
2.77 7.10543e-05 0.00106705
2.775 7.10796e-05 0.00107603
2.78 7.09399e-05 0.00106789
2.785 6.99324e-05 0.00106708
2.79 7.79522e-05 0.00104799
2.795 7.19706e-05 0.000831968
2.8 6.91173e-05 0.000720976
2.805 7.29478e-05 0.000776992
2.81 7.20921e-05 0.00069509
2.815 6.6978e-05 0.000753982
2.82 7.89746e-05 0.000847058
2.825 8.80439e-05 0.000874114
2.83 0.000205902 0.000734909
2.835 6.69686e-05 0.000692973
2.84 6.59552e-05 0.000689913
2.845 6.51012e-05 0.000687059
2.85 6.60088e-05 0.000710967
2.855 6.58823e-05 0.000695079
2.86 7.09617e-05 0.000692959
2.865 6.49482e-05 0.000690098
2.87 6.40738e-05 0.000926986
2.875 0.000170937 0.000872037
2.88 7.49519e-05 0.000808896
2.885 6.59608e-05 0.000691919
2.89 6.39147e-05 0.000687019
2.895 6.31139e-05 0.000691933
2.9 6.30078e-05 0.000925112
2.905 0.000153066 0.00151305
2.91 6.69259e-05 0.00069393
2.915 6.41114e-05 0.000719977
2.92 6.40777e-05 0.000684943
2.925 6.29185e-05 0.000688976
2.93 6.39582e-05 0.000686062
2.935 6.30115e-05 0.000690069
2.94 6.39122e-05 0.000688016
2.945 6.40515e-05 0.000685917
2.95 6.69454e-05 0.00068795
2.955 6.30778e-05 0.000685897
2.96 6.30317e-05 0.000687089
2.965 6.39991e-05 0.000895103
2.97 7.29242e-05 0.000718014
2.975 6.50091e-05 0.000688921
2.98 6.31087e-05 0.000688928
2.985 6.31089e-05 0.000685928
2.99 6.19701e-05 0.000941981
2.995 8.2078e-05 0.00103806
3 8.19188e-05 0.0010249
3.005 7.69317e-05 0.00100592
3.01 7.89569e-05 0.00100804
3.015 7.60625e-05 0.00102201
3.02 7.49037e-05 0.00099904
3.025 7.41155e-05 0.00100101
3.03 7.20572e-05 0.00100705
3.035 7.20115e-05 0.00100001
3.04 7.09669e-05 0.000999964
3.045 7.09075e-05 0.00100691
3.05 7.10074e-05 0.00100196
3.055 7.19561e-05 0.00100095
3.06 6.99634e-05 0.00101311
3.065 7.10442e-05 0.001007
3.07 7.09452e-05 0.0010009
3.075 7.11082e-05 0.00100611
3.08 7.09044e-05 0.00100609
3.085 7.09116e-05 0.0010001
3.09 7.21054e-05 0.0010131
3.095 7.10461e-05 0.001005
3.1 7.10466e-05 0.001001
3.105 7.10019e-05 0.00101395
3.11 7.30612e-05 0.00100491
3.115 7.40686e-05 0.00100892
3.12 7.40148e-05 0.0010031
3.125 7.10875e-05 0.00100304
3.13 7.00825e-05 0.000712987
3.135 6.50079e-05 0.00070892
3.14 6.39211e-05 0.000688025
3.145 6.29677e-05 0.000689025
3.15 6.41e-05 0.000711965
3.155 6.4099e-05 0.000718964
3.16 6.59418e-05 0.0007229
3.165 6.50921e-05 0.000711004
3.17 6.29985e-05 0.000815056
3.175 6.40402e-05 0.000687906
3.18 6.29873e-05 0.000746045
3.185 8.11068e-05 0.00135104
3.19 7.49644e-05 0.000768101
3.195 6.49213e-05 0.000689071
3.2 6.30673e-05 0.000687886
3.205 6.29218e-05 0.000746026
3.21 6.28869e-05 0.000686944
3.215 6.29006e-05 0.000710958
3.22 6.49855e-05 0.000854897
3.225 7.7081e-05 0.00108607
3.23 7.30192e-05 0.00146211
3.235 7.30479e-05 0.00107309
3.24 7.29139e-05 0.00120796
3.245 7.50712e-05 0.00141097
3.25 7.59442e-05 0.00106694
3.255 6.70801e-05 0.000803085
3.26 7.71002e-05 0.00160009
3.265 7.69809e-05 0.00138397
3.27 7.50879e-05 0.00139403
3.275 7.49733e-05 0.00138692
3.28 7.60014e-05 0.00136499
3.285 9.01152e-05 0.00138399
3.29 7.18968e-05 0.00149689
3.295 7.49404e-05 0.00140208
3.3 7.5948e-05 0.00138389
3.305 7.00254e-05 0.00218593
3.31 7.9019e-05 0.00138991
3.315 7.40265e-05 0.00118612
3.32 7.28829e-05 0.000745927
3.325 6.80319e-05 0.000754083
3.33 6.39799e-05 0.000759084
3.335 6.80635e-05 0.000728114
3.34 6.40872e-05 0.000759953
3.345 6.80443e-05 0.000736095
3.35 6.79686e-05 0.000693019
3.355 6.39089e-05 0.000688013
3.36 6.31012e-05 0.00069292
3.365 6.50007e-05 0.000700912
3.37 6.49139e-05 0.000767064
3.375 8.90685e-05 0.0011969
3.38 6.49445e-05 0.000710095
3.385 6.50065e-05 0.000744918
3.39 6.30574e-05 0.000916923
3.395 6.50301e-05 0.000693942
3.4 6.29951e-05 0.000693099
3.405 6.28891e-05 0.000695947
3.41 6.40338e-05 0.000687899
3.415 6.30803e-05 0.000693899
3.42 6.28816e-05 0.000702939
3.425 7.49641e-05 0.000969909
3.43 7.6985e-05 0.00101098
3.435 7.40306e-05 0.00100688
3.44 7.31089e-05 0.00100796
3.445 7.30836e-05 0.00100589
3.45 7.19859e-05 0.000721983
3.455 7.90096e-05 0.000719093
3.46 6.41136e-05 0.000686025
3.465 6.29749e-05 0.000689032
3.47 6.40202e-05 0.000698886
3.475 6.91094e-05 0.000934014
3.48 7.69721e-05 0.00104296
3.485 7.69634e-05 0.001045
3.49 7.29029e-05 0.00103295
3.495 7.40943e-05 0.00101195
3.5 7.59027e-05 0.00101809
3.505 7.31132e-05 0.00113297
3.51 7.30366e-05 0.00101508
3.515 7.19309e-05 0.000999929
3.52 7.39167e-05 0.00100801
3.525 7.29635e-05 0.00102801
3.53 7.40759e-05 0.00112893
3.535 6.80377e-05 0.000689088
3.54 6.71145e-05 0.000687927
3.545 6.68931e-05 0.000710897
3.55 6.80317e-05 0.00069389
3.555 6.68918e-05 0.000694896
3.56 7.70693e-05 0.00097106
3.565 6.71049e-05 0.000712109
3.57 6.6905e-05 0.000689909
3.575 6.79775e-05 0.000689028
3.58 6.89969e-05 0.000691094
3.585 6.90558e-05 0.000693914
3.59 7.00152e-05 0.00069292
3.595 6.79815e-05 0.000690032
3.6 7.00472e-05 0.000688952
3.605 6.89072e-05 0.000691051
3.61 6.91118e-05 0.00068897
3.615 7.08996e-05 0.000688089
3.62 6.98906e-05 0.000689034
3.625 6.99032e-05 0.000699047
3.63 6.99948e-05 0.0006869
3.635 7.1908e-05 0.000689905
3.64 7.29137e-05 0.000708958
3.645 7.60969e-05 0.000701041
3.65 7.61182e-05 0.000694063
3.655 7.50041e-05 0.000789902
3.66 9.39779e-05 0.000836087
3.665 8.10432e-05 0.000704981
3.67 8.80082e-05 0.000706032
3.675 7.69529e-05 0.000699944
3.68 7.50513e-05 0.000704996
3.685 7.49428e-05 0.000686079
3.69 7.59159e-05 0.000691099
3.695 7.50279e-05 0.000695926
3.7 7.60338e-05 0.000691978
3.705 7.59468e-05 0.000694891
3.71 8.90316e-05 0.000798102
3.715 8.19919e-05 0.000899976
3.72 8.29238e-05 0.00102995
3.725 8.20373e-05 0.000867068
3.73 7.80902e-05 0.000707889
3.735 7.70089e-05 0.000701
3.74 7.71141e-05 0.000711105
3.745 8.10835e-05 0.000702021
3.75 7.70758e-05 0.000693113
3.755 9.59414e-05 0.000864097
3.76 7.80857e-05 0.000722884
3.765 7.80575e-05 0.000687095
3.77 7.69638e-05 0.000696955
3.775 7.89233e-05 0.000714007
3.78 8.19769e-05 0.000689961
3.785 8.20754e-05 0.000698059
3.79 8.20868e-05 0.000698071
3.795 8.19332e-05 0.000692917
3.8 8.21175e-05 0.000689102
3.805 8.28848e-05 0.000692915
3.81 8.19358e-05 0.000731966
3.815 8.3112e-05 0.000689904
3.82 8.3972e-05 0.000686095
3.825 8.59248e-05 0.000996094
3.83 0.000108969 0.00100901
3.835 0.000103974 0.00084207
3.84 8.99035e-05 0.00074302
3.845 0.000107992 0.00153399
3.85 0.000136006 0.00109011
3.855 0.000117084 0.00102102
3.86 0.000109881 0.000757016
3.865 0.000100041 0.000715905
3.87 0.000105959 0.000694909
3.875 0.000108046 0.00103304
3.88 0.000121943 0.00110192
3.885 0.000123042 0.00106502
3.89 0.000116951 0.00101889
3.895 0.000120098 0.00103293
3.9 0.000125066 0.00107194
3.905 0.000125028 0.0010569
3.91 0.000119919 0.00107399
3.915 0.000119013 0.00119609
3.92 0.000125109 0.00107294
3.925 0.000125924 0.00107604
3.93 0.000129033 0.00107805
3.935 0.00013406 0.00106712
3.94 0.000129114 0.00107689
3.945 0.000135917 0.000833018
3.95 0.000117996 0.000696979
3.955 0.000107907 0.00068795
3.96 0.000108044 0.00069304
3.965 0.000109028 0.000704071
3.97 0.000110038 0.000690935
3.975 0.000119969 0.000760045
3.98 0.00011091 0.000791092
3.985 0.000149097 0.00105709
3.99 0.00014698 0.00116211
3.995 0.00014399 0.00100399
4 0.00014104 0.000999896
4.005 0.000142037 0.00101394
4.01 0.000141067 0.00100697
4.015 0.000151005 0.00106909
4.02 0.000146065 0.00107691
4.025 0.000151954 0.00102908
4.03 0.000150943 0.00107707
4.035 0.000151991 0.00107812
4.04 0.000151893 0.00104902
4.045 0.000151041 0.00107993
4.05 0.000129061 0.000728077
4.055 0.000122967 0.000713943
4.06 0.000137054 0.000699963
4.065 0.000161069 0.000747898
4.07 0.000135943 0.000762044
4.075 0.000124069 0.0010199
4.08 0.000160093 0.00146911
4.085 0.000254994 0.00144889
4.09 0.000162117 0.00127699
4.095 0.000133997 0.000721006
4.1 0.000131102 0.000717972
4.105 0.000130024 0.000806086
4.11 0.000141882 0.000770023
4.115 0.000169117 0.00106308
4.12 0.000136972 0.000697882
4.125 0.000132066 0.000723982
4.13 0.000191009 0.00105504
4.135 0.000185933 0.00107601
4.14 0.000187102 0.00105899
4.145 0.000193068 0.000991949
4.15 0.000169018 0.00105998
4.155 0.000177078 0.00116693
4.16 0.000178048 0.00105995
4.165 0.000173978 0.00140093
4.17 0.000180906 0.00106895
4.175 0.000179912 0.00107691
4.18 0.000178997 0.00107294
4.185 0.000182983 0.00106712
4.19 0.000189958 0.000839939
4.195 0.000148967 0.000700955
4.2 0.000147882 0.000702062
4.205 0.00014391 0.000719905
4.21 0.000141971 0.000691112
4.215 0.000141071 0.000687927
4.22 0.000150041 0.000688883
4.225 0.000147937 0.000694117
4.23 0.000152978 0.00116691
4.235 0.000223999 0.000847886
4.24 0.000195958 0.00107602
4.245 0.00021201 0.00107006
4.25 0.000203979 0.00110889
4.255 0.000200962 0.00104702
4.26 0.000183108 0.00106405
4.265 0.000202982 0.00112109
4.27 0.000193097 0.00105898
4.275 0.000213983 0.00104488
4.28 0.000168022 0.000724936
4.285 0.000151046 0.000701889
4.29 0.000192027 0.0007401
4.295 0.000196937 0.000709003
4.3 0.000148982 0.00069597
4.305 0.000150016 0.00071605
4.31 0.000151115 0.000702957
4.315 0.000151034 0.000708115
4.32 0.000193973 0.000768946
4.325 0.000152075 0.000686011
4.33 0.00015203 0.000713919
4.335 0.000156076 0.000689912
4.34 0.00015307 0.000709005
4.345 0.000166938 0.000819045
4.35 0.000183033 0.000767974
4.355 0.000164022 0.00073599
4.36 0.000182882 0.000727061
4.365 0.000215999 0.000746992
4.37 0.000174962 0.000691963
4.375 0.000170956 0.00072801
4.38 0.00017008 0.000690087
4.385 0.000171948 0.000694048
4.39 0.000171014 0.000691068
4.395 0.000174054 0.000708009
4.4 0.000171034 0.000729088
4.405 0.000174945 0.000691946
4.41 0.000174971 0.000701972
4.415 0.000180921 0.000733961
4.42 0.000178038 0.000829986
4.425 0.00017804 0.000708988
4.43 0.00017494 0.000736987
4.435 0.000231991 0.00101401
4.44 0.000180997 0.000697037
4.445 0.000176918 0.000688057
4.45 0.000182103 0.000693951
4.455 0.000174976 0.000729023
4.46 0.000176902 0.000708996
4.465 0.000247989 0.00107203
4.47 0.00026599 0.00147891
4.475 0.000237037 0.00105505
4.48 0.000232882 0.000876994
4.485 0.000183106 0.000746001
4.49 0.000174929 0.00076193
4.495 0.000243896 0.00070704
4.5 0.000193938 0.000689104
4.505 0.000229082 0.00101896
4.51 0.000218976 0.00101111
4.515 0.000221002 0.00100999
4.52 0.000235009 0.00108093
4.525 0.000231899 0.00109292
4.53 0.0002281 0.00098198
4.535 0.000228113 0.00101699
4.54 0.000229931 0.0010131
4.545 0.000233943 0.00101305
4.55 0.000232014 0.00101503
4.555 0.000231112 0.00174808
4.56 0.000199103 0.00071307
4.565 0.000179009 0.000689956
4.57 0.000232975 0.00080904
4.575 0.000281987 0.00143994
4.58 0.000298937 0.00120096
4.585 0.000190106 0.000783086
4.59 0.000204915 0.000704114
4.595 0.000241084 0.000739043
4.6 0.000241005 0.000938963
4.605 0.000237998 0.0010151
4.61 0.000235956 0.00100692
4.615 0.00022906 0.00096094
4.62 0.000182929 0.000705062
4.625 0.000242065 0.00111107
4.63 0.000232918 0.00107898
4.635 0.000243992 0.00112309
4.64 0.000242057 0.000976063
4.645 0.00020201 0.00101807
4.65 0.000229114 0.00107899
4.655 0.000230884 0.0010851
4.66 0.000209885 0.00107408
4.665 0.000218912 0.00113104
4.67 0.000216099 0.000863092
4.675 0.000172112 0.000708974
4.68 0.00021203 0.000735076
4.685 0.000190894 0.000769921
4.69 0.00019107 0.000733097
4.695 0.000173948 0.000687903
4.7 0.000170061 0.000789069
4.705 0.000198886 0.00110709
4.71 0.000182006 0.000750093
4.715 0.000189107 0.00106609
4.72 0.000187882 0.000729008
4.725 0.000273939 0.000733996
4.73 0.000170987 0.000702041
4.735 0.000163974 0.000719942
4.74 0.000163981 0.000687995
4.745 0.000205094 0.0010481
4.75 0.000178939 0.000738933
4.755 0.000164884 0.000687898
4.76 0.000215996 0.00103603
4.765 0.000235901 0.0011401
4.77 0.000175996 0.000756043
4.775 0.000228971 0.00100309
4.78 0.000176115 0.000828924
4.785 0.000185977 0.00070901
4.79 0.000178033 0.000703934
4.795 0.000171906 0.000773006
4.8 0.000218025 0.00109892
4.805 0.000231107 0.000849079
4.81 0.000164888 0.000695902
4.815 0.000165059 0.000689074
4.82 0.000163107 0.000690028
4.825 0.000161936 0.000691096
4.83 0.000163963 0.000721931
4.835 0.000184983 0.00069597
4.84 0.000163094 0.000743016
4.845 0.000179088 0.000687081
4.85 0.000166999 0.000808106
4.855 0.000169029 0.00070399
4.86 0.000161931 0.000689044
4.865 0.000159937 0.000685958
4.87 0.000161919 0.000692033
4.875 0.000163 0.000685922
4.88 0.000166028 0.000801089
4.885 0.000166071 0.000705893
4.89 0.00016505 0.000891065
4.895 0.000186028 0.00100606
4.9 0.00023296 0.00131703
4.905 0.00024596 0.000959913
4.91 0.000168042 0.000737957
4.915 0.000192899 0.000878064
4.92 0.000164111 0.000701079
4.925 0.000166955 0.000697062
4.93 0.000167056 0.000690971
4.935 0.000191964 0.000802037
4.94 0.000170005 0.000710059
4.945 0.000165886 0.000731947
4.95 0.000170051 0.000695059
4.955 0.000187111 0.000796952
4.96 0.000186118 0.000697913
4.965 0.000162078 0.000690954
4.97 0.000160887 0.000697001
4.975 0.000162027 0.000812902
4.98 0.000189901 0.000850927
4.985 0.000183099 0.000734993
4.99 0.000162912 0.000853072
4.995 0.000165042 0.000694057
5 0.000162096 0.000726972
5.005 0.000162985 0.000705907
5.01 0.000189906 0.000861887
5.015 0.000183952 0.000711893
5.02 0.000171938 0.000749038
5.025 0.000164049 0.000692017
5.03 0.000165057 0.000721072
5.035 0.000163117 0.000756085
5.04 0.000165923 0.000741984
5.045 0.000193039 0.000880967
5.05 0.000168976 0.000702938
5.055 0.000166103 0.000692925
5.06 0.000172004 0.000698912
5.065 0.000171063 0.000701924
5.07 0.000173002 0.000793911
5.075 0.00025495 0.00108008
5.08 0.000223018 0.0010391
5.085 0.000166078 0.0006899
5.09 0.00016601 0.000711071
5.095 0.000163083 0.000696005
5.1 0.000165117 0.000695893
5.105 0.000164998 0.000808012
5.11 0.000170039 0.00102209
5.115 0.000239945 0.000750096
5.12 0.000174947 0.000690994
5.125 0.000168106 0.000690068
5.13 0.000166054 0.000694115
5.135 0.000164995 0.00070001
5.14 0.000164075 0.000695043
5.145 0.00016003 0.000891051
5.15 0.000207937 0.000700036
5.155 0.000159108 0.000695083
5.16 0.000159894 0.000688915
5.165 0.000158915 0.00068489
5.17 0.00016293 0.000691898
5.175 0.000158938 0.000694913
5.18 0.000159999 0.00069402
5.185 0.000160013 0.000715034
5.19 0.000160066 0.000686087
5.195 0.000158895 0.000694109
5.2 0.00015791 0.000692077
5.205 0.000159103 0.000692078
5.21 0.000158064 0.000691039
5.215 0.000173926 0.000901927
5.22 0.000170104 0.000727112
5.225 0.00017697 0.000694064
5.23 0.000218958 0.00068709
5.235 0.000170951 0.000735005
5.24 0.000155076 0.000693104
5.245 0.000158082 0.000697011
5.25 0.00016404 0.000694008
5.255 0.000163968 0.000700936
5.26 0.000164935 0.000733949
5.265 0.00016694 0.000697047
5.27 0.000161106 0.000730981
5.275 0.000160059 0.000690081
5.28 0.000162014 0.000697889
5.285 0.000161916 0.000707029
5.29 0.000162049 0.000700924
5.295 0.000158904 0.000784925
5.3 0.000155935 0.00069001
5.305 0.000185916 0.000753996
5.31 0.000175976 0.000873023
5.315 0.000185993 0.000913073
5.32 0.000153966 0.000706948
5.325 0.000151967 0.000692095
5.33 0.000150963 0.000707044
5.335 0.000154915 0.000687989
5.34 0.000150923 0.000700004
5.345 0.000149037 0.000693025
5.35 0.000149078 0.000699067
5.355 0.000228015 0.00102909
5.36 0.000148904 0.000720892
5.365 0.000148989 0.000717024
5.37 0.000147023 0.000689965
5.375 0.000151118 0.000687961
5.38 0.000139928 0.000690976
5.385 0.000183904 0.000939083
5.39 0.00017894 0.000788934
5.395 0.00014705 0.000992945
5.4 0.000192971 0.00106909
5.405 0.000185083 0.00071007
5.41 0.000168937 0.0010659
5.415 0.000187892 0.000969018
5.42 0.000147107 0.000840049
5.425 0.000197902 0.00105901
5.43 0.000142075 0.000689978
5.435 0.000136991 0.000696947
5.44 0.000167019 0.00110489
5.445 0.000174938 0.00106694
5.45 0.000170965 0.00107202
5.455 0.000172018 0.00106812
5.46 0.000155964 0.00107404
5.465 0.000156091 0.00108997
5.47 0.000169029 0.00108199
5.475 0.000155093 0.00115888
5.48 0.000151118 0.00106896
5.485 0.000151954 0.00106908
5.49 0.000151934 0.00101406
5.495 0.000158106 0.00103403
5.5 0.000153102 0.000959037
5.505 0.000154087 0.00102307
5.51 0.000151942 0.00100312
5.515 0.000138984 0.00104499
5.52 0.000156097 0.00105398
5.525 0.000157979 0.000962907
5.53 0.000157007 0.000701889
5.535 0.000117082 0.000689018
5.54 0.000116953 0.000925889
5.545 0.00015605 0.00107993
5.55 0.000145925 0.00106701
5.555 0.000140934 0.00104603
5.56 0.000143894 0.00105489
5.565 0.000142936 0.00105793
5.57 0.00014289 0.00103708
5.575 0.000143893 0.00106089
5.58 0.000142906 0.00107309
5.585 0.000142018 0.00106392
5.59 0.000109067 0.00069111
5.595 0.000105906 0.000702094
5.6 0.000107108 0.000690058
5.605 0.000107099 0.000689049
5.61 0.000106944 0.000693894
5.615 0.00011 0.00076609
5.62 0.000112954 0.000783944
5.625 0.000127966 0.00109698
5.63 0.000123903 0.000877925
5.635 0.000115005 0.000716087
5.64 0.000105034 0.000739938
5.645 0.000120947 0.000911115
5.65 0.000128098 0.000782068
5.655 0.000131985 0.0011319
5.66 0.000141109 0.00146597
5.665 0.000137893 0.00142409
5.67 0.00013504 0.0012631
5.675 0.00013903 0.00154708
5.68 0.00013608 0.000894989
5.685 0.000115081 0.000788924
5.69 0.000105022 0.000716117
5.695 0.000101004 0.000736915
5.7 0.000122075 0.00100301
5.705 0.000117884 0.00100411
5.71 0.000116028 0.00100692
5.715 0.000113968 0.001002
5.72 0.000113052 0.00109104
5.725 0.000108035 0.000695032
5.73 9.59598e-05 0.000693115
5.735 9.50726e-05 0.000684944
5.74 9.40048e-05 0.000698068
5.745 0.00010608 0.000701984
5.75 9.39041e-05 0.000689967
5.755 9.49155e-05 0.000690025
5.76 9.61121e-05 0.00071103
5.765 9.5076e-05 0.000700947
5.77 9.80207e-05 0.000697031
5.775 9.59698e-05 0.000695887
5.78 0.000100908 0.000707056
5.785 9.70272e-05 0.000719991
5.79 9.70102e-05 0.00069402
5.795 9.3087e-05 0.000695104
5.8 8.99199e-05 0.000694036
5.805 9.0885e-05 0.000755047
5.81 8.99538e-05 0.000689116
5.815 8.89392e-05 0.000691009
5.82 8.99641e-05 0.00069308
5.825 8.99743e-05 0.00068909
5.83 8.99313e-05 0.000690094
5.835 8.89563e-05 0.000700026
5.84 9.00739e-05 0.000713952
5.845 9.00377e-05 0.000686915
5.85 8.89157e-05 0.000690986
5.855 8.90333e-05 0.000870103
5.86 0.000117956 0.00103699
5.865 0.000114887 0.00113597
5.87 0.000112013 0.00106196
5.875 0.000110007 0.0010019
5.88 0.000112914 0.0010069
5.885 0.000114998 0.00100908
5.89 0.000114937 0.00100507
5.895 0.000118074 0.00100406
5.9 0.000117987 0.00100197
5.905 0.000116072 0.00100596
5.91 0.000116924 0.0010131
5.915 0.000120087 0.00100492
5.92 0.000120993 0.00100211
5.925 0.000120886 0.00100905
5.93 0.000124103 0.00106589
5.935 0.000125999 0.00100411
5.94 0.000126057 0.00100993
5.945 0.000129059 0.00100607
5.95 0.000124931 0.00100105
5.955 0.000126093 0.00100397
5.96 0.00012597 0.00106609
5.965 0.000131065 0.00101694
5.97 0.000129062 0.00100008
5.975 0.000134046 0.00100605
5.98 0.000132114 0.00100803
5.985 0.000136905 0.00100805
5.99 0.000137887 0.00110108
5.995 0.000144094 0.000930089
6 0.000123916 0.000695938
6.005 0.00011399 0.000690026
6.01 0.000114908 0.000692036
6.015 0.000114932 0.000691015
6.02 0.000130049 0.00107911
6.025 0.000155095 0.00106293
6.03 0.000116919 0.000710093
6.035 0.00011408 0.000686924
6.04 0.00011109 0.000688987
6.045 0.000112982 0.000690971
6.05 0.000114105 0.000696949
6.055 0.000113976 0.000703012
6.06 0.000112887 0.000707115
6.065 0.000113058 0.000703048
6.07 0.000114062 0.000689097
6.075 0.000124038 0.00068906
6.08 0.000163953 0.00107692
6.085 0.000164892 0.00107891
6.09 0.000160102 0.00120088
6.095 0.000161927 0.00102304
6.1 0.000168013 0.000844974
6.105 0.000136027 0.00069889
6.11 0.000129041 0.000687103
6.115 0.000126998 0.000691921
6.12 0.000127995 0.000697964
6.125 0.000125983 0.000713906
6.13 0.00012811 0.000694079
6.135 0.000129906 0.000691968
6.14 0.000135088 0.000747951
6.145 0.000149088 0.000798884
6.15 0.000179884 0.000998116
6.155 0.000195983 0.001132
6.16 0.000135881 0.000694983
6.165 0.000131943 0.000844098
6.17 0.000175949 0.00104
6.175 0.000171056 0.00072811
6.18 0.000134968 0.000691024
6.185 0.000131918 0.000705072
6.19 0.00013303 0.000687993
6.195 0.0001299 0.000692962
6.2 0.000128936 0.000709952
6.205 0.000175082 0.00106608
6.21 0.000136973 0.000780883
6.215 0.000129898 0.00089696
6.22 0.000173932 0.00103793
6.225 0.000171911 0.00102501
6.23 0.000163993 0.00100896
6.235 0.000163976 0.00100299
6.24 0.000165966 0.00100703
6.245 0.000172073 0.00103893
6.25 0.000165953 0.00100406
6.255 0.000162993 0.00107291
6.26 0.000161064 0.00105594
6.265 0.000163993 0.00100396
6.27 0.000167908 0.00100906
6.275 0.000167042 0.00100691
6.28 0.000161077 0.00100491
6.285 0.000161967 0.00100208
6.29 0.000168083 0.001004
6.295 0.000173972 0.00101893
6.3 0.000165 0.00100606
6.305 0.000237101 0.00100392
6.31 0.000163059 0.00100403
6.315 0.000167096 0.00100596
6.32 0.000168993 0.00100595
6.325 0.000169015 0.00100498
6.33 0.000136 0.000695102
6.335 0.000133071 0.000705033
6.34 0.000133034 0.000796042
6.345 0.00015407 0.000955098
6.35 0.000138111 0.000701067
6.355 0.00015506 0.000699088
6.36 0.000132902 0.000685103
6.365 0.000140941 0.000802036
6.37 0.000141065 0.000722921
6.375 0.000135953 0.000693055
6.38 0.000130916 0.000699024
6.385 0.000135943 0.000698044
6.39 0.000137033 0.000695942
6.395 0.000135916 0.000690018
6.4 0.000140091 0.000701901
6.405 0.000133955 0.000731963
6.41 0.000133928 0.000687937
6.415 0.000176909 0.001033
6.42 0.00014389 0.000802885
6.425 0.000189029 0.00104701
6.43 0.000148923 0.00101591
6.435 0.000190043 0.00104102
6.44 0.000174989 0.00105199
6.445 0.000179962 0.00113396
6.45 0.000183037 0.00113393
6.455 0.000181073 0.00105192
6.46 0.000184973 0.00099096
6.465 0.000140027 0.000841075
6.47 0.00017797 0.00080511
6.475 0.000169998 0.000834052
6.48 0.000165024 0.00105304
6.485 0.000164071 0.00102104
6.49 0.000162893 0.000975053
6.495 0.000126018 0.000692894
6.5 0.000125915 0.00111103
6.505 0.000178927 0.00128992
6.51 0.000189978 0.000940958
6.515 0.000126936 0.000700098
6.52 0.000122051 0.000691981
6.525 0.000122034 0.000695964
6.53 0.000122095 0.000686025
6.535 0.000121018 0.000702902
6.54 0.000125912 0.000690027
6.545 0.000128087 0.000697056
6.55 0.000132964 0.000994926
6.555 0.000172033 0.000699895
6.56 0.00014092 0.000694014
6.565 0.000126982 0.000688905
6.57 0.000125932 0.000690047
6.575 0.000128061 0.00069503
6.58 0.000129089 0.000689104
6.585 0.000124971 0.000691086
6.59 0.000141114 0.00069997
6.595 0.000208108 0.000855015
6.6 0.000129897 0.000690959
6.605 0.000126932 0.00130309
6.61 0.000178037 0.00133698
6.615 0.000136059 0.00117192
6.62 0.000210102 0.0012931
6.625 0.000177887 0.00104403
6.63 0.000128955 0.00069997
6.635 0.000120977 0.000697099
6.64 0.000124928 0.000690996
6.645 0.000123964 0.000696986
6.65 0.000129033 0.000731048
6.655 0.000150047 0.000702082
6.66 0.000125883 0.000692998
6.665 0.000125919 0.000698034
6.67 0.000136915 0.000688062
6.675 0.000136984 0.000713893
6.68 0.000124933 0.000755001
6.685 0.000135059 0.000726114
6.69 0.000137928 0.000774883
6.695 0.0001309 0.000758009
6.7 0.000144031 0.000805026
6.705 0.000166932 0.00103909
6.71 0.000172011 0.000808112
6.715 0.000131062 0.000695931
6.72 0.000128945 0.000694961
6.725 0.000128921 0.000694937
6.73 0.000148997 0.000716986
6.735 0.000155959 0.000711033
6.74 0.000151904 0.000701031
6.745 0.000157025 0.000694907
6.75 0.000151007 0.000697088
6.755 0.000174928 0.00105593
6.76 0.000207054 0.000725107
6.765 0.000152967 0.000698902
6.77 0.000152034 0.00069197
6.775 0.000150963 0.000688044
6.78 0.000134058 0.000703067
6.785 0.0001341 0.000715108
6.79 0.00018293 0.00103911
6.795 0.000224934 0.000892913
6.8 0.000172082 0.00082599
6.805 0.000211938 0.00131303
6.81 0.000162039 0.000952915
6.815 0.000222907 0.00144999
6.82 0.0002219 0.000753933
6.825 0.000155977 0.000691097
6.83 0.000153097 0.000692079
6.835 0.000153934 0.000699915
6.84 0.00015794 0.000696107
6.845 0.000151908 0.000690036
6.85 0.000152036 0.000715925
6.855 0.000152963 0.000703899
6.86 0.000152031 0.00068892
6.865 0.000151896 0.000691024
6.87 0.000203115 0.00104803
6.875 0.000182034 0.00105593
6.88 0.000175019 0.00105107
6.885 0.000181939 0.00105303
6.89 0.000177037 0.00105894
6.895 0.000180942 0.00113098
6.9 0.000176965 0.000989058
6.905 0.000171926 0.000784026
6.91 0.000169067 0.00107103
6.915 0.000164948 0.00106596
6.92 0.000169883 0.000982891
6.925 0.000169898 0.000916905
6.93 0.000152118 0.000718053
6.935 0.000181027 0.00106411
6.94 0.000164946 0.00105001
6.945 0.000166018 0.00106308
6.95 0.000161104 0.00106693
6.955 0.000159111 0.00106509
6.96 0.000155032 0.00106806
6.965 0.000153999 0.00106298
6.97 0.000152934 0.000917107
6.975 0.000143967 0.00103696
6.98 0.000152068 0.00103496
