0 0.013272 0.00151635 0.744755
0.005 0.013272 0.00151635 0.744755
0.01 0.013272 0.00151635 0.744753
0.015 0.013272 0.00151635 0.744749
0.02 0.013272 0.00151635 0.744744
0.025 0.013272 0.00151635 0.744737
0.03 0.013272 0.00151635 0.744728
0.035 0.013272 0.00151635 0.744717
0.04 0.013272 0.00151635 0.744704
0.045 0.013272 0.00151635 0.74469
0.05 0.013272 0.00151635 0.744673
0.055 0.013272 0.00151635 0.744654
0.06 0.013272 0.00151635 0.744633
0.065 0.013272 0.00151635 0.74461
0.07 0.013272 0.00151635 0.744585
0.075 0.013272 0.00151635 0.744558
0.08 0.013272 0.00151635 0.744529
0.085 0.013272 0.00151635 0.744498
0.09 0.013272 0.00151635 0.744464
0.095 0.013272 0.00151635 0.744429
0.1 0.013272 0.00151635 0.744392
0.105 0.013272 0.00151635 0.744353
0.11 0.013272 0.00151635 0.744312
0.115 0.013272 0.00151635 0.744269
0.12 0.013272 0.00151635 0.744223
0.125 0.013272 0.00151635 0.744176
0.13 0.013272 0.00151635 0.744127
0.135 0.013272 0.00151635 0.744077
0.14 0.013272 0.00151635 0.744024
0.145 0.013272 0.00151635 0.743969
0.15 0.013272 0.00151635 0.743912
0.155 0.013272 0.00151635 0.743854
0.16 0.013272 0.00151635 0.743794
0.165 0.013272 0.00151635 0.743732
0.17 0.013272 0.00151634 0.743668
0.175 0.013272 0.00151634 0.743602
0.18 0.013272 0.00151634 0.743535
0.185 0.013272 0.00151634 0.743466
0.19 0.013272 0.00151634 0.743395
0.195 0.013272 0.00151634 0.743322
0.2 0.013272 0.00151634 0.743247
0.205 0.013272 0.00151634 0.743171
0.21 0.013272 0.00151634 0.743094
0.215 0.013272 0.00151634 0.743014
0.22 0.013272 0.00151634 0.742933
0.225 0.013272 0.00151634 0.74285
0.23 0.013272 0.00151634 0.742766
0.235 0.013272 0.00151634 0.74268
0.24 0.013272 0.00151634 0.742592
0.245 0.013272 0.00151634 0.742503
0.25 0.013272 0.00151634 0.742412
0.255 0.013272 0.00151634 0.742319
0.26 0.013272 0.00151634 0.742226
0.265 0.013272 0.00151634 0.74213
0.27 0.013272 0.00151634 0.742033
0.275 0.013272 0.00151634 0.741935
0.28 0.013272 0.00151634 0.741835
0.285 0.013272 0.00151634 0.741733
0.29 0.013272 0.00151634 0.74163
0.295 0.013272 0.00151634 0.741526
0.3 0.013272 0.00151634 0.74142
0.305 0.013272 0.00151634 0.741313
0.31 0.013272 0.00151634 0.741205
0.315 0.013272 0.00151634 0.741095
0.32 0.013272 0.00151634 0.740984
0.325 0.013272 0.00151634 0.740871
0.33 0.013272 0.00151634 0.740757
0.335 0.013272 0.00151634 0.740642
0.34 0.013272 0.00151634 0.740525
0.345 0.013272 0.00151634 0.740407
0.35 0.013272 0.00151634 0.740288
0.355 0.013272 0.00151634 0.740168
0.36 0.013272 0.00151634 0.740046
0.365 0.013272 0.00151634 0.739923
0.37 0.013272 0.00151634 0.739799
0.375 0.013272 0.00151634 0.739674
0.38 0.013272 0.00151634 0.739547
0.385 0.013272 0.00151634 0.739419
0.39 0.013272 0.00151634 0.73929
0.395 0.013272 0.00151634 0.73916
0.4 0.013272 0.00151634 0.739029
0.405 0.013272 0.00151634 0.738897
0.41 0.013272 0.00151634 0.738764
0.415 0.013272 0.00151634 0.738629
0.42 0.013272 0.00151634 0.738494
0.425 0.013272 0.00151634 0.738357
0.43 0.013272 0.00151634 0.73822
0.435 0.013272 0.00151634 0.738081
0.44 0.013272 0.00151634 0.737941
0.445 0.013272 0.00151634 0.737801
0.45 0.013272 0.00151634 0.737659
0.455 0.013272 0.00151634 0.737516
0.46 0.013272 0.00151634 0.737373
0.465 0.013272 0.00151634 0.737228
0.47 0.013272 0.00151634 0.737083
0.475 0.013272 0.00151634 0.736937
0.48 0.013272 0.00151634 0.736789
0.485 0.013272 0.00151634 0.736641
0.49 0.013272 0.00151634 0.736492
0.495 0.013272 0.00151634 0.736343
0.5 0.013272 0.00151634 0.736192
0.505 0.013272 0.00151634 0.736041
0.51 0.013272 0.00151634 0.735888
0.515 0.013272 0.00151634 0.735735
0.52 0.013272 0.00151634 0.735581
0.525 0.013272 0.00151634 0.735427
0.53 0.013272 0.00151634 0.735271
0.535 0.013272 0.00151634 0.735115
0.54 0.013272 0.00151634 0.734959
0.545 0.013272 0.00151634 0.734801
0.55 0.013272 0.00151634 0.734643
0.555 0.013272 0.00151634 0.734484
0.56 0.013272 0.00151634 0.734325
0.565 0.013272 0.00151634 0.734164
0.57 0.013272 0.00151634 0.734004
0.575 0.013272 0.00151634 0.733842
0.58 0.013272 0.00151634 0.73368
0.585 0.013272 0.00151634 0.733518
0.59 0.013272 0.00151634 0.733355
0.595 0.013272 0.00151634 0.733191
0.6 0.013272 0.00151634 0.733027
0.605 0.013272 0.00151634 0.732862
0.61 0.013272 0.00151634 0.732697
0.615 0.013272 0.00151634 0.732531
0.62 0.013272 0.00151634 0.732365
0.625 0.013272 0.00151634 0.732198
0.63 0.013272 0.00151634 0.732031
0.635 0.013272 0.00151634 0.731864
0.64 0.013272 0.00151634 0.731696
0.645 0.013272 0.00151634 0.731527
0.65 0.013272 0.00151634 0.731359
0.655 0.013272 0.00151634 0.73119
0.66 0.013272 0.00151634 0.73102
0.665 0.013272 0.00151634 0.73085
0.67 0.013272 0.00151634 0.73068
0.675 0.013272 0.00151634 0.73051
0.68 0.013272 0.00151634 0.730339
0.685 0.013272 0.00151634 0.730168
0.69 0.013272 0.00151634 0.729997
0.695 0.013272 0.00151634 0.729825
0.7 0.013272 0.00151634 0.729654
0.705 0.013272 0.00151634 0.729482
0.71 0.013272 0.00151634 0.72931
0.715 0.013272 0.00151634 0.729137
0.72 0.013272 0.00151634 0.728966
0.725 0.013272 0.00151634 0.728794
0.73 0.013272 0.00151634 0.728622
0.735 0.013272 0.00151634 0.72845
0.74 0.013272 0.00151634 0.728277
0.745 0.013272 0.00151634 0.728105
0.75 0.013272 0.00151634 0.727932
0.755 0.013272 0.00151634 0.72776
0.76 0.013272 0.00151634 0.727587
0.765 0.013272 0.00151634 0.727415
0.77 0.013272 0.00151634 0.727242
0.775 0.013272 0.00151634 0.72707
0.78 0.013272 0.00151634 0.726897
0.785 0.013272 0.00151634 0.726724
0.79 0.013272 0.00151634 0.726552
0.795 0.013272 0.00151634 0.726379
0.8 0.013272 0.00151634 0.726207
0.805 0.013272 0.00151634 0.726035
0.81 0.013272 0.00151634 0.725862
0.815 0.013272 0.00151634 0.72569
0.82 0.013272 0.00151634 0.725518
0.825 0.013272 0.00151634 0.725347
0.83 0.013272 0.00151634 0.725175
0.835 0.013272 0.00151634 0.725004
0.84 0.013272 0.00151634 0.724832
0.845 0.013272 0.00151634 0.724661
0.85 0.013272 0.00151634 0.72449
0.855 0.013272 0.00151634 0.72432
0.86 0.013272 0.00151634 0.72415
0.865 0.013272 0.00151634 0.72398
0.87 0.013272 0.00151634 0.72381
0.875 0.013272 0.00151634 0.72364
0.88 0.013272 0.00151634 0.723471
0.885 0.013272 0.00151634 0.723303
0.89 0.013272 0.00151634 0.723134
0.895 0.013272 0.00151634 0.722966
0.9 0.013272 0.00151634 0.722798
0.905 0.013272 0.00151634 0.722631
0.91 0.013272 0.00151634 0.722464
0.915 0.013272 0.00151634 0.722298
0.92 0.013272 0.00151634 0.722132
0.925 0.013272 0.00151634 0.721966
0.93 0.013272 0.00151634 0.721801
0.935 0.013272 0.00151634 0.721637
0.94 0.013272 0.00151634 0.721473
0.945 0.013272 0.00151634 0.721309
0.95 0.013272 0.00151635 0.721146
0.955 0.013272 0.00151635 0.720984
0.96 0.013272 0.00151635 0.720822
0.965 0.013272 0.00151635 0.720661
0.97 0.013272 0.00151635 0.7205
0.975 0.013272 0.00151635 0.72034
0.98 0.013272 0.00151635 0.720181
0.985 0.013272 0.00151635 0.720022
0.99 0.013272 0.00151635 0.719863
0.995 0.013272 0.00151635 0.719705
1 0.013272 0.00151635 0.719548
1.005 0.013272 0.00151635 0.719392
1.01 0.013272 0.00151635 0.719235
1.015 0.013272 0.00151635 0.71908
1.02 0.013272 0.00151635 0.718925
1.025 0.013272 0.00151635 0.71877
1.03 0.013272 0.00151635 0.718617
1.035 0.013272 0.00151635 0.718463
1.04 0.013272 0.00151635 0.718311
1.045 0.013272 0.00151635 0.718158
1.05 0.013272 0.00151635 0.718007
1.055 0.013272 0.00151635 0.717856
1.06 0.013272 0.00151635 0.717705
1.065 0.013272 0.00151635 0.717555
1.07 0.013272 0.00151635 0.717405
1.075 0.013272 0.00151635 0.717256
1.08 0.013272 0.00151635 0.717108
1.085 0.013272 0.00151635 0.71696
1.09 0.013272 0.00151635 0.716812
1.095 0.013272 0.00151635 0.716665
1.1 0.013272 0.00151635 0.716519
1.105 0.013272 0.00151635 0.716373
1.11 0.013272 0.00151635 0.716228
1.115 0.013272 0.00151635 0.716083
1.12 0.013272 0.00151635 0.715938
1.125 0.013272 0.00151635 0.715794
1.13 0.013272 0.00151635 0.715651
1.135 0.013272 0.00151635 0.715508
1.14 0.013272 0.00151635 0.715365
1.145 0.013272 0.00151635 0.715223
1.15 0.013272 0.00151635 0.715081
1.155 0.013272 0.00151635 0.71494
1.16 0.013272 0.00151635 0.714799
1.165 0.013272 0.00151635 0.714659
1.17 0.013272 0.00151635 0.714519
1.175 0.013272 0.00151635 0.71438
1.18 0.013272 0.00151635 0.714241
1.185 0.013272 0.00151635 0.714103
1.19 0.013272 0.00151635 0.713965
1.195 0.013272 0.00151635 0.713827
1.2 0.013272 0.00151635 0.71369
1.205 0.013272 0.00151635 0.713553
1.21 0.013272 0.00151635 0.713417
1.215 0.013272 0.00151635 0.713281
1.22 0.013272 0.00151635 0.713145
1.225 0.013272 0.00151635 0.71301
1.23 0.013272 0.00151635 0.712876
1.235 0.013272 0.00151635 0.712741
1.24 0.013272 0.00151635 0.712607
1.245 0.013272 0.00151635 0.712474
1.25 0.013272 0.00151635 0.712341
1.255 0.013272 0.00151635 0.712208
1.26 0.013272 0.00151635 0.712076
1.265 0.013272 0.00151635 0.711944
1.27 0.013272 0.00151635 0.711812
1.275 0.013272 0.00151635 0.711681
1.28 0.013272 0.00151635 0.71155
1.285 0.013272 0.00151635 0.711419
1.29 0.013272 0.00151635 0.711289
1.295 0.013272 0.00151635 0.711159
1.3 0.013272 0.00151635 0.71103
1.305 0.013272 0.00151635 0.710901
1.31 0.013272 0.00151635 0.710772
1.315 0.013272 0.00151635 0.710643
1.32 0.013272 0.00151635 0.710515
1.325 0.013272 0.00151635 0.710388
1.33 0.013272 0.00151635 0.71026
1.335 0.013272 0.00151635 0.710133
1.34 0.013272 0.00151635 0.710006
1.345 0.013272 0.00151635 0.709879
1.35 0.013272 0.00151635 0.709753
1.355 0.013272 0.00151635 0.709627
1.36 0.013272 0.00151635 0.709502
1.365 0.013272 0.00151635 0.709376
1.37 0.013272 0.00151635 0.709251
1.375 0.013272 0.00151635 0.709127
1.38 0.013272 0.00151635 0.709002
1.385 0.013272 0.00151635 0.708878
1.39 0.013272 0.00151635 0.708754
1.395 0.013272 0.00151635 0.70863
1.4 0.013272 0.00151635 0.708507
1.405 0.013272 0.00151635 0.708384
1.41 0.013272 0.00151635 0.708261
1.415 0.013272 0.00151635 0.708138
1.42 0.013272 0.00151635 0.708016
1.425 0.013272 0.00151635 0.707894
1.43 0.013272 0.00151635 0.707772
1.435 0.013272 0.00151635 0.70765
1.44 0.013272 0.00151635 0.707529
1.445 0.013272 0.00151635 0.707408
1.45 0.013272 0.00151635 0.707287
1.455 0.013272 0.00151635 0.707166
1.46 0.013272 0.00151635 0.707046
1.465 0.013272 0.00151635 0.706925
1.47 0.013272 0.00151635 0.706805
1.475 0.013272 0.00151635 0.706685
1.48 0.013272 0.00151635 0.706566
1.485 0.013272 0.00151635 0.706446
1.49 0.013272 0.00151635 0.706327
1.495 0.013272 0.00151635 0.706208
1.5 0.013272 0.00151635 0.706089
1.505 0.013272 0.00151635 0.70597
1.51 0.013272 0.00151635 0.705851
1.515 0.013272 0.00151635 0.705733
1.52 0.013272 0.00151635 0.705615
1.525 0.013272 0.00151635 0.705497
1.53 0.013272 0.00151635 0.705379
1.535 0.013272 0.00151635 0.705261
1.54 0.013272 0.00151635 0.705143
1.545 0.013272 0.00151635 0.705026
1.55 0.013272 0.00151635 0.704909
1.555 0.013272 0.00151635 0.704791
1.56 0.013272 0.00151635 0.704674
1.565 0.013272 0.00151635 0.704558
1.57 0.013272 0.00151635 0.704441
1.575 0.013272 0.00151635 0.704324
1.58 0.013272 0.00151635 0.704208
1.585 0.013272 0.00151635 0.704091
1.59 0.013272 0.00151635 0.703975
1.595 0.013272 0.00151635 0.703859
1.6 0.013272 0.00151635 0.703742
1.605 0.013272 0.00151635 0.703626
1.61 0.013272 0.00151635 0.703511
1.615 0.013272 0.00151635 0.703395
1.62 0.013272 0.00151635 0.703279
1.625 0.013272 0.00151635 0.703163
1.63 0.013272 0.00151635 0.703048
1.635 0.013272 0.00151635 0.702932
1.64 0.013272 0.00151635 0.702817
1.645 0.013272 0.00151635 0.702701
1.65 0.013272 0.00151635 0.702586
1.655 0.013272 0.00151635 0.702471
1.66 0.013272 0.00151635 0.702356
1.665 0.013272 0.00151635 0.702241
1.67 0.013272 0.00151635 0.702125
1.675 0.013272 0.00151635 0.70201
1.68 0.013272 0.00151635 0.701895
1.685 0.013272 0.00151635 0.70178
1.69 0.013272 0.00151635 0.701665
1.695 0.013272 0.00151635 0.70155
1.7 0.013272 0.00151635 0.701435
1.705 0.013272 0.00151635 0.701321
1.71 0.013272 0.00151635 0.701206
1.715 0.013272 0.00151635 0.701091
1.72 0.013272 0.00151635 0.700976
1.725 0.013272 0.00151635 0.700861
1.73 0.013272 0.00151635 0.700746
1.735 0.013272 0.00151635 0.700631
1.74 0.013272 0.00151635 0.700516
1.745 0.013272 0.00151635 0.700401
1.75 0.013272 0.00151635 0.700286
1.755 0.013272 0.00151635 0.700171
1.76 0.013272 0.00151635 0.700056
1.765 0.013272 0.00151635 0.699941
1.77 0.013272 0.00151635 0.699826
1.775 0.013272 0.00151635 0.699711
1.78 0.013272 0.00151635 0.699596
1.785 0.013272 0.00151635 0.699481
1.79 0.013272 0.00151635 0.699365
1.795 0.013272 0.00151635 0.69925
1.8 0.013272 0.00151635 0.699135
1.805 0.013272 0.00151635 0.699019
1.81 0.013272 0.00151635 0.698904
1.815 0.013272 0.00151635 0.698788
1.82 0.013272 0.00151635 0.698673
1.825 0.013272 0.00151635 0.698557
1.83 0.013272 0.00151635 0.698441
1.835 0.013272 0.00151635 0.698325
1.84 0.013272 0.00151635 0.698209
1.845 0.013272 0.00151635 0.698093
1.85 0.013272 0.00151635 0.697977
1.855 0.013272 0.00151635 0.69786
1.86 0.013272 0.00151635 0.697744
1.865 0.013272 0.00151635 0.697627
1.87 0.013272 0.00151635 0.697511
1.875 0.013272 0.00151635 0.697394
1.88 0.013272 0.00151635 0.697277
1.885 0.013272 0.00151635 0.69716
1.89 0.013272 0.00151635 0.697043
1.895 0.013272 0.00151635 0.696925
1.9 0.013272 0.00151635 0.696808
1.905 0.013272 0.00151635 0.69669
1.91 0.013272 0.00151635 0.696572
1.915 0.013272 0.00151635 0.696454
1.92 0.013272 0.00151635 0.696336
1.925 0.013272 0.00151635 0.696218
1.93 0.013272 0.00151635 0.6961
1.935 0.013272 0.00151635 0.695981
1.94 0.013272 0.00151635 0.695862
1.945 0.013272 0.00151635 0.695744
1.95 0.013272 0.00151635 0.695625
1.955 0.013272 0.00151635 0.695505
1.96 0.013272 0.00151635 0.695386
1.965 0.013272 0.00151635 0.695267
1.97 0.013272 0.00151635 0.695147
1.975 0.013272 0.00151635 0.695027
1.98 0.013272 0.00151635 0.694908
1.985 0.013272 0.00151635 0.694787
1.99 0.013272 0.00151635 0.694667
1.995 0.013272 0.00151635 0.694547
2 0.013272 0.00151635 0.694427
2.005 0.013272 0.00151635 0.694306
2.01 0.013272 0.00151635 0.694185
2.015 0.013272 0.00151635 0.694064
2.02 0.013272 0.00151635 0.693943
2.025 0.013272 0.00151635 0.693822
2.03 0.013272 0.00151635 0.693701
2.035 0.013272 0.00151635 0.69358
2.04 0.013272 0.00151635 0.693458
2.045 0.013272 0.00151635 0.693336
2.05 0.013272 0.00151635 0.693215
2.055 0.013272 0.00151635 0.693093
2.06 0.013272 0.00151635 0.692971
2.065 0.013272 0.00151635 0.692848
2.07 0.013272 0.00151635 0.692726
2.075 0.013272 0.00151635 0.692604
2.08 0.013272 0.00151635 0.692481
2.085 0.013272 0.00151635 0.692359
2.09 0.013272 0.00151635 0.692236
2.095 0.013272 0.00151635 0.692113
2.1 0.013272 0.00151635 0.69199
2.105 0.013272 0.00151635 0.691867
2.11 0.013272 0.00151635 0.691744
2.115 0.013272 0.00151635 0.691621
2.12 0.013272 0.00151635 0.691498
2.125 0.013272 0.00151635 0.691374
2.13 0.013272 0.00151635 0.691251
2.135 0.013272 0.00151635 0.691127
2.14 0.013272 0.00151635 0.691003
2.145 0.013272 0.00151635 0.690879
2.15 0.013272 0.00151635 0.690755
2.155 0.013272 0.00151635 0.690631
2.16 0.013272 0.00151635 0.690507
2.165 0.013272 0.00151635 0.690383
2.17 0.013272 0.00151635 0.690259
2.175 0.013272 0.00151635 0.690134
2.18 0.013272 0.00151635 0.69001
2.185 0.013272 0.00151635 0.689885
2.19 0.013272 0.00151635 0.68976
2.195 0.013272 0.00151635 0.689635
2.2 0.013272 0.00151635 0.68951
2.205 0.013272 0.00151635 0.689386
2.21 0.013272 0.00151635 0.68926
2.215 0.013272 0.00151635 0.689135
2.22 0.013272 0.00151635 0.68901
2.225 0.013272 0.00151635 0.688885
2.23 0.013272 0.00151635 0.688759
2.235 0.013272 0.00151635 0.688634
2.24 0.013272 0.00151635 0.688508
2.245 0.013272 0.00151635 0.688383
2.25 0.013272 0.00151635 0.688257
2.255 0.013272 0.00151635 0.688131
2.26 0.013272 0.00151635 0.688005
2.265 0.013272 0.00151635 0.687879
2.27 0.013272 0.00151635 0.687753
2.275 0.013272 0.00151635 0.687627
2.28 0.013272 0.00151635 0.687501
2.285 0.013272 0.00151635 0.687375
2.29 0.013272 0.00151635 0.687249
2.295 0.013272 0.00151635 0.687123
2.3 0.013272 0.00151635 0.686996
2.305 0.013272 0.00151635 0.68687
2.31 0.013272 0.00151635 0.686743
2.315 0.013272 0.00151635 0.686617
2.32 0.013272 0.00151635 0.68649
2.325 0.013272 0.00151635 0.686363
2.33 0.013272 0.00151635 0.686237
2.335 0.013272 0.00151635 0.68611
2.34 0.013272 0.00151635 0.685983
2.345 0.013272 0.00151635 0.685856
2.35 0.013272 0.00151635 0.685729
2.355 0.013272 0.00151635 0.685602
2.36 0.013272 0.00151635 0.685475
2.365 0.013272 0.00151635 0.685348
2.37 0.013272 0.00151635 0.685221
2.375 0.013272 0.00151635 0.685094
2.38 0.013272 0.00151635 0.684967
2.385 0.013272 0.00151635 0.68484
2.39 0.013272 0.00151635 0.684712
2.395 0.013272 0.00151635 0.684585
2.4 0.013272 0.00151635 0.684458
2.405 0.013272 0.00151635 0.68433
2.41 0.013272 0.00151635 0.684203
2.415 0.013272 0.00151635 0.684076
2.42 0.013272 0.00151635 0.683948
2.425 0.013272 0.00151635 0.683821
2.43 0.013272 0.00151635 0.683693
2.435 0.013272 0.00151635 0.683566
2.44 0.013272 0.00151635 0.683438
2.445 0.013272 0.00151635 0.683311
2.45 0.013272 0.00151635 0.683183
2.455 0.013272 0.00151635 0.683055
2.46 0.013272 0.00151635 0.682928
2.465 0.013272 0.00151635 0.6828
2.47 0.013272 0.00151635 0.682672
2.475 0.013272 0.00151635 0.682545
2.48 0.013272 0.00151635 0.682417
2.485 0.013272 0.00151635 0.682289
2.49 0.013272 0.00151635 0.682162
2.495 0.013272 0.00151635 0.682034
2.5 0.013272 0.00151635 0.681906
2.505 0.013272 0.00151635 0.681778
2.51 0.013272 0.00151635 0.681651
2.515 0.013272 0.00151635 0.681523
2.52 0.013272 0.00151635 0.681395
2.525 0.013272 0.00151635 0.681267
2.53 0.013272 0.00151635 0.681139
2.535 0.013272 0.00151635 0.681012
2.54 0.013272 0.00151635 0.680884
2.545 0.013272 0.00151635 0.680756
2.55 0.013272 0.00151635 0.680628
2.555 0.013272 0.00151635 0.680501
2.56 0.013272 0.00151635 0.680373
2.565 0.013272 0.00151635 0.680245
2.57 0.013272 0.00151635 0.680117
2.575 0.013272 0.00151635 0.67999
2.58 0.013272 0.00151635 0.679862
2.585 0.013272 0.00151635 0.679734
2.59 0.013272 0.00151635 0.679607
2.595 0.013272 0.00151635 0.679479
2.6 0.013272 0.00151635 0.679351
2.605 0.013272 0.00151635 0.679224
2.61 0.013272 0.00151635 0.679096
2.615 0.013272 0.00151635 0.678968
2.62 0.013272 0.00151635 0.678841
2.625 0.013272 0.00151635 0.678713
2.63 0.013272 0.00151635 0.678586
2.635 0.013272 0.00151635 0.678458
2.64 0.013272 0.00151635 0.678331
2.645 0.013272 0.00151635 0.678203
2.65 0.013272 0.00151635 0.678076
2.655 0.013272 0.00151635 0.677948
2.66 0.013272 0.00151635 0.677821
2.665 0.013272 0.00151635 0.677694
2.67 0.013272 0.00151635 0.677567
2.675 0.013272 0.00151635 0.677439
2.68 0.013272 0.00151635 0.677312
2.685 0.013272 0.00151635 0.677185
2.69 0.013272 0.00151635 0.677058
2.695 0.013272 0.00151635 0.676931
2.7 0.013272 0.00151635 0.676804
2.705 0.013272 0.00151635 0.676677
2.71 0.013272 0.00151635 0.676551
2.715 0.013272 0.00151635 0.676424
2.72 0.013272 0.00151635 0.676297
2.725 0.013272 0.00151635 0.676171
2.73 0.013272 0.00151635 0.676044
2.735 0.013272 0.00151635 0.675918
2.74 0.013272 0.00151635 0.675791
2.745 0.013272 0.00151635 0.675665
2.75 0.013272 0.00151635 0.675539
2.755 0.013272 0.00151635 0.675413
2.76 0.013272 0.00151635 0.675286
2.765 0.013272 0.00151635 0.67516
2.77 0.013272 0.00151635 0.675034
2.775 0.013272 0.00151635 0.674908
2.78 0.013272 0.00151635 0.674783
2.785 0.013272 0.00151635 0.674657
2.79 0.013272 0.00151635 0.674531
2.795 0.013272 0.00151635 0.674405
2.8 0.013272 0.00151635 0.67428
2.805 0.013272 0.00151635 0.674154
2.81 0.013272 0.00151635 0.674029
2.815 0.013272 0.00151635 0.673903
2.82 0.013272 0.00151635 0.673778
2.825 0.013272 0.00151635 0.673653
2.83 0.013272 0.00151635 0.673527
2.835 0.013272 0.00151635 0.673402
2.84 0.013272 0.00151635 0.673277
2.845 0.013272 0.00151635 0.673152
2.85 0.013272 0.00151635 0.673028
2.855 0.013272 0.00151635 0.672903
2.86 0.013272 0.00151635 0.672778
2.865 0.013272 0.00151635 0.672653
2.87 0.013272 0.00151635 0.672529
2.875 0.013272 0.00151635 0.672404
2.88 0.013272 0.00151635 0.67228
2.885 0.013272 0.00151635 0.672156
2.89 0.013272 0.00151635 0.672032
2.895 0.013272 0.00151635 0.671908
2.9 0.013272 0.00151635 0.671784
2.905 0.013272 0.00151635 0.67166
2.91 0.013272 0.00151635 0.671536
2.915 0.013272 0.00151635 0.671412
2.92 0.013272 0.00151635 0.671288
2.925 0.013272 0.00151635 0.671165
2.93 0.013272 0.00151635 0.671041
2.935 0.013272 0.00151635 0.670918
2.94 0.013272 0.00151635 0.670794
2.945 0.013272 0.00151635 0.670671
2.95 0.013272 0.00151635 0.670548
2.955 0.013272 0.00151635 0.670425
2.96 0.013272 0.00151635 0.670301
2.965 0.013272 0.00151635 0.670179
2.97 0.013272 0.00151635 0.670056
2.975 0.013272 0.00151635 0.669933
2.98 0.013272 0.00151635 0.66981
2.985 0.013272 0.00151635 0.669687
2.99 0.013272 0.00151635 0.669565
2.995 0.013272 0.00151635 0.669442
3 0.013272 0.00151635 0.66932
3.005 0.013272 0.00151635 0.669197
3.01 0.013272 0.00151635 0.669075
3.015 0.013272 0.00151635 0.668953
3.02 0.013272 0.00151635 0.66883
3.025 0.013272 0.00151635 0.668708
3.03 0.013272 0.00151635 0.668586
3.035 0.013272 0.00151635 0.668464
3.04 0.013272 0.00151635 0.668342
3.045 0.013272 0.00151635 0.66822
3.05 0.013272 0.00151635 0.668099
3.055 0.013272 0.00151635 0.667977
3.06 0.013272 0.00151635 0.667855
3.065 0.013272 0.00151635 0.667734
3.07 0.013272 0.00151635 0.667612
3.075 0.013272 0.00151635 0.66749
3.08 0.013272 0.00151635 0.667369
3.085 0.013272 0.00151635 0.667248
3.09 0.013272 0.00151635 0.667126
3.095 0.013272 0.00151635 0.667005
3.1 0.013272 0.00151635 0.666884
3.105 0.013272 0.00151635 0.666763
3.11 0.013272 0.00151635 0.666642
3.115 0.013272 0.00151635 0.666521
3.12 0.013272 0.00151635 0.6664
3.125 0.013272 0.00151635 0.666279
3.13 0.013272 0.00151635 0.666158
3.135 0.013272 0.00151635 0.666037
3.14 0.013272 0.00151635 0.665916
3.145 0.013272 0.00151635 0.665796
3.15 0.013272 0.00151635 0.665675
3.155 0.013272 0.00151635 0.665554
3.16 0.013272 0.00151635 0.665434
3.165 0.013272 0.00151635 0.665313
3.17 0.013272 0.00151635 0.665193
3.175 0.013272 0.00151635 0.665073
3.18 0.013272 0.00151635 0.664952
3.185 0.013272 0.00151635 0.664832
3.19 0.013272 0.00151635 0.664712
3.195 0.013272 0.00151635 0.664592
3.2 0.013272 0.00151635 0.664471
3.205 0.013272 0.00151635 0.664351
3.21 0.013272 0.00151635 0.664231
3.215 0.013272 0.00151635 0.664111
3.22 0.013272 0.00151635 0.663991
3.225 0.013272 0.00151635 0.663871
3.23 0.013272 0.00151635 0.663751
3.235 0.013272 0.00151635 0.663632
3.24 0.013272 0.00151635 0.663512
3.245 0.013272 0.00151635 0.663392
3.25 0.013272 0.00151635 0.663272
3.255 0.013272 0.00151635 0.663153
3.26 0.013272 0.00151635 0.663033
3.265 0.013272 0.00151635 0.662913
3.27 0.013272 0.00151635 0.662794
3.275 0.013272 0.00151635 0.662674
3.28 0.013272 0.00151635 0.662555
3.285 0.013272 0.00151635 0.662435
3.29 0.013272 0.00151635 0.662316
3.295 0.013272 0.00151635 0.662196
3.3 0.013272 0.00151635 0.662077
3.305 0.013272 0.00151635 0.661958
3.31 0.013272 0.00151635 0.661838
3.315 0.013272 0.00151635 0.661719
3.32 0.013272 0.00151635 0.6616
3.325 0.013272 0.00151635 0.661481
3.33 0.013272 0.00151635 0.661361
3.335 0.013272 0.00151635 0.661242
3.34 0.013272 0.00151635 0.661123
3.345 0.013272 0.00151635 0.661004
3.35 0.013272 0.00151635 0.660885
3.355 0.013272 0.00151635 0.660766
3.36 0.013272 0.00151635 0.660647
3.365 0.013272 0.00151635 0.660528
3.37 0.013272 0.00151635 0.660409
3.375 0.013272 0.00151635 0.66029
3.38 0.013272 0.00151635 0.660171
3.385 0.013272 0.00151635 0.660052
3.39 0.013272 0.00151635 0.659933
3.395 0.013272 0.00151635 0.659815
3.4 0.013272 0.00151635 0.659696
3.405 0.013272 0.00151635 0.659577
3.41 0.013272 0.00151635 0.659458
3.415 0.013272 0.00151635 0.659339
3.42 0.013272 0.00151635 0.659221
3.425 0.013272 0.00151635 0.659102
3.43 0.013272 0.00151635 0.658983
3.435 0.013272 0.00151635 0.658864
3.44 0.013272 0.00151635 0.658746
3.445 0.013272 0.00151635 0.658627
3.45 0.013272 0.00151635 0.658508
3.455 0.013272 0.00151635 0.65839
3.46 0.013272 0.00151635 0.658271
3.465 0.013272 0.00151635 0.658153
3.47 0.013272 0.00151635 0.658034
3.475 0.013272 0.00151635 0.657915
3.48 0.013272 0.00151635 0.657797
3.485 0.013272 0.00151635 0.657678
3.49 0.013272 0.00151635 0.65756
3.495 0.013272 0.00151635 0.657441
3.5 0.013272 0.00151635 0.657323
3.505 0.013272 0.00151635 0.657204
3.51 0.013272 0.00151635 0.657086
3.515 0.013272 0.00151635 0.656967
3.52 0.013272 0.00151635 0.656849
3.525 0.013272 0.00151635 0.65673
3.53 0.013272 0.00151635 0.656612
3.535 0.013272 0.00151635 0.656493
3.54 0.013272 0.00151635 0.656375
3.545 0.013272 0.00151635 0.656256
3.55 0.013272 0.00151635 0.656138
3.555 0.013272 0.00151635 0.656019
3.56 0.0132719 0.00151635 0.655901
3.565 0.0132719 0.00151635 0.655782
3.57 0.0132719 0.00151635 0.655664
3.575 0.0132719 0.00151635 0.655546
3.58 0.0132719 0.00151635 0.655427
3.585 0.0132719 0.00151635 0.655309
3.59 0.0132719 0.00151635 0.65519
3.595 0.0132719 0.00151635 0.655072
3.6 0.0132719 0.00151635 0.654953
3.605 0.0132719 0.00151635 0.654835
3.61 0.0132719 0.00151635 0.654716
3.615 0.0132719 0.00151635 0.654598
3.62 0.0132719 0.00151635 0.654479
3.625 0.0132719 0.00151635 0.654361
3.63 0.0132719 0.00151635 0.654242
3.635 0.0132719 0.00151635 0.654124
3.64 0.0132719 0.00151635 0.654005
3.645 0.0132719 0.00151635 0.653887
3.65 0.0132719 0.00151635 0.653768
3.655 0.0132719 0.00151635 0.65365
3.66 0.0132719 0.00151635 0.653531
3.665 0.0132719 0.00151635 0.653413
3.67 0.0132719 0.00151635 0.653294
3.675 0.0132719 0.00151635 0.653176
3.68 0.0132719 0.00151635 0.653057
3.685 0.0132719 0.00151635 0.652939
3.69 0.0132719 0.00151635 0.65282
3.695 0.0132719 0.00151635 0.652701
3.7 0.0132719 0.00151635 0.652583
3.705 0.0132719 0.00151635 0.652464
3.71 0.0132719 0.00151635 0.652346
3.715 0.0132719 0.00151635 0.652227
3.72 0.0132719 0.00151635 0.652108
3.725 0.0132719 0.00151635 0.651989
3.73 0.0132719 0.00151635 0.651871
3.735 0.0132719 0.00151635 0.651752
3.74 0.0132719 0.00151635 0.651633
3.745 0.0132719 0.00151635 0.651515
3.75 0.0132719 0.00151635 0.651396
3.755 0.0132719 0.00151635 0.651277
3.76 0.0132719 0.00151635 0.651158
3.765 0.0132719 0.00151635 0.651039
3.77 0.0132719 0.00151635 0.65092
3.775 0.0132719 0.00151635 0.650802
3.78 0.0132719 0.00151635 0.650683
3.785 0.0132719 0.00151635 0.650564
3.79 0.0132719 0.00151635 0.650445
3.795 0.0132719 0.00151635 0.650326
3.8 0.0132719 0.00151635 0.650207
3.805 0.0132719 0.00151635 0.650088
3.81 0.0132719 0.00151635 0.649969
3.815 0.0132719 0.00151635 0.64985
3.82 0.0132719 0.00151635 0.649731
3.825 0.0132719 0.00151635 0.649611
3.83 0.0132719 0.00151635 0.649492
3.835 0.0132719 0.00151635 0.649373
3.84 0.0132719 0.00151635 0.649254
3.845 0.0132719 0.00151635 0.649135
3.85 0.0132719 0.00151635 0.649016
3.855 0.0132719 0.00151635 0.648896
3.86 0.0132719 0.00151635 0.648777
3.865 0.0132719 0.00151635 0.648658
3.87 0.0132719 0.00151635 0.648538
3.875 0.0132719 0.00151635 0.648419
3.88 0.0132719 0.00151635 0.6483
3.885 0.0132719 0.00151635 0.648181
3.89 0.0132719 0.00151635 0.648061
3.895 0.0132719 0.00151635 0.647942
3.9 0.0132719 0.00151635 0.647823
3.905 0.0132719 0.00151635 0.647703
3.91 0.0132719 0.00151635 0.647584
3.915 0.0132719 0.00151635 0.647464
3.92 0.0132719 0.00151635 0.647345
3.925 0.0132719 0.00151635 0.647226
3.93 0.0132719 0.00151635 0.647106
3.935 0.0132719 0.00151635 0.646987
3.94 0.0132719 0.00151635 0.646868
3.945 0.0132719 0.00151635 0.646748
3.95 0.0132719 0.00151635 0.646629
3.955 0.0132719 0.00151635 0.64651
3.96 0.0132719 0.00151635 0.646391
3.965 0.0132719 0.00151635 0.646271
3.97 0.0132719 0.00151635 0.646152
3.975 0.0132719 0.00151635 0.646033
3.98 0.0132719 0.00151635 0.645914
3.985 0.0132719 0.00151635 0.645794
3.99 0.0132719 0.00151635 0.645675
3.995 0.0132719 0.00151635 0.645556
4 0.0132719 0.00151635 0.645437
4.005 0.0132719 0.00151635 0.645318
4.01 0.0132719 0.00151635 0.645199
4.015 0.0132719 0.00151635 0.64508
4.02 0.0132719 0.00151635 0.644961
4.025 0.0132719 0.00151635 0.644842
4.03 0.0132719 0.00151635 0.644723
4.035 0.0132719 0.00151635 0.644604
4.04 0.0132719 0.00151635 0.644485
4.045 0.0132719 0.00151635 0.644366
4.05 0.0132719 0.00151635 0.644248
4.055 0.0132719 0.00151635 0.644129
4.06 0.0132719 0.00151635 0.64401
4.065 0.0132719 0.00151635 0.643892
4.07 0.0132719 0.00151635 0.643773
4.075 0.0132719 0.00151635 0.643655
4.08 0.0132719 0.00151635 0.643536
4.085 0.0132719 0.00151635 0.643418
4.09 0.0132719 0.00151635 0.643299
4.095 0.0132719 0.00151635 0.643181
4.1 0.0132719 0.00151635 0.643063
4.105 0.0132719 0.00151635 0.642945
4.11 0.0132719 0.00151635 0.642826
4.115 0.0132719 0.00151635 0.642708
4.12 0.0132719 0.00151635 0.64259
4.125 0.0132719 0.00151635 0.642472
4.13 0.0132719 0.00151635 0.642354
4.135 0.0132719 0.00151635 0.642237
4.14 0.0132719 0.00151635 0.642119
4.145 0.0132719 0.00151635 0.642001
4.15 0.0132719 0.00151635 0.641884
4.155 0.0132719 0.00151635 0.641766
4.16 0.0132719 0.00151635 0.641649
4.165 0.0132719 0.00151635 0.641531
4.17 0.0132719 0.00151635 0.641414
4.175 0.0132719 0.00151635 0.641297
4.18 0.0132719 0.00151635 0.64118
4.185 0.0132719 0.00151635 0.641062
4.19 0.0132719 0.00151635 0.640945
4.195 0.0132719 0.00151635 0.640829
4.2 0.0132719 0.00151635 0.640712
4.205 0.0132719 0.00151635 0.640595
4.21 0.0132719 0.00151635 0.640478
4.215 0.0132719 0.00151635 0.640362
4.22 0.0132719 0.00151635 0.640245
4.225 0.0132719 0.00151635 0.640129
4.23 0.0132719 0.00151635 0.640013
4.235 0.0132719 0.00151635 0.639897
4.24 0.0132719 0.00151635 0.63978
4.245 0.0132719 0.00151635 0.639664
4.25 0.0132719 0.00151635 0.639549
4.255 0.0132719 0.00151635 0.639433
4.26 0.0132719 0.00151635 0.639317
4.265 0.0132719 0.00151635 0.639202
4.27 0.0132719 0.00151635 0.639086
4.275 0.0132719 0.00151635 0.638971
4.28 0.0132719 0.00151635 0.638855
4.285 0.0132719 0.00151635 0.63874
4.29 0.0132719 0.00151635 0.638625
4.295 0.0132719 0.00151635 0.63851
4.3 0.0132719 0.00151635 0.638396
4.305 0.0132719 0.00151635 0.638281
4.31 0.0132719 0.00151635 0.638166
4.315 0.0132719 0.00151635 0.638052
4.32 0.0132719 0.00151635 0.637937
4.325 0.0132719 0.00151635 0.637823
4.33 0.0132719 0.00151635 0.637709
4.335 0.0132719 0.00151635 0.637595
4.34 0.0132719 0.00151635 0.637481
4.345 0.0132719 0.00151635 0.637367
4.35 0.0132719 0.00151635 0.637254
4.355 0.0132719 0.00151635 0.63714
4.36 0.0132719 0.00151635 0.637027
4.365 0.0132719 0.00151635 0.636914
4.37 0.0132719 0.00151635 0.636801
4.375 0.0132719 0.00151635 0.636688
4.38 0.0132719 0.00151635 0.636575
4.385 0.0132719 0.00151635 0.636462
4.39 0.0132719 0.00151635 0.636349
4.395 0.0132719 0.00151635 0.636237
4.4 0.0132719 0.00151635 0.636125
4.405 0.0132719 0.00151635 0.636012
4.41 0.0132719 0.00151635 0.6359
4.415 0.0132719 0.00151635 0.635789
4.42 0.0132719 0.00151635 0.635677
4.425 0.0132719 0.00151635 0.635565
4.43 0.0132719 0.00151635 0.635454
4.435 0.0132719 0.00151635 0.635342
4.44 0.0132719 0.00151635 0.635231
4.445 0.013272 0.00151635 0.63512
4.45 0.013272 0.00151635 0.635009
4.455 0.013272 0.00151635 0.634898
4.46 0.013272 0.00151635 0.634788
4.465 0.013272 0.00151635 0.634677
4.47 0.013272 0.00151635 0.634567
4.475 0.013272 0.00151635 0.634457
4.48 0.013272 0.00151635 0.634347
4.485 0.013272 0.00151635 0.634237
4.49 0.013272 0.00151635 0.634128
4.495 0.013272 0.00151635 0.634018
4.5 0.013272 0.00151635 0.633909
4.505 0.013272 0.00151635 0.633799
4.51 0.013272 0.00151635 0.63369
4.515 0.013272 0.00151635 0.633582
4.52 0.013272 0.00151635 0.633473
4.525 0.013272 0.00151635 0.633364
4.53 0.013272 0.00151635 0.633256
4.535 0.013272 0.00151635 0.633148
4.54 0.013272 0.00151635 0.63304
4.545 0.013272 0.00151635 0.632932
4.55 0.013272 0.00151635 0.632824
4.555 0.013272 0.00151635 0.632716
4.56 0.013272 0.00151635 0.632609
4.565 0.013272 0.00151635 0.632502
4.57 0.013272 0.00151635 0.632395
4.575 0.013272 0.00151635 0.632288
4.58 0.013272 0.00151635 0.632181
4.585 0.013272 0.00151635 0.632075
4.59 0.013272 0.00151635 0.631968
4.595 0.013272 0.00151635 0.631862
4.6 0.013272 0.00151635 0.631756
4.605 0.013272 0.00151635 0.63165
4.61 0.013272 0.00151635 0.631545
4.615 0.013272 0.00151635 0.631439
4.62 0.013272 0.00151635 0.631334
4.625 0.013272 0.00151635 0.631229
4.63 0.013272 0.00151635 0.631124
4.635 0.013272 0.00151635 0.631019
4.64 0.013272 0.00151635 0.630915
4.645 0.013272 0.00151635 0.63081
4.65 0.013272 0.00151635 0.630706
4.655 0.013272 0.00151635 0.630602
4.66 0.013272 0.00151635 0.630498
4.665 0.013272 0.00151635 0.630395
4.67 0.013272 0.00151635 0.630291
4.675 0.013272 0.00151635 0.630188
4.68 0.013272 0.00151635 0.630085
4.685 0.013272 0.00151635 0.629982
4.69 0.013272 0.00151635 0.629879
4.695 0.013272 0.00151635 0.629777
4.7 0.013272 0.00151635 0.629675
4.705 0.013272 0.00151635 0.629572
4.71 0.013272 0.00151635 0.629471
4.715 0.013272 0.00151635 0.629369
4.72 0.013272 0.00151635 0.629267
4.725 0.013272 0.00151635 0.629166
4.73 0.013272 0.00151635 0.629065
4.735 0.013272 0.00151635 0.628964
4.74 0.013272 0.00151635 0.628863
4.745 0.013272 0.00151635 0.628763
4.75 0.013272 0.00151635 0.628662
4.755 0.013272 0.00151635 0.628562
4.76 0.013272 0.00151635 0.628463
4.765 0.013272 0.00151635 0.628363
4.77 0.013272 0.00151635 0.628264
4.775 0.013272 0.00151635 0.628165
4.78 0.013272 0.00151635 0.628066
4.785 0.013272 0.00151635 0.627968
4.79 0.013272 0.00151635 0.62787
4.795 0.013272 0.00151635 0.627772
4.8 0.013272 0.00151634 0.627674
4.805 0.013272 0.00151634 0.627577
4.81 0.013272 0.00151634 0.627479
4.815 0.013272 0.00151634 0.627382
4.82 0.013272 0.00151634 0.627286
4.825 0.013272 0.00151634 0.627189
4.83 0.013272 0.00151634 0.627092
4.835 0.013272 0.00151634 0.626996
4.84 0.013272 0.00151634 0.6269
4.845 0.013272 0.00151634 0.626804
4.85 0.013272 0.00151634 0.626708
4.855 0.013272 0.00151634 0.626612
4.86 0.013272 0.00151634 0.626517
4.865 0.013272 0.00151634 0.626421
4.87 0.013272 0.00151634 0.626326
4.875 0.013272 0.00151634 0.626231
4.88 0.013272 0.00151634 0.626136
4.885 0.013272 0.00151634 0.626041
4.89 0.013272 0.00151634 0.625946
4.895 0.013272 0.00151634 0.625851
4.9 0.013272 0.00151634 0.625757
4.905 0.013272 0.00151634 0.625662
4.91 0.013272 0.00151634 0.625568
4.915 0.013272 0.00151634 0.625473
4.92 0.013272 0.00151634 0.625379
4.925 0.013272 0.00151634 0.625285
4.93 0.013272 0.00151634 0.625191
4.935 0.013272 0.00151634 0.625096
4.94 0.013272 0.00151634 0.625002
4.945 0.013272 0.00151634 0.624908
4.95 0.013272 0.00151634 0.624814
4.955 0.013272 0.00151634 0.62472
4.96 0.013272 0.00151634 0.624626
4.965 0.013272 0.00151634 0.624533
4.97 0.013272 0.00151634 0.624439
4.975 0.013272 0.00151634 0.624345
4.98 0.013272 0.00151634 0.624251
4.985 0.013272 0.00151634 0.624157
4.99 0.013272 0.00151634 0.624063
4.995 0.013272 0.00151634 0.623969
5 0.013272 0.00151634 0.623875
5.005 0.013272 0.00151634 0.623781
5.01 0.013272 0.00151634 0.623688
5.015 0.013272 0.00151634 0.623594
5.02 0.013272 0.00151634 0.6235
5.025 0.013272 0.00151634 0.623406
5.03 0.013272 0.00151634 0.623311
5.035 0.013272 0.00151634 0.623217
5.04 0.013272 0.00151634 0.623123
5.045 0.013272 0.00151634 0.623029
5.05 0.013272 0.00151634 0.622935
5.055 0.013272 0.00151634 0.62284
5.06 0.013272 0.00151634 0.622746
5.065 0.013272 0.00151634 0.622651
5.07 0.013272 0.00151634 0.622557
5.075 0.013272 0.00151634 0.622462
5.08 0.013272 0.00151634 0.622367
5.085 0.013272 0.00151634 0.622272
5.09 0.013272 0.00151634 0.622177
5.095 0.013272 0.00151634 0.622082
5.1 0.013272 0.00151634 0.621987
5.105 0.013272 0.00151634 0.621892
5.11 0.013272 0.00151634 0.621796
5.115 0.013272 0.00151633 0.621701
5.12 0.013272 0.00151633 0.621605
5.125 0.013272 0.00151633 0.621509
5.13 0.013272 0.00151633 0.621413
5.135 0.013272 0.00151633 0.621317
5.14 0.013272 0.00151633 0.621221
5.145 0.013272 0.00151633 0.621124
5.15 0.013272 0.00151633 0.621028
5.155 0.013272 0.00151633 0.620931
5.16 0.013272 0.00151633 0.620834
5.165 0.013272 0.00151633 0.620737
5.17 0.013272 0.00151633 0.62064
5.175 0.013272 0.00151633 0.620542
5.18 0.013272 0.00151633 0.620445
5.185 0.013272 0.00151633 0.620347
5.19 0.013272 0.00151633 0.620249
5.195 0.013272 0.00151633 0.620151
5.2 0.013272 0.00151633 0.620052
5.205 0.013272 0.00151633 0.619953
5.21 0.013272 0.00151633 0.619855
5.215 0.013272 0.00151633 0.619755
5.22 0.013272 0.00151633 0.619656
5.225 0.013272 0.00151633 0.619557
5.23 0.013272 0.00151633 0.619457
5.235 0.013272 0.00151633 0.619357
5.24 0.013272 0.00151633 0.619257
5.245 0.013272 0.00151633 0.619156
5.25 0.013272 0.00151633 0.619055
5.255 0.013272 0.00151633 0.618954
5.26 0.013272 0.00151633 0.618853
5.265 0.013272 0.00151633 0.618752
5.27 0.013272 0.00151633 0.61865
5.275 0.013272 0.00151633 0.618549
5.28 0.013272 0.00151633 0.618447
5.285 0.013272 0.00151633 0.618344
5.29 0.013272 0.00151633 0.618242
5.295 0.013272 0.00151633 0.618139
5.3 0.013272 0.00151633 0.618036
5.305 0.013272 0.00151633 0.617933
5.31 0.013272 0.00151633 0.61783
5.315 0.013272 0.00151633 0.617727
5.32 0.013272 0.00151633 0.617623
5.325 0.013272 0.00151633 0.617519
5.33 0.013272 0.00151633 0.617415
5.335 0.013272 0.00151633 0.617311
5.34 0.013272 0.00151633 0.617206
5.345 0.013272 0.00151633 0.617102
5.35 0.013272 0.00151633 0.616997
5.355 0.013272 0.00151633 0.616892
5.36 0.013272 0.00151633 0.616787
5.365 0.013272 0.00151633 0.616681
5.37 0.013272 0.00151633 0.616576
5.375 0.013272 0.00151633 0.61647
5.38 0.013272 0.00151633 0.616364
5.385 0.013272 0.00151633 0.616258
5.39 0.013272 0.00151633 0.616152
5.395 0.013272 0.00151633 0.616045
5.4 0.013272 0.00151633 0.615939
5.405 0.013272 0.00151633 0.615832
5.41 0.013272 0.00151633 0.615725
5.415 0.013272 0.00151633 0.615618
5.42 0.013272 0.00151633 0.61551
5.425 0.013272 0.00151633 0.615403
5.43 0.013272 0.00151633 0.615296
5.435 0.013272 0.00151633 0.615188
5.44 0.013272 0.00151633 0.61508
5.445 0.013272 0.00151633 0.614972
5.45 0.013272 0.00151633 0.614864
5.455 0.013272 0.00151633 0.614756
5.46 0.013272 0.00151633 0.614647
5.465 0.013272 0.00151633 0.614539
5.47 0.013272 0.00151633 0.61443
5.475 0.013272 0.00151633 0.614321
5.48 0.013272 0.00151633 0.614212
5.485 0.013272 0.00151633 0.614103
5.49 0.013272 0.00151633 0.613994
5.495 0.013272 0.00151633 0.613885
5.5 0.013272 0.00151633 0.613775
5.505 0.013272 0.00151633 0.613666
5.51 0.013272 0.00151633 0.613556
5.515 0.013272 0.00151633 0.613446
5.52 0.013272 0.00151633 0.613336
5.525 0.013272 0.00151633 0.613226
5.53 0.013272 0.00151633 0.613116
5.535 0.013272 0.00151633 0.613006
5.54 0.013272 0.00151633 0.612896
5.545 0.013272 0.00151633 0.612785
5.55 0.013272 0.00151633 0.612675
5.555 0.013272 0.00151633 0.612564
5.56 0.013272 0.00151633 0.612454
5.565 0.013272 0.00151633 0.612343
5.57 0.013272 0.00151633 0.612232
5.575 0.013272 0.00151633 0.612121
5.58 0.013272 0.00151633 0.61201
5.585 0.013272 0.00151633 0.611899
5.59 0.013272 0.00151633 0.611788
5.595 0.013272 0.00151633 0.611678
5.6 0.013272 0.00151633 0.611567
5.605 0.013272 0.00151633 0.611457
5.61 0.013272 0.00151633 0.611347
5.615 0.013272 0.00151633 0.611237
5.62 0.013272 0.00151633 0.611127
5.625 0.013272 0.00151633 0.611017
5.63 0.013272 0.00151633 0.610908
5.635 0.013272 0.00151633 0.610798
5.64 0.013272 0.00151633 0.610689
5.645 0.013272 0.00151633 0.610579
5.65 0.013272 0.00151633 0.61047
5.655 0.013272 0.00151633 0.61036
5.66 0.013272 0.00151633 0.610251
5.665 0.013272 0.00151633 0.610141
5.67 0.013272 0.00151633 0.610032
5.675 0.013272 0.00151633 0.609922
5.68 0.013272 0.00151633 0.609813
5.685 0.013272 0.00151633 0.609703
5.69 0.013272 0.00151633 0.609593
5.695 0.013272 0.00151633 0.609484
5.7 0.013272 0.00151633 0.609374
5.705 0.013272 0.00151633 0.609264
5.71 0.013272 0.00151633 0.609154
5.715 0.013272 0.00151633 0.609044
5.72 0.013272 0.00151633 0.608933
5.725 0.013272 0.00151633 0.608823
5.73 0.013272 0.00151633 0.608712
5.735 0.013272 0.00151633 0.608601
5.74 0.013272 0.00151633 0.608491
5.745 0.013272 0.00151633 0.608379
5.75 0.013272 0.00151633 0.608268
5.755 0.013272 0.00151633 0.608157
5.76 0.013272 0.00151633 0.608045
5.765 0.013272 0.00151633 0.607933
5.77 0.013272 0.00151633 0.607821
5.775 0.013272 0.00151633 0.607709
5.78 0.013272 0.00151633 0.607597
5.785 0.013272 0.00151633 0.607484
5.79 0.013272 0.00151633 0.607371
5.795 0.013272 0.00151633 0.607258
5.8 0.013272 0.00151633 0.607145
5.805 0.013272 0.00151633 0.607031
5.81 0.013272 0.00151633 0.606917
5.815 0.013272 0.00151633 0.606803
5.82 0.013272 0.00151633 0.606689
5.825 0.013272 0.00151633 0.606574
5.83 0.013272 0.00151633 0.606459
5.835 0.013272 0.00151633 0.606344
5.84 0.013272 0.00151632 0.606229
5.845 0.013272 0.00151632 0.606113
5.85 0.013272 0.00151632 0.605997
5.855 0.013272 0.00151632 0.605882
5.86 0.013272 0.00151632 0.605766
5.865 0.013272 0.00151632 0.605652
5.87 0.013272 0.00151632 0.605537
5.875 0.013272 0.00151632 0.605423
5.88 0.013272 0.00151633 0.605309
5.885 0.013272 0.00151633 0.605195
5.89 0.013272 0.00151633 0.605081
5.895 0.013272 0.00151633 0.604968
5.9 0.013272 0.00151633 0.604855
5.905 0.013272 0.00151633 0.604742
5.91 0.013272 0.00151633 0.604629
5.915 0.013272 0.00151633 0.604516
5.92 0.013272 0.00151633 0.604403
5.925 0.013272 0.00151633 0.604291
5.93 0.013272 0.00151633 0.604178
5.935 0.013272 0.00151633 0.604066
5.94 0.013272 0.00151633 0.603953
5.945 0.013272 0.00151633 0.603841
5.95 0.013272 0.00151633 0.603729
5.955 0.013272 0.00151633 0.603616
5.96 0.013272 0.00151633 0.603504
5.965 0.013272 0.00151633 0.603392
5.97 0.013272 0.00151633 0.603279
5.975 0.013272 0.00151633 0.603167
5.98 0.013272 0.00151633 0.603055
5.985 0.013272 0.00151633 0.602943
5.99 0.013272 0.00151633 0.602831
5.995 0.013272 0.00151633 0.602718
6 0.013272 0.00151633 0.602606
6.005 0.013272 0.00151633 0.602494
6.01 0.013272 0.00151633 0.602381
6.015 0.013272 0.00151633 0.602269
6.02 0.013272 0.00151633 0.602157
6.025 0.013272 0.00151633 0.602044
6.03 0.013272 0.00151633 0.601932
6.035 0.013272 0.00151633 0.601819
6.04 0.013272 0.00151633 0.601707
6.045 0.013272 0.00151633 0.601594
6.05 0.013272 0.00151633 0.601481
6.055 0.013272 0.00151633 0.601369
6.06 0.013272 0.00151633 0.601256
6.065 0.013272 0.00151633 0.601143
6.07 0.013272 0.00151633 0.60103
6.075 0.013272 0.00151633 0.600917
6.08 0.013272 0.00151633 0.600804
6.085 0.013272 0.00151633 0.600691
6.09 0.013272 0.00151633 0.600578
6.095 0.013272 0.00151633 0.600465
6.1 0.013272 0.00151633 0.600352
6.105 0.013272 0.00151633 0.600238
6.11 0.013272 0.00151633 0.600125
6.115 0.013272 0.00151633 0.600011
6.12 0.013272 0.00151633 0.599898
6.125 0.013272 0.00151633 0.599784
6.13 0.013272 0.00151633 0.59967
6.135 0.013272 0.00151633 0.599556
6.14 0.013272 0.00151633 0.599442
6.145 0.013272 0.00151633 0.599328
6.15 0.013272 0.00151633 0.599214
6.155 0.013272 0.00151633 0.599099
6.16 0.013272 0.00151633 0.598985
6.165 0.013272 0.00151633 0.59887
6.17 0.013272 0.00151633 0.598756
6.175 0.013272 0.00151633 0.598641
6.18 0.013272 0.00151633 0.598526
6.185 0.013272 0.00151633 0.598411
6.19 0.013272 0.00151633 0.598296
6.195 0.013272 0.00151633 0.598181
6.2 0.013272 0.00151633 0.598065
6.205 0.013272 0.00151633 0.59795
6.21 0.013272 0.00151633 0.597834
6.215 0.013272 0.00151633 0.597719
6.22 0.013272 0.00151633 0.597603
6.225 0.013272 0.00151633 0.597487
6.23 0.013272 0.00151633 0.59737
6.235 0.013272 0.00151633 0.597254
6.24 0.013272 0.00151633 0.597138
6.245 0.013272 0.00151633 0.597021
6.25 0.013272 0.00151633 0.596904
6.255 0.013272 0.00151633 0.596787
6.26 0.013272 0.00151633 0.59667
6.265 0.013272 0.00151633 0.596553
6.27 0.013272 0.00151633 0.596436
6.275 0.013272 0.00151633 0.596318
6.28 0.013272 0.00151633 0.596201
6.285 0.013272 0.00151633 0.596083
6.29 0.013272 0.00151633 0.595965
6.295 0.013272 0.00151633 0.595847
6.3 0.013272 0.00151633 0.595728
6.305 0.013272 0.00151633 0.59561
6.31 0.013272 0.00151633 0.595492
6.315 0.013272 0.00151633 0.595373
6.32 0.013272 0.00151633 0.595255
6.325 0.013272 0.00151633 0.595137
6.33 0.013272 0.00151633 0.595019
6.335 0.013272 0.00151633 0.594901
6.34 0.013272 0.00151633 0.594783
6.345 0.013272 0.00151633 0.594666
6.35 0.013272 0.00151633 0.594548
6.355 0.013272 0.00151633 0.59443
6.36 0.013272 0.00151633 0.594312
6.365 0.013272 0.00151633 0.594194
6.37 0.013272 0.00151633 0.594076
6.375 0.013272 0.00151633 0.593958
6.38 0.013272 0.00151633 0.593841
6.385 0.013272 0.00151633 0.593723
6.39 0.013272 0.00151633 0.593605
6.395 0.013272 0.00151633 0.593487
6.4 0.013272 0.00151633 0.593369
6.405 0.013272 0.00151633 0.593252
6.41 0.013272 0.00151633 0.593134
6.415 0.013272 0.00151633 0.593016
6.42 0.013272 0.00151633 0.592898
6.425 0.013272 0.00151633 0.59278
6.43 0.013272 0.00151633 0.592662
6.435 0.013272 0.00151633 0.592543
6.44 0.013272 0.00151633 0.592425
6.445 0.013272 0.00151633 0.592307
6.45 0.013272 0.00151633 0.592188
6.455 0.013272 0.00151633 0.59207
6.46 0.013272 0.00151634 0.591951
6.465 0.013272 0.00151634 0.591832
6.47 0.013272 0.00151634 0.591713
6.475 0.013272 0.00151634 0.591594
6.48 0.013272 0.00151634 0.591474
6.485 0.013272 0.00151634 0.591355
6.49 0.013272 0.00151634 0.591235
6.495 0.013272 0.00151634 0.591115
6.5 0.013272 0.00151634 0.590995
6.505 0.013272 0.00151634 0.590874
6.51 0.013272 0.00151634 0.590753
6.515 0.013272 0.00151634 0.590632
6.52 0.013272 0.00151634 0.59051
6.525 0.013272 0.00151634 0.590389
6.53 0.013272 0.00151634 0.590266
6.535 0.013272 0.00151634 0.590144
6.54 0.013272 0.00151634 0.590021
6.545 0.013272 0.00151635 0.589898
6.55 0.013272 0.00151635 0.589775
6.555 0.013272 0.00151635 0.589651
6.56 0.013272 0.00151635 0.589526
6.565 0.013272 0.00151635 0.589401
6.57 0.013272 0.00151635 0.589276
6.575 0.013272 0.00151635 0.589151
6.58 0.013272 0.00151635 0.589024
6.585 0.013272 0.00151635 0.588898
6.59 0.013272 0.00151635 0.588771
6.595 0.013272 0.00151636 0.588643
6.6 0.013272 0.00151636 0.588515
6.605 0.013272 0.00151636 0.588386
6.61 0.013272 0.00151636 0.588257
6.615 0.013272 0.00151636 0.588127
6.62 0.013272 0.00151636 0.587997
6.625 0.013272 0.00151636 0.587867
6.63 0.013272 0.00151636 0.587735
6.635 0.013272 0.00151636 0.587604
6.64 0.013272 0.00151636 0.587472
6.645 0.013272 0.00151636 0.587339
6.65 0.013272 0.00151637 0.587207
6.655 0.013272 0.00151637 0.587074
6.66 0.013272 0.00151637 0.58694
6.665 0.013272 0.00151637 0.586807
6.67 0.013272 0.00151637 0.586673
6.675 0.013272 0.00151637 0.58654
6.68 0.013272 0.00151637 0.586406
6.685 0.013272 0.00151637 0.586272
6.69 0.013272 0.00151637 0.586138
6.695 0.013272 0.00151637 0.586005
6.7 0.013272 0.00151637 0.585871
6.705 0.013272 0.00151637 0.585738
6.71 0.013272 0.00151637 0.585605
6.715 0.013272 0.00151637 0.585472
6.72 0.013272 0.00151637 0.58534
6.725 0.013272 0.00151637 0.585207
6.73 0.013272 0.00151637 0.585075
6.735 0.013272 0.00151637 0.584943
6.74 0.013272 0.00151637 0.58481
6.745 0.013272 0.00151637 0.584678
6.75 0.013272 0.00151637 0.584546
6.755 0.013272 0.00151637 0.584414
6.76 0.013272 0.00151636 0.584282
6.765 0.013272 0.00151636 0.584149
6.77 0.013272 0.00151636 0.584016
6.775 0.013272 0.00151636 0.583883
6.78 0.013272 0.00151636 0.58375
6.785 0.013272 0.00151636 0.583616
6.79 0.013272 0.00151636 0.583482
6.795 0.013272 0.00151635 0.583347
6.8 0.013272 0.00151635 0.583212
6.805 0.013272 0.00151635 0.583076
6.81 0.013272 0.00151635 0.582939
6.815 0.013272 0.00151634 0.582801
6.82 0.013272 0.00151634 0.582663
6.825 0.013272 0.00151634 0.582523
6.83 0.013272 0.00151634 0.582382
6.835 0.013272 0.00151633 0.58224
6.84 0.013272 0.00151633 0.582096
6.845 0.013272 0.00151632 0.581952
6.85 0.013272 0.00151632 0.581805
6.855 0.013272 0.00151632 0.581657
6.86 0.013272 0.00151631 0.581507
6.865 0.013272 0.00151631 0.581354
6.87 0.013272 0.00151631 0.581196
6.875 0.013272 0.00151631 0.581031
6.88 0.013272 0.00151631 0.580861
6.885 0.013272 0.00151631 0.580685
6.89 0.0132719 0.00151631 0.580504
6.895 0.0132719 0.00151631 0.580317
6.9 0.0132719 0.00151631 0.580125
6.905 0.0132719 0.00151631 0.579928
6.91 0.0132719 0.00151631 0.579725
6.915 0.0132719 0.00151631 0.579518
6.92 0.0132719 0.0015163 0.579306
6.925 0.0132719 0.0015163 0.579089
6.93 0.0132719 0.0015163 0.578867
6.935 0.0132719 0.00151629 0.57864
6.94 0.0132719 0.00151629 0.578409
6.945 0.0132719 0.00151628 0.578173
6.95 0.0132719 0.00151628 0.577932
6.955 0.0132719 0.00151627 0.577686
6.96 0.0132719 0.00151626 0.577436
6.965 0.0132719 0.00151626 0.57718
6.97 0.0132719 0.00151625 0.57692
6.975 0.0132719 0.00151624 0.576655
6.98 0.0132719 0.00151623 0.576386
6.985 0.0132719 0.00151622 0.576111
6.99 0.0132719 0.00151621 0.575831
6.995 0.0132719 0.0015162 0.575547
7 0.0132719 0.00151619 0.575258
7.005 0.0132719 0.00151618 0.574963
7.01 0.0132719 0.00151616 0.574663
7.015 0.0132719 0.00151615 0.574328
7.02 0.0132719 0.00151614 0.573968
7.025 0.0132719 0.00151614 0.573625
7.03 0.0132719 0.00151614 0.573298
7.035 0.0132719 0.00151615 0.572985
7.04 0.0132719 0.00151616 0.572686
7.045 0.0132719 0.00151617 0.572398
7.05 0.013272 0.00151618 0.572122
7.055 0.013272 0.00151619 0.571857
7.06 0.013272 0.0015162 0.571601
7.065 0.013272 0.00151621 0.571354
7.07 0.013272 0.00151621 0.571116
7.075 0.013272 0.00151622 0.570885
7.08 0.013272 0.00151623 0.570662
7.085 0.013272 0.00151624 0.570446
7.09 0.013272 0.00151624 0.570236
7.095 0.013272 0.00151625 0.570033
7.1 0.013272 0.00151625 0.569835
7.105 0.013272 0.00151626 0.569643
7.11 0.013272 0.00151626 0.569456
7.115 0.013272 0.00151627 0.569274
7.12 0.013272 0.00151627 0.569097
7.125 0.013272 0.00151627 0.568924
7.13 0.013272 0.00151628 0.568756
7.135 0.013272 0.00151628 0.568592
7.14 0.013272 0.00151628 0.568432
7.145 0.013272 0.00151628 0.568275
7.15 0.013272 0.00151629 0.568122
7.155 0.013272 0.00151629 0.567973
7.16 0.013272 0.00151629 0.567827
7.165 0.013272 0.00151629 0.567684
7.17 0.013272 0.0015163 0.567545
7.175 0.013272 0.0015163 0.567408
7.18 0.013272 0.0015163 0.567274
7.185 0.013272 0.0015163 0.567143
7.19 0.013272 0.0015163 0.567015
7.195 0.013272 0.0015163 0.566889
7.2 0.013272 0.0015163 0.566766
7.205 0.013272 0.0015163 0.566646
7.21 0.013272 0.0015163 0.566527
7.215 0.0132719 0.00151631 0.566411
7.22 0.0132719 0.00151631 0.566297
7.225 0.0132719 0.00151631 0.566186
7.23 0.0132719 0.00151631 0.566077
7.235 0.0132719 0.00151631 0.565971
7.24 0.0132719 0.00151631 0.565867
7.245 0.0132719 0.00151631 0.565765
7.25 0.0132719 0.00151631 0.565665
7.255 0.0132719 0.00151631 0.565566
7.26 0.0132719 0.00151631 0.56547
7.265 0.0132719 0.00151631 0.565376
7.27 0.0132719 0.00151631 0.565283
7.275 0.0132719 0.00151631 0.565192
7.28 0.0132719 0.00151631 0.565103
7.285 0.0132719 0.00151631 0.565015
7.29 0.0132719 0.00151631 0.564929
7.295 0.0132719 0.00151631 0.564844
7.3 0.0132719 0.00151631 0.564761
7.305 0.0132719 0.00151631 0.564678
7.31 0.0132719 0.00151631 0.564598
7.315 0.0132719 0.00151631 0.564518
7.32 0.0132719 0.00151631 0.56444
7.325 0.0132719 0.00151631 0.564362
7.33 0.0132719 0.00151631 0.564286
7.335 0.0132719 0.00151631 0.564211
7.34 0.0132719 0.00151631 0.564137
7.345 0.0132719 0.00151631 0.564063
7.35 0.0132719 0.00151631 0.563991
7.355 0.0132719 0.00151631 0.563919
7.36 0.0132719 0.0015163 0.563848
7.365 0.0132719 0.0015163 0.563778
7.37 0.0132719 0.0015163 0.563708
7.375 0.0132719 0.0015163 0.563639
7.38 0.0132719 0.0015163 0.563569
7.385 0.0132719 0.0015163 0.563495
7.39 0.0132719 0.00151631 0.563418
7.395 0.0132719 0.00151631 0.563339
7.4 0.0132719 0.00151631 0.563256
7.405 0.0132719 0.00151632 0.563171
7.41 0.0132719 0.00151632 0.563083
7.415 0.0132719 0.00151632 0.562992
7.42 0.0132719 0.00151633 0.562899
7.425 0.0132719 0.00151633 0.562803
7.43 0.0132719 0.00151633 0.562705
7.435 0.0132719 0.00151634 0.562604
7.44 0.0132719 0.00151634 0.562501
7.445 0.0132719 0.00151634 0.562395
7.45 0.0132719 0.00151634 0.562287
7.455 0.0132719 0.00151634 0.562176
7.46 0.0132719 0.00151635 0.562063
7.465 0.0132719 0.00151635 0.561948
7.47 0.0132719 0.00151635 0.56183
7.475 0.0132719 0.00151635 0.56171
7.48 0.0132719 0.00151635 0.561587
7.485 0.0132719 0.00151635 0.561462
7.49 0.0132719 0.00151635 0.561334
7.495 0.0132719 0.00151635 0.561204
7.5 0.0132719 0.00151635 0.561071
7.505 0.0132719 0.00151635 0.560935
7.51 0.0132719 0.00151634 0.560797
7.515 0.0132719 0.00151634 0.560657
7.52 0.0132719 0.00151634 0.560513
7.525 0.0132719 0.00151634 0.560367
7.53 0.0132719 0.00151634 0.560218
7.535 0.0132719 0.00151633 0.560066
7.54 0.0132719 0.00151633 0.559911
7.545 0.0132719 0.00151633 0.559753
7.55 0.0132719 0.00151633 0.559593
7.555 0.0132719 0.00151632 0.559429
7.56 0.0132719 0.00151632 0.559261
7.565 0.0132719 0.00151631 0.559091
7.57 0.0132719 0.00151631 0.558917
7.575 0.0132719 0.0015163 0.55874
7.58 0.0132719 0.0015163 0.558559
7.585 0.0132719 0.00151629 0.558374
7.59 0.0132719 0.00151629 0.558186
7.595 0.0132719 0.00151628 0.557994
7.6 0.0132719 0.00151628 0.557798
7.605 0.0132719 0.00151627 0.557597
7.61 0.0132719 0.00151626 0.557393
7.615 0.0132719 0.00151625 0.557184
7.62 0.0132719 0.00151624 0.55697
7.625 0.0132719 0.00151623 0.556752
7.63 0.0132719 0.00151622 0.55653
7.635 0.0132719 0.00151621 0.556302
7.64 0.0132719 0.0015162 0.556043
7.645 0.0132719 0.00151619 0.555775
7.65 0.0132719 0.00151617 0.555499
7.655 0.0132719 0.00151616 0.555213
7.66 0.0132719 0.00151614 0.554919
7.665 0.0132719 0.00151612 0.554616
7.67 0.0132719 0.0015161 0.554303
7.675 0.0132718 0.00151608 0.553981
7.68 0.0132718 0.00151606 0.553649
7.685 0.0132718 0.00151604 0.553308
7.69 0.0132718 0.00151601 0.552956
7.695 0.0132718 0.00151598 0.552594
7.7 0.0132718 0.00151596 0.552221
7.705 0.0132718 0.00151592 0.551838
7.71 0.0132718 0.00151589 0.551443
7.715 0.0132718 0.00151585 0.551037
7.72 0.0132717 0.00151581 0.550619
7.725 0.0132717 0.00151577 0.550188
7.73 0.0132717 0.00151572 0.549745
7.735 0.0132717 0.00151567 0.549288
7.74 0.0132717 0.00151562 0.548817
7.745 0.0132717 0.00151556 0.548331
7.75 0.0132716 0.0015155 0.54783
7.755 0.0132716 0.00151543 0.547313
7.76 0.0132716 0.00151535 0.546778
7.765 0.0132716 0.00151526 0.546226
7.77 0.0132716 0.00151517 0.545656
7.775 0.0132715 0.00151506 0.545067
7.78 0.0132715 0.00151494 0.544457
7.785 0.0132715 0.00151481 0.543825
7.79 0.0132715 0.00151467 0.543169
7.795 0.0132715 0.00151451 0.542487
7.8 0.0132714 0.00151433 0.541776
7.805 0.0132715 0.00151407 0.541095
7.81 0.0132715 0.0015139 0.540457
7.815 0.0132715 0.00151384 0.539857
7.82 0.0132715 0.00151384 0.539291
7.825 0.0132715 0.00151389 0.538757
7.83 0.0132715 0.00151396 0.538245
7.835 0.0132716 0.00151405 0.537761
7.84 0.0132716 0.00151416 0.537303
7.845 0.0132716 0.0015143 0.536867
7.85 0.0132716 0.00151444 0.536452
7.855 0.0132716 0.00151459 0.536056
7.86 0.0132717 0.00151474 0.53568
7.865 0.0132717 0.00151488 0.535321
7.87 0.0132717 0.00151501 0.53498
7.875 0.0132717 0.00151514 0.534654
7.88 0.0132717 0.00151526 0.534344
7.885 0.0132717 0.00151536 0.53405
7.89 0.0132718 0.00151547 0.533771
7.895 0.0132718 0.00151556 0.533505
7.9 0.0132718 0.00151564 0.533251
7.905 0.0132718 0.00151572 0.533008
7.91 0.0132718 0.00151579 0.532775
7.915 0.0132718 0.00151585 0.53255
7.92 0.0132718 0.00151591 0.532334
7.925 0.0132718 0.00151595 0.532125
7.93 0.0132718 0.00151599 0.531923
7.935 0.0132718 0.00151603 0.531727
7.94 0.0132719 0.00151606 0.531536
7.945 0.0132719 0.00151609 0.531351
7.95 0.0132719 0.00151612 0.53117
7.955 0.0132719 0.00151614 0.530993
7.96 0.0132719 0.00151616 0.53082
7.965 0.0132719 0.00151617 0.53065
7.97 0.0132719 0.00151619 0.530484
7.975 0.0132719 0.0015162 0.530321
7.98 0.0132719 0.00151621 0.530161
7.985 0.0132719 0.00151622 0.530003
7.99 0.0132719 0.00151623 0.529847
7.995 0.0132719 0.00151624 0.529694
8 0.0132719 0.00151625 0.529543
8.005 0.0132719 0.00151626 0.529393
8.01 0.0132719 0.00151626 0.529246
8.015 0.0132719 0.00151627 0.5291
8.02 0.0132719 0.00151627 0.528955
8.025 0.0132719 0.00151628 0.528812
8.03 0.0132719 0.00151628 0.52867
8.035 0.0132719 0.00151628 0.52853
8.04 0.0132719 0.00151629 0.52839
8.045 0.0132719 0.00151629 0.528252
8.05 0.0132719 0.00151629 0.528115
8.055 0.0132719 0.0015163 0.527979
8.06 0.0132719 0.0015163 0.527843
8.065 0.0132719 0.0015163 0.527709
8.07 0.0132719 0.0015163 0.527575
8.075 0.0132719 0.0015163 0.527442
8.08 0.0132719 0.0015163 0.52731
8.085 0.0132719 0.00151631 0.527178
8.09 0.0132719 0.00151631 0.527047
8.095 0.0132719 0.00151631 0.526917
8.1 0.0132719 0.00151631 0.526787
8.105 0.0132719 0.00151631 0.526658
8.11 0.0132719 0.00151631 0.526529
8.115 0.0132719 0.00151631 0.526401
8.12 0.0132719 0.00151631 0.526273
8.125 0.0132719 0.00151632 0.526145
8.13 0.0132719 0.00151632 0.526018
8.135 0.0132719 0.00151632 0.525892
8.14 0.0132719 0.00151632 0.525765
8.145 0.0132719 0.00151632 0.525639
8.15 0.0132719 0.00151632 0.525513
8.155 0.0132719 0.00151632 0.525387
8.16 0.0132719 0.00151632 0.525262
8.165 0.0132719 0.00151632 0.525136
8.17 0.0132719 0.00151632 0.525011
8.175 0.0132719 0.00151632 0.524886
8.18 0.0132719 0.00151632 0.524761
8.185 0.0132719 0.00151632 0.524636
8.19 0.0132719 0.00151632 0.524512
8.195 0.0132719 0.00151632 0.524387
8.2 0.0132719 0.00151632 0.524262
8.205 0.0132719 0.00151632 0.524137
8.21 0.0132719 0.00151632 0.524013
8.215 0.0132719 0.00151633 0.523888
8.22 0.0132719 0.00151633 0.523763
8.225 0.0132719 0.00151633 0.523638
8.23 0.0132719 0.00151633 0.523513
8.235 0.0132719 0.00151633 0.523388
8.24 0.0132719 0.00151633 0.523262
8.245 0.0132719 0.00151633 0.523136
8.25 0.0132719 0.00151633 0.523011
8.255 0.0132719 0.00151633 0.522885
8.26 0.0132719 0.00151633 0.522758
8.265 0.0132719 0.00151633 0.522632
8.27 0.0132719 0.00151633 0.522505
8.275 0.0132719 0.00151633 0.522378
8.28 0.0132719 0.00151633 0.52225
8.285 0.0132719 0.00151633 0.522122
8.29 0.0132719 0.00151633 0.521994
8.295 0.0132719 0.00151633 0.521865
8.3 0.0132719 0.00151633 0.521736
8.305 0.0132719 0.00151633 0.521607
8.31 0.0132719 0.00151633 0.521476
8.315 0.0132719 0.00151633 0.521346
8.32 0.0132719 0.00151633 0.521215
8.325 0.0132719 0.00151633 0.521083
8.33 0.0132719 0.00151633 0.520951
8.335 0.0132719 0.00151633 0.520818
8.34 0.0132719 0.00151633 0.520685
8.345 0.0132719 0.00151633 0.520551
8.35 0.0132719 0.00151633 0.520417
8.355 0.0132719 0.00151633 0.520281
8.36 0.0132719 0.00151633 0.520145
8.365 0.0132719 0.00151633 0.520009
8.37 0.0132719 0.00151633 0.519871
8.375 0.0132719 0.00151633 0.519733
8.38 0.0132719 0.00151633 0.519594
8.385 0.0132719 0.00151633 0.519455
8.39 0.0132719 0.00151633 0.519314
8.395 0.0132719 0.00151633 0.519173
8.4 0.0132719 0.00151633 0.519032
8.405 0.0132719 0.00151633 0.518895
8.41 0.0132719 0.00151633 0.518761
8.415 0.0132719 0.00151633 0.518629
8.42 0.0132718 0.00151633 0.5185
8.425 0.0132718 0.00151633 0.518374
8.43 0.0132718 0.00151633 0.518251
8.435 0.0132718 0.00151633 0.51813
8.44 0.0132718 0.00151633 0.518012
8.445 0.0132718 0.00151633 0.517896
8.45 0.0132718 0.00151633 0.517782
8.455 0.0132718 0.00151634 0.517671
8.46 0.0132718 0.00151634 0.517562
8.465 0.0132718 0.00151634 0.517455
8.47 0.0132718 0.00151634 0.51735
8.475 0.0132718 0.00151634 0.517247
8.48 0.0132718 0.00151634 0.517146
8.485 0.0132718 0.00151634 0.517047
8.49 0.0132718 0.00151634 0.51695
8.495 0.0132718 0.00151634 0.516854
8.5 0.0132718 0.00151634 0.516761
8.505 0.0132718 0.00151634 0.516668
8.51 0.0132718 0.00151634 0.516578
8.515 0.0132718 0.00151634 0.516489
8.52 0.0132718 0.00151634 0.516402
8.525 0.0132718 0.00151634 0.516316
8.53 0.0132718 0.00151634 0.516231
8.535 0.0132718 0.00151634 0.516148
8.54 0.0132718 0.00151634 0.516066
8.545 0.0132718 0.00151634 0.515985
8.55 0.0132718 0.00151634 0.515906
8.555 0.0132718 0.00151634 0.515827
8.56 0.0132718 0.00151634 0.515751
8.565 0.0132718 0.00151634 0.515675
8.57 0.0132718 0.00151634 0.515602
8.575 0.0132718 0.00151634 0.515532
8.58 0.0132718 0.00151634 0.515463
8.585 0.0132718 0.00151634 0.515398
8.59 0.0132718 0.00151633 0.515336
8.595 0.0132719 0.00151633 0.515277
8.6 0.0132719 0.00151633 0.515222
