0 0.000160905 0.00229597
0.005 0.00022303 0.00178711
0.01 0.000146915 0.0017661
0.015 0.000112941 0.00157498
0.02 0.000105913 0.0015171
0.025 0.000103028 0.00152508
0.03 0.000107049 0.001539
0.035 0.000112941 0.00153293
0.04 0.000146029 0.00191592
0.045 0.000106962 0.00151491
0.05 9.90505e-05 0.00151491
0.055 9.9932e-05 0.00152603
0.06 9.79934e-05 0.001507
0.065 9.79024e-05 0.00151391
0.07 9.79053e-05 0.00150892
0.075 9.89679e-05 0.00151802
0.08 9.79796e-05 0.00151199
0.085 9.80546e-05 0.00152306
0.09 9.99579e-05 0.00151306
0.095 0.000102927 0.00152698
0.1 0.000104093 0.0015159
0.105 0.000100975 0.00203693
0.11 0.000146042 0.00231894
0.115 0.000107921 0.00149892
0.12 9.9109e-05 0.00149897
0.125 0.000104918 0.00151706
0.13 9.705e-05 0.00147206
0.135 0.000109952 0.00145904
0.14 9.79425e-05 0.00144795
0.145 9.58878e-05 0.00144804
0.15 9.69394e-05 0.0014489
0.155 9.48845e-05 0.00146404
0.16 9.50276e-05 0.0014469
0.165 9.60986e-05 0.00145202
0.17 9.59185e-05 0.00144407
0.175 0.000106041 0.00146194
0.18 0.000106072 0.00208598
0.185 0.00012993 0.00248599
0.19 0.000131981 0.00184894
0.195 9.99252e-05 0.00174503
0.2 0.000104943 0.00147404
0.205 0.000127059 0.00186903
0.21 0.000108936 0.00145198
0.215 9.90989e-05 0.00152092
0.22 0.000140886 0.00155803
0.225 0.000102091 0.00148505
0.23 9.60877e-05 0.00146701
0.235 0.000108028 0.00148302
0.24 0.000101898 0.00146209
0.245 0.000122026 0.001574
0.25 9.8025e-05 0.00145203
0.255 0.000103969 0.00144602
0.26 9.4067e-05 0.00143589
0.265 9.40395e-05 0.0014131
0.27 0.000108078 0.00143707
0.275 9.29309e-05 0.00142599
0.28 9.38869e-05 0.001427
0.285 9.38865e-05 0.00143
0.29 9.5061e-05 0.00142993
0.295 9.50922e-05 0.00178196
0.3 0.000100032 0.0018579
0.305 0.000133894 0.00272395
0.31 0.000141009 0.00267091
0.315 0.000105003 0.00148591
0.32 9.49127e-05 0.00140707
0.325 9.1979e-05 0.00173795
0.33 9.5961e-05 0.00139292
0.335 9.28891e-05 0.00143391
0.34 0.000107926 0.00154292
0.345 0.000108044 0.00159709
0.35 9.99793e-05 0.00171708
0.355 9.70368e-05 0.001869
0.36 0.000113112 0.00142291
0.365 9.00279e-05 0.00219295
0.37 8.80486e-05 0.00129007
0.375 8.50598e-05 0.00127894
0.38 8.40519e-05 0.00128494
0.385 9.48958e-05 0.00197205
0.39 0.000105106 0.00185196
0.395 8.89715e-05 0.00127704
0.4 8.39432e-05 0.00128607
0.405 8.40607e-05 0.0012589
0.41 8.40799e-05 0.00127992
0.415 8.40653e-05 0.0012689
0.42 8.30708e-05 0.0014761
0.425 8.491e-05 0.00125503
0.43 8.29755e-05 0.00123001
0.435 8.38966e-05 0.00124897
0.44 9.59751e-05 0.00169489
0.445 8.89187e-05 0.00128603
0.45 8.39264e-05 0.00194205
0.455 0.000113101 0.0015389
0.46 0.000108967 0.00165106
0.465 8.51111e-05 0.002114
0.47 0.000123885 0.00187391
0.475 8.58885e-05 0.0012591
0.48 8.39935e-05 0.00125212
0.485 0.000121976 0.00158895
0.49 8.70288e-05 0.00122901
0.495 8.40265e-05 0.0012261
0.5 8.1963e-05 0.00121195
0.505 8.19043e-05 0.00128189
0.51 0.000102961 0.00162101
0.515 8.30266e-05 0.0012691
0.52 7.99848e-05 0.00120711
0.525 8.0933e-05 0.00120311
0.53 8.0941e-05 0.00121612
0.535 7.91072e-05 0.00150495
0.54 0.000103035 0.00192604
0.545 0.000100048 0.00196996
0.55 0.000107073 0.00196702
0.555 0.000124024 0.00191305
0.56 9.80633e-05 0.00186307
0.565 0.000109117 0.00136492
0.57 7.60484e-05 0.00112299
0.575 7.40329e-05 0.00111593
0.58 7.49248e-05 0.00130306
0.585 7.50287e-05 0.00144593
0.59 9.50926e-05 0.00153496
0.595 7.88898e-05 0.00119302
0.6 7.99034e-05 0.00111503
0.605 7.69207e-05 0.00112691
0.61 7.71164e-05 0.00130911
0.615 9.98945e-05 0.00157804
0.62 9.90585e-05 0.00148292
0.625 0.000117065 0.00174905
0.63 8.81028e-05 0.00169989
0.635 8.39989e-05 0.00165008
0.64 8.39098e-05 0.00164099
0.645 8.81e-05 0.00141489
0.65 7.70069e-05 0.001072
0.655 6.98996e-05 0.00105909
0.66 6.98976e-05 0.00106804
0.665 6.99772e-05 0.00107788
0.67 7.10433e-05 0.00107299
0.675 7.20853e-05 0.00126508
0.68 9.19304e-05 0.00126495
0.685 8.09324e-05 0.00106692
0.69 7.09645e-05 0.00104692
0.695 6.80181e-05 0.00105512
0.7 7.00565e-05 0.00105296
0.705 6.99508e-05 0.00103409
0.71 6.69773e-05 0.00102503
0.715 7.50581e-05 0.00102796
0.72 6.69468e-05 0.00101895
0.725 6.69486e-05 0.00102995
0.73 6.59027e-05 0.00101891
0.735 6.60302e-05 0.00102499
0.74 6.50698e-05 0.00117603
0.745 8.00267e-05 0.00151392
0.75 8.30418e-05 0.00148107
0.755 6.79013e-05 0.000998952
0.76 6.50692e-05 0.000998981
0.765 6.58992e-05 0.0011231
0.77 6.71085e-05 0.00100111
0.775 6.49781e-05 0.00100694
0.78 6.69403e-05 0.00101794
0.785 6.59748e-05 0.00131498
0.79 7.99644e-05 0.00149409
0.795 8.20124e-05 0.00104
0.8 6.80784e-05 0.00101894
0.805 6.50665e-05 0.00100102
0.81 6.50027e-05 0.00128791
0.815 7.99425e-05 0.00143007
0.82 6.81014e-05 0.00100091
0.825 6.79846e-05 0.00118104
0.83 6.69408e-05 0.00101495
0.835 6.49424e-05 0.0010099
0.84 8.30288e-05 0.00150311
0.845 9.69941e-05 0.001495
0.85 8.40285e-05 0.00147811
0.855 7.70979e-05 0.0014989
0.86 7.5929e-05 0.00146092
0.865 7.70923e-05 0.00146489
0.87 7.70037e-05 0.00147799
0.875 7.79578e-05 0.00146899
0.88 8.00545e-05 0.00147799
0.885 7.70491e-05 0.00147604
0.89 7.80069e-05 0.00147604
0.895 7.71102e-05 0.0014801
0.9 8.30137e-05 0.00149709
0.905 9.49352e-05 0.00150204
0.91 7.89968e-05 0.00137289
0.915 7.79692e-05 0.00152205
0.92 6.59991e-05 0.000992957
0.925 6.28958e-05 0.00121695
0.93 9.00233e-05 0.00191295
0.935 9.00815e-05 0.00194601
0.94 9.49544e-05 0.00182311
0.945 6.79914e-05 0.00149404
0.95 7.7053e-05 0.00100604
0.955 7.10615e-05 0.00100606
0.96 6.49446e-05 0.0010029
0.965 6.4934e-05 0.00100489
0.97 6.51086e-05 0.00101007
0.975 6.68924e-05 0.00100694
0.98 6.50602e-05 0.00100402
0.985 6.39501e-05 0.0010071
0.99 6.4032e-05 0.0013289
0.995 7.00972e-05 0.001137
1 8.59798e-05 0.00167696
1.005 0.000234025 0.00161294
1.01 8.69503e-05 0.00159593
1.015 7.90724e-05 0.00158196
1.02 7.8032e-05 0.00160107
1.025 6.69031e-05 0.00102595
1.03 6.80945e-05 0.00101691
1.035 8.59241e-05 0.0016479
1.04 8.39931e-05 0.00156907
1.045 6.80941e-05 0.00103591
1.05 6.70052e-05 0.00107306
1.055 8.49026e-05 0.00153403
1.06 8.41011e-05 0.00152294
1.065 8.70113e-05 0.00150703
1.07 8.39876e-05 0.00152906
1.075 8.20942e-05 0.00107508
1.08 7.20188e-05 0.00102202
1.085 6.70905e-05 0.00101409
1.09 7.60187e-05 0.00148796
1.095 8.99464e-05 0.00108511
1.1 8.10155e-05 0.00146895
1.105 7.99065e-05 0.00149704
1.11 7.79749e-05 0.00146501
1.115 7.50987e-05 0.001472
1.12 7.39717e-05 0.00146106
1.125 7.90876e-05 0.00108798
1.13 6.69658e-05 0.00108402
1.135 7.08837e-05 0.00116107
1.14 8.28918e-05 0.00106997
1.145 6.69338e-05 0.00114698
1.15 6.99746e-05 0.00129612
1.155 8.09235e-05 0.00149391
1.16 8.29949e-05 0.00159003
1.165 7.90553e-05 0.00136595
1.17 8.10234e-05 0.00149396
1.175 7.50398e-05 0.00107398
1.18 6.39136e-05 0.00100002
1.185 7.80555e-05 0.00120209
1.19 8.00828e-05 0.00121402
1.195 8.7918e-05 0.00203394
1.2 9.79466e-05 0.00159696
1.205 8.4957e-05 0.00146189
1.21 8.10808e-05 0.00144006
1.215 6.59865e-05 0.000997991
1.22 6.51169e-05 0.00103207
1.225 8.39388e-05 0.00148206
1.23 8.09021e-05 0.00155608
1.235 7.80483e-05 0.00156009
1.24 7.79708e-05 0.00155501
1.245 7.60787e-05 0.00164702
1.25 6.49508e-05 0.0010021
1.255 6.39625e-05 0.000998066
1.26 6.40828e-05 0.00128795
1.265 6.60601e-05 0.00100102
1.27 6.39093e-05 0.00101001
1.275 7.10636e-05 0.00103001
1.28 6.40233e-05 0.00102994
1.285 6.60542e-05 0.00100701
1.29 6.60695e-05 0.00115703
1.295 0.000128073 0.00190004
1.3 7.89808e-05 0.00162606
1.305 7.80986e-05 0.0015589
1.31 7.70212e-05 0.00160406
1.315 7.90939e-05 0.00136599
1.32 9.20823e-05 0.00163505
1.325 6.90352e-05 0.00106289
1.33 7.70389e-05 0.00103203
1.335 7.59511e-05 0.00102894
1.34 7.1103e-05 0.00103905
1.345 6.90252e-05 0.00101788
1.35 6.70529e-05 0.0010251
1.355 6.59607e-05 0.00103892
1.36 6.60811e-05 0.00103509
1.365 6.80556e-05 0.00101811
1.37 6.59839e-05 0.00139894
1.375 6.99859e-05 0.00102489
1.38 6.79928e-05 0.00105504
1.385 6.78939e-05 0.00103499
1.39 6.80605e-05 0.00105692
1.395 7.69795e-05 0.00103702
1.4 6.89473e-05 0.00106204
1.405 8.19647e-05 0.00146895
1.41 8.50669e-05 0.001541
1.415 7.00728e-05 0.00105398
1.42 0.000164044 0.00160006
1.425 9.11064e-05 0.00142408
1.43 8.70789e-05 0.00141306
1.435 6.80718e-05 0.00101993
1.44 6.59345e-05 0.00106489
1.445 6.60128e-05 0.00101797
1.45 8.40214e-05 0.0011981
1.455 6.69968e-05 0.001682
1.46 0.000133914 0.00142192
1.465 8.30238e-05 0.0013671
1.47 6.90877e-05 0.00103095
1.475 6.78961e-05 0.00102299
1.48 6.89565e-05 0.00116805
1.485 8.99826e-05 0.0015031
1.49 8.10442e-05 0.00161698
1.495 8.09494e-05 0.00177693
1.5 7.70964e-05 0.0014889
1.505 7.59411e-05 0.00148789
1.51 7.60321e-05 0.00148698
1.515 7.60701e-05 0.00159001
1.52 7.711e-05 0.0014881
1.525 7.60022e-05 0.00150095
1.53 8.09155e-05 0.0014989
1.535 8.4116e-05 0.00149895
1.54 8.29726e-05 0.00160205
1.545 7.7965e-05 0.00149205
1.55 7.68831e-05 0.00149392
1.555 8.00645e-05 0.001501
1.56 7.78888e-05 0.00152697
1.565 7.69695e-05 0.00158001
1.57 7.20996e-05 0.0010461
1.575 8.99313e-05 0.00141209
1.58 8.59452e-05 0.00137511
1.585 7.49269e-05 0.00154906
1.59 8.39788e-05 0.0016391
1.595 8.10625e-05 0.00162405
1.6 8.58945e-05 0.00162711
1.605 8.48856e-05 0.00148101
1.61 7.50398e-05 0.00104298
1.615 7.09137e-05 0.0010481
1.62 7.00916e-05 0.00124604
1.625 7.30249e-05 0.00103707
1.63 6.89464e-05 0.00104404
1.635 6.90599e-05 0.00108292
1.64 8.00284e-05 0.00110497
1.645 7.00266e-05 0.00121993
1.65 7.00742e-05 0.00139098
1.655 7.49755e-05 0.00105792
1.66 6.79094e-05 0.00103701
1.665 6.80761e-05 0.00104193
1.67 6.89512e-05 0.00104705
1.675 9.51167e-05 0.00203399
1.68 0.000101912 0.00145392
1.685 7.50634e-05 0.00107496
1.69 7.00421e-05 0.00105595
1.695 6.88833e-05 0.00103698
1.7 6.91031e-05 0.00155596
1.705 8.49473e-05 0.00123712
1.71 7.0901e-05 0.00131809
1.715 8.79348e-05 0.00152596
1.72 7.00065e-05 0.00104191
1.725 6.90138e-05 0.00111611
1.73 8.49033e-05 0.00118607
1.735 7.11171e-05 0.00104407
1.74 7.08927e-05 0.00105908
1.745 9.69643e-05 0.00205697
1.75 0.000102882 0.00147989
1.755 8.01163e-05 0.00150701
1.76 8.89247e-05 0.00201399
1.765 9.69516e-05 0.00165596
1.77 8.89348e-05 0.00165705
1.775 8.59452e-05 0.00165092
1.78 8.59364e-05 0.00166211
1.785 8.60858e-05 0.00163606
1.79 9.58904e-05 0.00170205
1.795 9.30505e-05 0.00135107
1.8 7.39698e-05 0.00108606
1.805 7.39068e-05 0.00107604
1.81 7.60711e-05 0.00108002
1.815 8.99247e-05 0.00107809
1.82 7.3029e-05 0.00107912
1.825 7.40773e-05 0.00107893
1.83 7.69309e-05 0.00108192
1.835 7.20624e-05 0.00107311
1.84 7.18832e-05 0.00105888
1.845 7.20505e-05 0.00106005
1.85 7.09911e-05 0.00105299
1.855 7.09781e-05 0.00106698
1.86 7.18982e-05 0.0010619
1.865 7.10465e-05 0.001085
1.87 7.29632e-05 0.00109701
1.875 7.79476e-05 0.00110598
1.88 7.50509e-05 0.00107
1.885 8.9902e-05 0.00118002
1.89 0.000108067 0.00209606
1.895 0.000105092 0.001515
1.9 7.39886e-05 0.00202508
1.905 7.59461e-05 0.00105694
1.91 7.21047e-05 0.00106291
1.915 7.19719e-05 0.00107597
1.92 7.1978e-05 0.00104898
1.925 7.0939e-05 0.00103189
1.93 6.99124e-05 0.00105606
1.935 7.20946e-05 0.00105909
1.94 7.08826e-05 0.00107207
1.945 7.09011e-05 0.00109609
1.95 8.99555e-05 0.00152712
1.955 8.19546e-05 0.00105198
1.96 7.69596e-05 0.001043
1.965 7.1986e-05 0.00107398
1.97 6.99322e-05 0.00108088
1.975 7.29315e-05 0.00132498
1.98 7.50151e-05 0.00108891
1.985 7.40798e-05 0.00107498
1.99 7.10792e-05 0.00107603
1.995 7.20429e-05 0.00104504
2 7.10435e-05 0.00139699
2.005 8.39944e-05 0.00160907
2.01 9.09148e-05 0.00142808
2.015 7.60534e-05 0.001049
2.02 7.50115e-05 0.00104196
2.025 7.10448e-05 0.001052
2.03 7.30453e-05 0.00107509
2.035 7.20051e-05 0.001061
2.04 7.29117e-05 0.001553
2.045 9.41178e-05 0.00165494
2.05 8.9909e-05 0.00164303
2.055 8.90527e-05 0.00151593
2.06 7.49832e-05 0.00106193
2.065 9.09494e-05 0.00115711
2.07 8.00828e-05 0.00162497
2.075 9.59134e-05 0.00165912
2.08 9.00164e-05 0.00164194
2.085 8.80935e-05 0.00168112
2.09 8.71107e-05 0.00132109
2.095 8.51072e-05 0.00167104
2.1 8.9036e-05 0.00170111
2.105 9.09254e-05 0.00177009
2.11 9.19105e-05 0.00118193
2.115 7.90564e-05 0.0011249
2.12 7.70336e-05 0.00117202
2.125 7.39442e-05 0.00130103
2.13 9.09938e-05 0.00191192
2.135 0.000102941 0.00188394
2.14 9.90032e-05 0.00187106
2.145 0.000102892 0.00192594
2.15 7.80693e-05 0.00108311
2.155 9.10934e-05 0.00152002
2.16 9.18849e-05 0.0015059
2.165 8.89739e-05 0.00155204
2.17 8.49675e-05 0.0015519
2.175 8.89598e-05 0.00154603
2.18 9.20257e-05 0.001716
2.185 9.29929e-05 0.00157706
2.19 9.40496e-05 0.00158892
2.195 0.000102986 0.00170104
2.2 9.70791e-05 0.00168209
2.205 9.00679e-05 0.00168299
2.21 9.40579e-05 0.00158593
2.215 9.50535e-05 0.00156597
2.22 0.000103006 0.00221606
2.225 0.0001149 0.00161103
2.23 9.99678e-05 0.00166312
2.235 9.39306e-05 0.00158204
2.24 8.79038e-05 0.00157093
2.245 8.80297e-05 0.00158405
2.25 8.59876e-05 0.00165896
2.255 8.80703e-05 0.0015729
2.26 8.59452e-05 0.00164592
2.265 0.000287885 0.00158511
2.27 0.000104104 0.00115796
2.275 8.99729e-05 0.00158909
2.28 7.8024e-05 0.00108211
2.285 7.69497e-05 0.00126694
2.29 7.60348e-05 0.00109998
2.295 7.30465e-05 0.0011059
2.3 7.40978e-05 0.00139995
2.305 0.000100017 0.00137188
2.31 7.69253e-05 0.00112092
2.315 9.59864e-05 0.0014929
2.32 7.99529e-05 0.00153308
2.325 0.000127116 0.00119604
2.33 8.30751e-05 0.00133411
2.335 8.60556e-05 0.00120499
2.34 9.29359e-05 0.00123795
2.345 7.69756e-05 0.00116097
2.35 8.10515e-05 0.00121999
2.355 7.78855e-05 0.00109992
2.36 7.5904e-05 0.00109709
2.365 7.5015e-05 0.00110491
2.37 7.60132e-05 0.00109196
2.375 7.507e-05 0.00109901
2.38 7.80149e-05 0.00112505
2.385 7.9041e-05 0.00110193
2.39 7.60322e-05 0.00157798
2.395 0.000101899 0.00160209
2.4 9.49053e-05 0.00157606
2.405 7.90186e-05 0.00110391
2.41 7.49242e-05 0.00111106
2.415 7.39754e-05 0.00111811
2.42 7.51124e-05 0.00109106
2.425 7.51065e-05 0.00118705
2.43 7.70096e-05 0.001178
2.435 7.61115e-05 0.00111906
2.44 7.6062e-05 0.00118401
2.445 9.99379e-05 0.00121504
2.45 7.70011e-05 0.00111599
2.455 8.39257e-05 0.00118405
2.46 8.10401e-05 0.00109798
2.465 7.89455e-05 0.00110303
2.47 7.49315e-05 0.00114807
2.475 9.19711e-05 0.00143694
2.48 8.00091e-05 0.0011009
2.485 0.000103974 0.00169607
2.49 9.60866e-05 0.001642
2.495 9.6063e-05 0.00166703
2.5 9.28937e-05 0.00168791
2.505 9.79567e-05 0.00164197
2.51 9.79591e-05 0.00166097
2.515 9.19886e-05 0.00164896
2.52 9.39132e-05 0.00171998
2.525 8.09019e-05 0.00161208
2.53 0.000106099 0.00168305
2.535 8.59294e-05 0.00113691
2.54 7.81117e-05 0.00114896
2.545 7.81018e-05 0.0011509
2.55 7.79924e-05 0.00114403
2.555 7.69825e-05 0.00114402
2.56 8.19454e-05 0.00170393
2.565 9.90109e-05 0.00156507
2.57 8.68874e-05 0.0011541
2.575 7.59091e-05 0.0011329
2.58 7.71116e-05 0.0011471
2.585 7.69956e-05 0.00113099
2.59 7.80128e-05 0.00113205
2.595 7.80309e-05 0.00117907
2.6 7.71056e-05 0.0011331
2.605 9.90761e-05 0.00117589
2.61 7.69836e-05 0.00113997
2.615 7.89205e-05 0.00124605
2.62 0.000103115 0.00125412
2.625 8.81044e-05 0.00117789
2.63 8.30817e-05 0.00161911
2.635 0.000111077 0.00116497
2.64 8.40774e-05 0.00114292
2.645 8.00255e-05 0.00114096
2.65 8.0002e-05 0.00113989
2.655 7.907e-05 0.00118491
2.66 7.79922e-05 0.00114303
2.665 7.58964e-05 0.00111308
2.67 7.61114e-05 0.00112306
2.675 7.50619e-05 0.00111501
2.68 7.61064e-05 0.00110905
2.685 8.50909e-05 0.00113298
2.69 7.59624e-05 0.00119195
2.695 7.80516e-05 0.00119609
2.7 8.20572e-05 0.00112804
2.705 8.09727e-05 0.00113996
2.71 8.19548e-05 0.00119694
2.715 8.60067e-05 0.00150598
2.72 8.01157e-05 0.00116401
2.725 7.71096e-05 0.0011121
2.73 7.49156e-05 0.0012171
2.735 9.59552e-05 0.00238992
2.74 9.59946e-05 0.00193791
2.745 9.10595e-05 0.00124998
2.75 8.39437e-05 0.00114507
2.755 7.60129e-05 0.001113
2.76 7.60178e-05 0.00112796
2.765 8.09955e-05 0.00112693
2.77 7.60048e-05 0.00123695
2.775 7.79612e-05 0.001131
2.78 8.80712e-05 0.0011119
2.785 7.71021e-05 0.00111909
2.79 7.69396e-05 0.00114493
2.795 7.59313e-05 0.00113892
2.8 7.59881e-05 0.00117198
2.805 7.88979e-05 0.00114698
2.81 0.000107927 0.00180992
2.815 0.00010193 0.00136393
2.82 9.79003e-05 0.00116696
2.825 9.49579e-05 0.00134307
2.83 0.000108996 0.00130808
2.835 8.20893e-05 0.00139207
2.84 8.11161e-05 0.00113605
2.845 7.69796e-05 0.00114097
2.85 9.69754e-05 0.00171399
2.855 9.89629e-05 0.00161002
2.86 7.90628e-05 0.00116895
2.865 7.91184e-05 0.00114596
2.87 7.80326e-05 0.00118207
2.875 8.61005e-05 0.00168503
2.88 8.69911e-05 0.00117201
2.885 8.51054e-05 0.00116799
2.89 0.000102092 0.0016721
2.895 9.60073e-05 0.00166492
2.9 9.30311e-05 0.00171905
2.905 9.39013e-05 0.00169401
2.91 8.38913e-05 0.00168997
2.915 8.09735e-05 0.00121191
2.92 8.1107e-05 0.00118704
2.925 9.89984e-05 0.00173005
2.93 0.000108051 0.00140009
2.935 8.59607e-05 0.00145694
2.94 8.09184e-05 0.0011899
2.945 8.28833e-05 0.00143496
2.95 9.99924e-05 0.0015659
2.955 8.41046e-05 0.00117394
2.96 8.502e-05 0.0011699
2.965 8.20948e-05 0.00122189
2.97 8.20553e-05 0.00116209
2.975 8.40233e-05 0.00116891
2.98 0.000122984 0.00221901
2.985 0.00013202 0.00151994
2.99 9.69665e-05 0.00125693
2.995 8.89191e-05 0.00135799
3 8.3112e-05 0.00132795
3.005 8.29287e-05 0.00131396
3.01 8.80302e-05 0.0012831
3.015 8.49531e-05 0.00135708
3.02 8.61133e-05 0.00126309
3.025 0.000104892 0.00135303
3.03 8.70867e-05 0.00136006
3.035 0.000169099 0.00161106
3.04 0.000127104 0.00225807
3.045 0.000100071 0.00126198
3.05 9.00937e-05 0.00123197
3.055 8.4079e-05 0.00125092
3.06 8.50706e-05 0.00125296
3.065 9.29767e-05 0.00128699
3.07 8.49281e-05 0.00125105
3.075 8.40852e-05 0.00122992
3.08 8.39382e-05 0.00145301
3.085 0.00010207 0.00171707
3.09 8.9046e-05 0.00123192
3.095 8.39466e-05 0.00122602
3.1 0.00010194 0.0016069
3.105 9.50879e-05 0.00130196
3.11 8.39726e-05 0.0013061
3.115 8.40493e-05 0.00124093
3.12 8.48901e-05 0.00125201
3.125 8.49857e-05 0.00163892
3.13 0.000108904 0.00186495
3.135 0.000100956 0.00197391
3.14 9.60893e-05 0.00124001
3.145 8.80746e-05 0.0012481
3.15 8.58813e-05 0.0014611
3.155 0.000117976 0.001871
3.16 0.000112047 0.00181204
3.165 9.00122e-05 0.00123889
3.17 8.29117e-05 0.00123894
3.175 8.20643e-05 0.00123809
3.18 8.68915e-05 0.00124191
3.185 8.69657e-05 0.00136094
3.19 0.000123997 0.00143502
3.195 0.000132978 0.00229599
3.2 0.000104905 0.00126305
3.205 8.6101e-05 0.00125603
3.21 8.40344e-05 0.00126811
3.215 8.80648e-05 0.00124609
3.22 8.69044e-05 0.00125093
3.225 9.51065e-05 0.00130402
3.23 8.79248e-05 0.00124699
3.235 9.31065e-05 0.00125388
3.24 8.8966e-05 0.00128008
3.245 0.000185118 0.00168191
3.25 0.000168037 0.00222
3.255 0.000111953 0.00168594
3.26 8.89131e-05 0.00128698
3.265 8.59558e-05 0.00131693
3.27 8.69184e-05 0.0012859
3.275 8.59081e-05 0.00127808
3.28 8.60119e-05 0.00127994
3.285 8.59102e-05 0.00127689
3.29 8.61019e-05 0.00127903
3.295 8.68926e-05 0.00131592
3.3 8.89355e-05 0.00127801
3.305 8.90641e-05 0.0014349
3.31 8.80817e-05 0.00147391
3.315 0.000119918 0.00221504
3.32 9.19781e-05 0.00196995
3.325 9.11042e-05 0.00128503
3.33 8.90599e-05 0.00127789
3.335 8.6939e-05 0.00129792
3.34 9.89491e-05 0.00164401
3.345 0.000134998 0.00258805
3.35 0.00014795 0.00253394
3.355 0.000133038 0.001437
3.36 8.89034e-05 0.00129197
3.365 8.59146e-05 0.00128189
3.37 0.000103111 0.00127711
3.375 8.70161e-05 0.00127104
3.38 8.49224e-05 0.00129705
3.385 8.79132e-05 0.00128494
3.39 8.4998e-05 0.00127193
3.395 8.59043e-05 0.00129688
3.4 8.81039e-05 0.00130894
3.405 8.7001e-05 0.00147898
3.41 0.000125068 0.0024649
3.415 9.29908e-05 0.00128701
3.42 8.60348e-05 0.00130601
3.425 9.0925e-05 0.0013259
3.43 9.30129e-05 0.00130303
3.435 8.90692e-05 0.0012759
3.44 8.99483e-05 0.00127806
3.445 8.60658e-05 0.00128104
3.45 8.59053e-05 0.00128588
3.455 8.61087e-05 0.00151909
3.46 0.000105992 0.00176294
3.465 8.99788e-05 0.0012771
3.47 8.60431e-05 0.00128802
3.475 8.69705e-05 0.00128995
3.48 8.59355e-05 0.0012871
3.485 9.49048e-05 0.00128001
3.49 8.81081e-05 0.00137889
3.495 8.80366e-05 0.00131911
3.5 9.79472e-05 0.00129996
3.505 8.81166e-05 0.0013189
3.51 8.99074e-05 0.00131602
3.515 9.29885e-05 0.00154505
3.52 0.000113917 0.001788
3.525 9.99545e-05 0.00131406
3.53 9.00029e-05 0.00129512
3.535 8.70536e-05 0.00127303
3.54 8.60853e-05 0.00140206
3.545 9.10577e-05 0.00127598
3.55 8.89492e-05 0.00125702
3.555 8.40474e-05 0.00122789
3.56 8.21075e-05 0.0012259
3.565 8.31075e-05 0.0012469
3.57 8.81064e-05 0.00127294
3.575 9.19503e-05 0.00124397
3.58 9.1097e-05 0.00124902
3.585 0.000107976 0.00191302
3.59 0.000107922 0.00179797
3.595 8.50657e-05 0.00123395
3.6 8.29255e-05 0.00123196
3.605 8.30319e-05 0.00122906
3.61 8.30919e-05 0.00162488
3.615 0.000105925 0.00189507
3.62 0.00010702 0.00191102
3.625 0.000115932 0.00126006
3.63 8.98971e-05 0.00123301
3.635 8.10473e-05 0.00129903
3.64 8.19798e-05 0.00135801
3.645 0.000100059 0.00142697
3.65 9.69507e-05 0.00129591
3.655 8.41189e-05 0.00123196
3.66 8.19843e-05 0.00122697
3.665 8.10963e-05 0.00122503
3.67 8.60364e-05 0.00124497
3.675 8.9902e-05 0.00124306
3.68 8.59471e-05 0.00125592
3.685 8.49311e-05 0.0017761
3.69 0.000112001 0.00125999
3.695 8.69711e-05 0.00121999
3.7 8.08921e-05 0.00121207
3.705 8.10584e-05 0.00121
3.71 8.69794e-05 0.001308
3.715 8.3003e-05 0.00139508
3.72 0.000108025 0.00123207
3.725 8.21032e-05 0.0012119
3.73 8.2892e-05 0.00154997
3.735 0.000112071 0.00186506
3.74 0.00011011 0.00177996
3.745 0.00016006 0.00174708
3.75 9.90578e-05 0.00174692
3.755 9.91053e-05 0.00177392
3.76 9.80657e-05 0.00176488
3.765 9.99854e-05 0.00177809
3.77 9.69829e-05 0.00172199
3.775 9.80101e-05 0.00177202
3.78 9.30564e-05 0.00173688
3.785 9.5958e-05 0.00146111
3.79 0.000100895 0.00144109
3.795 9.31114e-05 0.00124194
3.8 8.60899e-05 0.00125402
3.805 0.00019295 0.00193912
3.81 8.18897e-05 0.00120711
3.815 0.000193112 0.00172499
3.82 0.000104003 0.0015071
3.825 0.000111923 0.00236991
3.83 0.000128026 0.00256704
3.835 0.000132026 0.00234494
3.84 0.000112054 0.00130804
3.845 9.10409e-05 0.00133596
3.85 8.19773e-05 0.00120201
3.855 8.00713e-05 0.00132901
3.86 9.19943e-05 0.00145096
3.865 8.50391e-05 0.00121192
3.87 8.19996e-05 0.00120898
3.875 8.49465e-05 0.00215412
3.88 8.91006e-05 0.00121098
3.885 8.10283e-05 0.00142397
3.89 8.19737e-05 0.00170496
3.895 0.000102945 0.00176995
3.9 9.69081e-05 0.00185592
3.905 9.61113e-05 0.00176907
3.91 0.000113921 0.001865
3.915 0.000103903 0.00158795
3.92 0.000100982 0.00185294
3.925 0.000104 0.00169305
3.93 0.000103902 0.001534
3.935 0.000107948 0.00175794
3.94 0.000119026 0.0020651
3.945 0.000110067 0.00245692
3.95 0.00013396 0.00199597
3.955 0.000110981 0.00203412
3.96 8.40785e-05 0.00121992
3.965 8.29656e-05 0.00144
3.97 8.40363e-05 0.00121092
3.975 8.29177e-05 0.00123495
3.98 8.29562e-05 0.00122699
3.985 0.000105 0.0018329
3.99 0.00010694 0.00176789
3.995 9.29238e-05 0.00178299
4 8.4928e-05 0.0013221
4.005 0.000109067 0.00186111
4.01 0.000114015 0.0014521
4.015 0.000109058 0.0020231
4.02 0.000105889 0.00190303
4.025 9.00372e-05 0.00142392
4.03 8.8935e-05 0.001283
4.035 8.49327e-05 0.00125606
4.04 8.39742e-05 0.00132005
4.045 0.000113095 0.00154189
4.05 0.000105997 0.0013329
4.055 8.40573e-05 0.0013219
4.06 9.00606e-05 0.00127498
4.065 8.31182e-05 0.00132491
4.07 8.28898e-05 0.00187992
4.075 0.000109032 0.00141788
4.08 0.000106037 0.00196894
4.085 0.000105052 0.00197496
4.09 0.000115036 0.00196293
4.095 0.000112987 0.00195498
4.1 0.000102097 0.0012871
4.105 9.60772e-05 0.00128204
4.11 8.80805e-05 0.00125391
4.115 8.59787e-05 0.00127391
4.12 8.30566e-05 0.00125209
4.125 8.30691e-05 0.0012721
4.13 8.40544e-05 0.00125789
4.135 8.30137e-05 0.00138309
4.14 0.000119999 0.00164207
4.145 0.000102962 0.00137101
4.15 8.40297e-05 0.00127911
4.155 8.18896e-05 0.00131611
4.16 0.000108972 0.00193401
4.165 0.000106005 0.00196396
4.17 0.00011603 0.00193597
4.175 9.20087e-05 0.00186103
4.18 0.00010791 0.00205095
4.185 0.000105038 0.00172594
4.19 0.000108995 0.00157608
4.195 0.000109078 0.00157088
4.2 0.000107959 0.001718
4.205 0.00010802 0.00168106
4.21 8.59963e-05 0.00180197
4.215 0.000127911 0.00130412
4.22 8.80307e-05 0.0012341
4.225 0.000107015 0.00196001
4.23 0.000121091 0.00225597
4.235 0.000119104 0.00153394
4.24 8.70444e-05 0.00124302
4.245 8.19711e-05 0.001248
4.25 8.19495e-05 0.00122998
4.255 8.1049e-05 0.00124299
4.26 8.59157e-05 0.00126889
4.265 8.38998e-05 0.00149698
4.27 0.000103987 0.00161204
4.275 8.3889e-05 0.00176397
4.28 8.39748e-05 0.0012041
4.285 7.9976e-05 0.00142611
4.29 0.000104104 0.00182896
4.295 9.89549e-05 0.00168106
4.3 9.6079e-05 0.001766
4.305 9.79592e-05 0.00176802
4.31 9.59543e-05 0.00171011
4.315 9.60085e-05 0.00169897
4.32 8.09591e-05 0.00120394
4.325 8.10394e-05 0.00120598
4.33 8.1974e-05 0.001715
4.335 0.00010802 0.00190002
4.34 0.000103981 0.00189108
4.345 0.000101922 0.00125312
4.35 0.000116106 0.00181104
4.355 0.000110029 0.00184693
4.36 0.000110911 0.00169509
4.365 8.20522e-05 0.00147804
4.37 0.000116087 0.00242902
4.375 0.000131082 0.001347
4.38 9.49915e-05 0.0014561
4.385 8.38825e-05 0.00118396
4.39 7.89808e-05 0.00118511
4.395 8.80708e-05 0.00120509
4.4 7.91079e-05 0.001232
4.405 8.20413e-05 0.00118803
4.41 7.79771e-05 0.00119001
4.415 8.30044e-05 0.00131408
4.42 8.81002e-05 0.00165189
4.425 8.29716e-05 0.00119405
4.43 8.1105e-05 0.00139504
4.435 0.000115056 0.0018429
4.44 8.39935e-05 0.00118307
4.445 7.79282e-05 0.00117797
4.45 7.99171e-05 0.00120305
4.455 7.80178e-05 0.0011831
4.46 8.51081e-05 0.00213104
4.465 0.00013403 0.00190909
4.47 9.29378e-05 0.001183
4.475 7.81177e-05 0.00117996
4.48 7.8119e-05 0.00118396
4.485 7.89553e-05 0.00119104
4.49 7.8977e-05 0.00120706
4.495 7.90573e-05 0.0011809
4.5 7.80462e-05 0.00117608
4.505 7.7956e-05 0.00120999
4.51 7.79605e-05 0.001191
4.515 8.19514e-05 0.00117994
4.52 7.90057e-05 0.0017239
4.525 0.000177996 0.00194899
4.53 0.000109119 0.00180792
4.535 9.48862e-05 0.001813
4.54 9.59572e-05 0.00180492
4.545 9.48836e-05 0.00258799
4.55 0.000120023 0.00183291
4.555 0.000100888 0.00180104
4.56 0.00010291 0.00166791
4.565 0.000112913 0.00166995
4.57 0.000103901 0.001632
4.575 9.79317e-05 0.00159094
4.58 7.80439e-05 0.00115589
4.585 7.6973e-05 0.00115501
4.59 7.70026e-05 0.00116104
4.595 0.000116063 0.001291
4.6 7.99856e-05 0.00116292
4.605 7.6988e-05 0.00117898
4.61 9.70988e-05 0.00173911
4.615 9.5901e-05 0.00181806
4.62 9.38862e-05 0.001756
4.625 9.19856e-05 0.00170596
4.63 9.20342e-05 0.001695
4.635 9.00776e-05 0.001634
4.64 9.0975e-05 0.00171295
4.645 8.90441e-05 0.00203892
4.65 7.91159e-05 0.00129901
4.655 7.50931e-05 0.00125099
4.66 9.69359e-05 0.00165295
4.665 0.00010207 0.00140007
4.67 7.68984e-05 0.00147694
4.675 9.50741e-05 0.00171499
4.68 7.90277e-05 0.00140411
4.685 0.00010198 0.00137698
4.69 9.80844e-05 0.0012449
4.695 8.09364e-05 0.00114811
4.7 7.59524e-05 0.0011389
4.705 7.40216e-05 0.00114311
4.71 7.40308e-05 0.00113888
4.715 7.39679e-05 0.00133806
4.72 9.79584e-05 0.00180401
4.725 9.89886e-05 0.00175809
4.73 0.000102882 0.00220493
4.735 0.000113104 0.0011839
4.74 7.3905e-05 0.00117104
4.745 7.49906e-05 0.00128389
4.75 8.90142e-05 0.00126289
4.755 7.91044e-05 0.00156195
4.76 7.69671e-05 0.001274
4.765 7.89264e-05 0.00124401
4.77 8.49525e-05 0.00135788
4.775 9.30071e-05 0.00167707
4.78 0.000107067 0.00148306
4.785 9.99512e-05 0.0020851
4.79 8.50386e-05 0.00143392
4.795 0.000106022 0.00157997
4.8 0.000114091 0.00167289
4.805 0.000110071 0.00153997
4.81 0.00010099 0.00168095
4.815 0.000106991 0.00170299
4.82 9.69637e-05 0.00173597
4.825 9.20403e-05 0.00166606
4.83 9.19581e-05 0.00169693
4.835 0.000100036 0.00167695
4.84 9.10047e-05 0.00167093
4.845 9.79267e-05 0.00168698
4.85 9.70329e-05 0.00167
4.855 9.11155e-05 0.00167709
4.86 8.89937e-05 0.00172911
4.865 9.0101e-05 0.00187498
4.87 8.90227e-05 0.00129209
4.875 8.79829e-05 0.00126701
4.88 9.29533e-05 0.00131002
4.885 8.09646e-05 0.0011729
4.89 9.90235e-05 0.00140108
4.895 7.70423e-05 0.00115503
4.9 7.49126e-05 0.00115405
4.905 7.39354e-05 0.00117603
4.91 7.49311e-05 0.00115707
4.915 7.60071e-05 0.00115795
4.92 8.60908e-05 0.00168002
4.925 0.00010204 0.001264
4.93 9.20839e-05 0.0012381
4.935 0.000100007 0.00124411
4.94 7.89842e-05 0.00117511
4.945 7.78997e-05 0.00122994
4.95 7.90319e-05 0.00121012
4.955 8.40975e-05 0.00119098
4.96 7.60061e-05 0.001182
4.965 0.000105988 0.00123389
4.97 7.99859e-05 0.00117592
4.975 7.59884e-05 0.00139793
4.98 0.000101908 0.00179691
4.985 0.000102093 0.0017481
4.99 9.49794e-05 0.00242109
4.995 9.70165e-05 0.00178098
5 0.000102074 0.00179303
5.005 0.000104071 0.00177693
5.01 9.91097e-05 0.00182293
5.015 9.90473e-05 0.00180591
5.02 9.80789e-05 0.00182409
5.025 9.59318e-05 0.00185009
5.03 0.000104068 0.00188993
5.035 0.00010101 0.00185697
5.04 0.000105111 0.00184701
5.045 0.000100114 0.00184902
5.05 0.000156997 0.00184712
5.055 0.00010105 0.00184896
5.06 0.000101093 0.001843
5.065 0.00010101 0.00170592
5.07 8.60263e-05 0.00207396
5.075 0.000125897 0.00248601
5.08 0.000140899 0.00219199
5.085 9.48887e-05 0.00125804
5.09 0.000118116 0.00135691
5.095 8.79898e-05 0.00126306
5.1 8.40215e-05 0.0013011
5.105 8.50642e-05 0.00127895
5.11 8.40428e-05 0.00127193
5.115 8.30212e-05 0.00131205
5.12 8.40449e-05 0.00127588
5.125 8.50153e-05 0.0012859
5.13 8.59507e-05 0.00136293
5.135 0.000112964 0.00194595
5.14 0.000127972 0.00180294
5.145 8.98974e-05 0.00129501
5.15 8.38883e-05 0.00129597
5.155 8.40317e-05 0.00129411
5.16 8.58973e-05 0.00127511
5.165 0.000109001 0.00197009
5.17 0.000111019 0.00201492
5.175 0.000114073 0.00199111
5.18 0.000120059 0.00194094
5.185 0.000123025 0.00145005
5.19 0.000111955 0.0017109
5.195 0.000109055 0.00181391
5.2 8.60605e-05 0.00181299
5.205 0.000110064 0.00178196
5.21 9.69254e-05 0.00183189
5.215 0.00011302 0.00185906
5.22 9.292e-05 0.00254898
5.225 0.000140954 0.0026321
5.23 9.50333e-05 0.00131095
5.235 9.19371e-05 0.00130995
5.24 8.60071e-05 0.00129898
5.245 8.49449e-05 0.00131711
5.25 9.80148e-05 0.00143302
5.255 9.10935e-05 0.00148306
5.26 0.000115997 0.00193989
5.265 0.000120908 0.00219408
5.27 9.60154e-05 0.00143898
5.275 0.000125949 0.00204911
5.28 0.000111945 0.00196089
5.285 0.000107997 0.00196104
5.29 0.000104928 0.00192907
5.295 0.00010508 0.00195998
5.3 0.000105027 0.00199093
5.305 0.000110118 0.00200197
5.31 0.000106947 0.0019939
5.315 0.000115048 0.00198989
5.32 0.00010494 0.00193904
5.325 0.000106065 0.00191801
5.33 0.000106893 0.00198789
5.335 0.000118949 0.00199902
5.34 0.000121113 0.001971
5.345 0.000129963 0.00190102
5.35 0.000104075 0.00134993
5.355 9.19574e-05 0.00133593
5.36 0.000104934 0.00201608
5.365 0.000135 0.0019921
5.37 0.000118003 0.00195903
5.375 0.000108035 0.00196203
5.38 0.000109047 0.00196409
5.385 0.000110997 0.00195694
5.39 0.000110103 0.001966
5.395 8.79169e-05 0.00133094
5.4 8.79065e-05 0.00134393
5.405 8.78894e-05 0.00133791
5.41 9.60372e-05 0.001364
5.415 8.89194e-05 0.00134399
5.42 8.79881e-05 0.00143101
5.425 0.000122044 0.00249197
5.43 0.000128882 0.0020469
5.435 9.91068e-05 0.00133997
5.44 9.09291e-05 0.0013379
5.445 8.9991e-05 0.00140111
5.45 0.000123948 0.00188902
5.455 0.000151104 0.00181499
5.46 0.000102992 0.00165999
5.465 0.000116925 0.00178391
5.47 0.000113063 0.0013971
5.475 0.000110087 0.00168594
5.48 0.000102049 0.00141405
5.485 9.60454e-05 0.00133796
5.49 8.80407e-05 0.00151406
5.495 0.000105991 0.00185589
5.5 0.000104947 0.00150304
5.505 8.79471e-05 0.00134302
5.51 8.79684e-05 0.00134504
5.515 8.70563e-05 0.00135508
5.52 8.69985e-05 0.00150498
5.525 9.09017e-05 0.00136106
5.53 0.000112003 0.00216599
5.535 0.000115104 0.00200699
5.54 0.000113962 0.00202204
5.545 9.69534e-05 0.00192692
5.55 9.39233e-05 0.00143103
5.555 8.99162e-05 0.00142503
5.56 9.00548e-05 0.00138893
5.565 9.10816e-05 0.00140801
5.57 0.000102055 0.00196801
5.575 0.000150956 0.00322608
5.58 0.000142936 0.00168993
5.585 0.000132074 0.00184199
5.59 0.000126984 0.00200295
5.595 0.000137959 0.00194296
5.6 0.000123962 0.00188103
5.605 9.29828e-05 0.001402
5.61 9.30096e-05 0.00142403
5.615 0.000104008 0.00142106
5.62 9.49138e-05 0.00141707
5.625 9.19134e-05 0.00140788
5.63 9.20948e-05 0.00140907
5.635 0.000105045 0.00139995
5.64 9.10652e-05 0.00141999
5.645 9.0031e-05 0.00136691
5.65 8.90725e-05 0.0019209
5.655 9.40089e-05 0.00137612
5.66 8.99702e-05 0.00136809
5.665 8.99587e-05 0.00137507
5.67 9.39411e-05 0.00147705
5.675 9.10242e-05 0.00138695
5.68 9.50473e-05 0.00136692
5.685 9.30278e-05 0.00211009
5.69 0.000122039 0.00212402
5.695 0.000117019 0.00212996
5.7 0.000116911 0.00209589
5.705 0.000112111 0.00168105
5.71 9.40808e-05 0.00134191
5.715 8.99698e-05 0.00137509
5.72 8.89095e-05 0.00133698
5.725 8.89918e-05 0.00136906
5.73 8.89304e-05 0.001344
5.735 8.69065e-05 0.00143088
5.74 0.000116067 0.00198396
5.745 0.00010704 0.00203804
5.75 0.000107054 0.00196705
5.755 0.000107063 0.00173301
5.76 0.000106002 0.00148295
5.765 0.000104975 0.00172912
5.77 0.000105034 0.00189589
5.775 0.000117885 0.00197791
5.78 0.000130099 0.00151097
5.785 9.01145e-05 0.00133804
5.79 8.80975e-05 0.00134988
5.795 8.79142e-05 0.00257694
5.8 9.89791e-05 0.00134808
5.805 9.09212e-05 0.00134189
5.81 9.00679e-05 0.00135895
5.815 8.80767e-05 0.0013501
5.82 8.8046e-05 0.00206012
5.825 0.000112085 0.00213203
5.83 0.000116998 0.00210193
5.835 0.000110998 0.00201589
5.84 0.000129077 0.00202809
5.845 9.30389e-05 0.0013451
5.85 8.80206e-05 0.00134209
5.855 8.99435e-05 0.00134606
5.86 8.80056e-05 0.00132503
5.865 8.70483e-05 0.00163803
5.87 0.000116111 0.002099
5.875 0.000124934 0.00201205
5.88 0.000129026 0.00135409
5.885 0.000100918 0.00136211
5.89 9.3945e-05 0.00133005
5.895 8.81064e-05 0.00134189
5.9 8.78904e-05 0.00133591
5.905 8.79727e-05 0.001358
5.91 0.000106961 0.00244496
5.915 0.000114023 0.00179611
5.92 0.000103946 0.001314
5.925 8.79354e-05 0.00198696
5.93 0.000108949 0.00132304
5.935 8.80576e-05 0.00131089
5.94 8.90607e-05 0.00131289
5.945 8.71172e-05 0.00131409
5.95 8.70465e-05 0.00130502
5.955 9.59379e-05 0.0015639
5.96 0.000118064 0.00172205
5.965 9.10389e-05 0.00135601
5.97 8.79144e-05 0.00171594
5.975 9.89957e-05 0.00153105
5.98 0.000122096 0.00193407
5.985 0.000111008 0.00193495
5.99 0.000115941 0.00192812
5.995 0.000110894 0.00193508
6 0.00011006 0.00192296
6.005 0.000111926 0.00192392
6.01 0.000108919 0.00192701
6.015 0.000105064 0.00200892
6.02 0.000113034 0.00193802
6.025 0.000111884 0.00194507
6.03 0.000124017 0.00195909
6.035 0.000106107 0.00192106
6.04 0.000105912 0.00197605
6.045 0.000106108 0.00197806
6.05 8.7086e-05 0.00135006
6.055 8.9088e-05 0.00131397
6.06 8.79606e-05 0.00135698
6.065 9.09059e-05 0.00144007
6.07 0.00012692 0.00225289
6.075 0.000112042 0.00208899
6.08 0.000112977 0.00222497
6.085 0.000114006 0.00219404
6.09 0.000128089 0.00214706
6.095 0.000125013 0.00215808
6.1 0.000116938 0.00212111
6.105 0.000133057 0.00220302
6.11 0.000127888 0.0021041
6.115 0.000108891 0.00160293
6.12 0.000145933 0.00231002
6.125 0.000116973 0.00222891
6.13 0.000117076 0.00218601
6.135 0.000115107 0.002195
6.14 0.000115933 0.00219906
6.145 0.000132011 0.00184197
6.15 9.89069e-05 0.00162601
6.155 0.000119965 0.00183009
6.16 9.48833e-05 0.00144199
6.165 9.10613e-05 0.00139399
6.17 0.000118054 0.00152304
6.175 9.19971e-05 0.00139097
6.18 9.10048e-05 0.00158693
6.185 9.20718e-05 0.00139209
6.19 9.50388e-05 0.00143691
6.195 0.00010395 0.001832
6.2 0.00011897 0.002011
6.205 0.000123071 0.00145009
6.21 9.40465e-05 0.00141511
6.215 9.50369e-05 0.00140395
6.22 0.000124914 0.00276098
6.225 0.000138009 0.00195201
6.23 9.69747e-05 0.00139898
6.235 0.000118021 0.00244505
6.24 0.000113955 0.00163499
6.245 0.000111116 0.00184906
6.25 0.000128092 0.00265106
6.255 0.000106021 0.00174297
6.26 9.49128e-05 0.00139002
6.265 9.10324e-05 0.001463
6.27 9.20104e-05 0.00139403
6.275 8.9984e-05 0.00139391
6.28 9.01171e-05 0.00141199
6.285 8.90648e-05 0.0015359
6.29 0.000109909 0.00200404
6.295 0.000123882 0.00146795
6.3 8.99584e-05 0.00133788
6.305 8.80939e-05 0.00134712
6.31 8.60903e-05 0.00133907
6.315 8.61128e-05 0.00133809
6.32 8.60086e-05 0.00133494
6.325 8.61045e-05 0.00134408
6.33 8.70874e-05 0.00135206
6.335 8.78833e-05 0.00156895
6.34 9.39764e-05 0.00148709
6.345 0.000120953 0.00199988
6.35 0.000126899 0.00198706
6.355 0.000118881 0.00211091
6.36 0.000118018 0.002025
6.365 0.000112961 0.00200995
6.37 0.000120026 0.00197291
6.375 0.000116964 0.00211495
6.38 0.000113054 0.00201009
6.385 0.000108963 0.00202101
6.39 0.000114102 0.0021979
6.395 0.000109101 0.00201495
6.4 0.000109095 0.0020159
6.405 0.000107111 0.00211511
6.41 0.000113997 0.00217808
6.415 0.000115099 0.00200899
6.42 0.000123109 0.00190989
6.425 0.000141898 0.00218708
6.43 0.000127091 0.00202206
6.435 0.000107987 0.00204203
6.44 0.000119088 0.00202012
6.445 0.000112938 0.00219893
6.45 0.000110094 0.00209394
6.455 0.000113977 0.00201201
6.46 0.00010602 0.00210297
6.465 0.0001079 0.0021069
6.47 0.000113907 0.00202094
6.475 0.000106996 0.00202599
6.48 0.000108044 0.00214404
6.485 0.000108016 0.00212901
6.49 0.000107929 0.00201997
6.495 0.000107106 0.0017151
6.5 0.000123043 0.00194607
6.505 0.00011698 0.00201892
6.51 0.00013289 0.00246009
6.515 0.000114117 0.00178991
6.52 9.80091e-05 0.00165802
6.525 9.7077e-05 0.00136104
6.53 8.70575e-05 0.00134103
6.535 8.60934e-05 0.00140907
6.54 8.71135e-05 0.00134509
6.545 0.000103917 0.00182697
6.55 0.000126955 0.00191792
6.555 0.000133074 0.00162804
6.56 0.000114891 0.00171202
6.565 8.80393e-05 0.00135006
6.57 8.58901e-05 0.00133706
6.575 8.59395e-05 0.00137511
6.58 8.70003e-05 0.00170798
6.585 0.000115102 0.00209695
6.59 0.000113917 0.001967
6.595 0.000114962 0.00156804
6.6 9.49877e-05 0.00145491
6.605 0.000132995 0.00143596
6.61 8.7885e-05 0.00134491
6.615 9.09661e-05 0.00133894
6.62 8.39094e-05 0.00188703
6.625 0.000117918 0.00211195
6.63 0.000114116 0.00208796
6.635 0.00011709 0.00211603
6.64 0.000113029 0.00210402
6.645 0.000125089 0.00218997
6.65 0.000135063 0.00229493
6.655 0.000128922 0.00211498
6.66 0.000111009 0.00211091
6.665 0.000108922 0.00208296
6.67 0.000114916 0.002114
6.675 0.000106918 0.00144011
6.68 0.000103042 0.00202109
6.685 0.000577951 0.00185402
6.69 9.10179e-05 0.00131799
6.695 8.896e-05 0.00131308
6.7 8.50763e-05 0.00131396
6.705 9.90524e-05 0.00131711
6.71 8.50285e-05 0.00131791
6.715 8.50984e-05 0.00131303
6.72 8.71064e-05 0.00128089
6.725 8.50317e-05 0.00128292
6.73 8.89943e-05 0.00150611
6.735 0.000101992 0.00133395
6.74 0.000128117 0.00182689
6.745 0.000125892 0.00182701
6.75 9.90855e-05 0.00139195
6.755 9.40784e-05 0.0013739
6.76 9.01176e-05 0.00139004
6.765 8.69319e-05 0.00136591
6.77 8.70309e-05 0.00138401
6.775 0.000110092 0.00199094
6.78 0.000101931 0.00138193
6.785 9.19889e-05 0.00180596
6.79 0.000126058 0.00203793
6.795 0.000112908 0.00210194
6.8 9.00038e-05 0.00136293
6.805 8.89132e-05 0.00136498
6.81 8.7e-05 0.00138502
6.815 9.70886e-05 0.0013911
6.82 8.90759e-05 0.00137295
6.825 8.89377e-05 0.00137105
6.83 9.28978e-05 0.00142491
6.835 0.000121094 0.00192102
6.84 0.000120921 0.00220904
6.845 0.000114958 0.00220709
6.85 0.000118028 0.00233001
6.855 0.000167052 0.00190997
6.86 0.000109898 0.00171799
6.865 0.00012997 0.00192503
6.87 0.000129904 0.00200501
6.875 0.000125992 0.00225011
6.88 0.000141045 0.00219595
6.885 0.000142885 0.00220912
6.89 0.000127912 0.00222088
6.895 0.000121949 0.00192612
6.9 0.000147907 0.0020419
6.905 0.000103106 0.00211811
6.91 0.000124952 0.00172902
6.915 0.000101974 0.00179493
6.92 0.000127071 0.00225404
6.925 0.000182895 0.00231603
6.93 0.000128009 0.00227898
6.935 0.000135041 0.0022769
6.94 0.000131973 0.00225294
6.945 0.00013809 0.00231009
6.95 0.000127 0.00178892
6.955 0.000121981 0.00176991
6.96 0.00016593 0.00234104
6.965 0.000129091 0.00223911
6.97 0.000128921 0.00261294
6.975 0.000136046 0.00265696
6.98 0.000150101 0.0022289
6.985 0.000123898 0.00241597
6.99 0.000123094 0.00229212
6.995 0.000120062 0.00302795
7 0.000127925 0.00235989
7.005 0.000249091 0.00263799
7.01 0.000188075 0.00286196
7.015 0.000125007 0.00228388
7.02 0.000129923 0.00225998
7.025 0.000133016 0.00259398
7.03 0.000162881 0.00233409
7.035 0.000134054 0.00234906
7.04 0.000123005 0.00220198
7.045 0.000126994 0.00248596
7.05 0.000358058 0.00237495
7.055 0.000119901 0.00219602
7.06 0.000119016 0.00219609
7.065 0.000125944 0.00253206
7.07 0.000134107 0.00259292
7.075 0.000119009 0.00262004
7.08 0.000118081 0.00227411
7.085 0.000129912 0.00189202
7.09 0.00012692 0.00186708
7.095 0.000127935 0.0018369
7.1 0.000128101 0.00196512
7.105 0.000138884 0.00197493
7.11 0.000119 0.00255203
7.115 0.000155068 0.0029301
7.12 0.000118064 0.00191309
7.125 0.000125109 0.00230994
7.13 0.000130028 0.0015959
7.135 0.000129908 0.00164597
7.14 0.00012889 0.00195495
7.145 0.000129033 0.00225205
7.15 0.000117915 0.0022409
7.155 0.000117946 0.00228193
7.16 0.000115925 0.00233505
7.165 0.000118985 0.00221406
7.17 0.000233036 0.0027881
7.175 0.000118072 0.00218305
7.18 0.000125908 0.00212402
7.185 0.000121065 0.002122
7.19 0.00012009 0.00210693
7.195 0.000120024 0.0021961
7.2 0.000130894 0.001884
7.205 9.90665e-05 0.00188093
7.21 0.000127884 0.00183109
7.215 9.79884e-05 0.00146504
7.22 9.5945e-05 0.00140991
7.225 0.000103063 0.00143911
7.23 9.39277e-05 0.00144999
7.235 9.29997e-05 0.00143502
7.24 0.000124009 0.00221208
7.245 0.000125091 0.00221792
7.25 0.000123065 0.00188504
7.255 9.50196e-05 0.00291789
7.26 9.99299e-05 0.00146303
7.265 0.000112089 0.00167203
7.27 0.000127972 0.00152099
7.275 0.000129118 0.00189494
7.28 0.000126965 0.00195489
7.285 0.000105945 0.00235609
7.29 0.000114015 0.0016031
7.295 0.000134043 0.00163905
7.3 0.000102066 0.00151002
7.305 0.000139114 0.00215692
7.31 0.000132103 0.00177302
7.315 0.000105974 0.00238212
7.32 0.000122064 0.00227899
7.325 0.00013693 0.00240008
7.33 0.000148959 0.00246595
7.335 0.000141914 0.0024521
7.34 0.000203948 0.0024531
7.345 0.000139058 0.00170806
7.35 0.00011502 0.0016201
7.355 0.000112025 0.00213701
7.36 0.000146077 0.00243497
7.365 0.000146958 0.0023119
7.37 0.000111101 0.002237
7.375 0.00012003 0.00156211
7.38 0.000115024 0.00163711
7.385 0.000110054 0.00156895
7.39 0.000110008 0.00160891
7.395 0.000138047 0.00162305
7.4 0.000166084 0.00217791
7.405 0.00012198 0.00179396
7.41 0.000116984 0.00301297
7.415 0.000152904 0.00161208
7.42 0.000110093 0.00178594
7.425 0.00011008 0.00161093
7.43 0.000108893 0.00184094
7.435 0.000110944 0.00163889
7.44 0.000123014 0.00205304
7.445 0.000125074 0.0015959
7.45 0.000109946 0.00158204
7.455 0.000110892 0.00156003
7.46 0.000110098 0.00158895
7.465 0.000109986 0.00157307
7.47 0.000110052 0.0015909
7.475 0.000109939 0.00161107
7.48 0.000109991 0.00183608
7.485 0.000116915 0.0019169
7.49 0.000132119 0.00226304
7.495 0.000137893 0.00213889
7.5 9.99132e-05 0.00155706
7.505 9.88945e-05 0.00159295
7.51 9.80339e-05 0.00152604
7.515 9.797e-05 0.00160798
7.52 9.79037e-05 0.00153191
7.525 9.69393e-05 0.00160895
7.53 9.70052e-05 0.00158702
7.535 9.69128e-05 0.00162511
7.54 0.000100004 0.00194311
7.545 0.000131995 0.00215791
7.55 0.000106052 0.00302096
7.555 0.000146026 0.00230811
7.56 0.00011009 0.00173794
7.565 0.000130963 0.00235207
7.57 0.000136012 0.00213892
7.575 0.000141052 0.00226891
7.58 0.000123054 0.00221603
7.585 0.000126017 0.00221389
7.59 0.000117895 0.00225612
7.595 0.000119017 0.00232605
7.6 0.00011993 0.00221805
7.605 0.000117891 0.00221592
7.61 0.000118107 0.0022709
7.615 0.000125056 0.00225589
7.62 0.000123047 0.00230607
7.625 0.000120013 0.00229309
7.63 0.000117006 0.00197499
7.635 0.000101052 0.00155396
7.64 0.000109901 0.00185304
7.645 0.000145937 0.00240407
7.65 0.000157081 0.00227601
7.655 0.000150097 0.00226889
7.66 0.000156942 0.00221706
7.665 0.000135003 0.00222206
7.67 0.000135958 0.00221411
7.675 0.000136906 0.00220905
7.68 0.000136993 0.0022259
7.685 0.000131908 0.00201911
7.69 0.000101072 0.00147598
7.695 9.20361e-05 0.00148601
7.7 9.40266e-05 0.00237809
7.705 0.000123927 0.00225795
7.71 0.000118914 0.00219894
7.715 0.000116971 0.00203091
7.72 0.000125095 0.00177093
7.725 0.000118046 0.00191008
7.73 0.000117954 0.00179698
7.735 0.000116941 0.00177492
7.74 9.39469e-05 0.00193601
7.745 0.000131039 0.00178995
7.75 0.000122001 0.00183898
7.755 0.000120056 0.00191294
7.76 0.00011193 0.00189092
7.765 0.000121909 0.00179889
7.77 9.10594e-05 0.00133498
7.775 9.01078e-05 0.00134599
7.78 0.000131915 0.00135112
7.785 9.20608e-05 0.00139808
7.79 8.50942e-05 0.00132098
7.795 0.000205086 0.00209305
7.8 0.000111976 0.00190197
7.805 0.000101891 0.00189089
7.81 0.000103924 0.00188597
7.815 0.000103079 0.00200408
7.82 0.000103004 0.00188905
7.825 0.000100098 0.00182996
7.83 9.89443e-05 0.001818
7.835 9.98895e-05 0.00181204
7.84 0.000102998 0.001855
7.845 0.000108052 0.00184005
7.85 0.000104081 0.00184694
7.855 0.000115949 0.00185689
7.86 0.000108896 0.00196994
7.865 0.000104073 0.00184493
7.87 0.000102977 0.00188898
7.875 0.00011691 0.00192808
7.88 0.000124071 0.0019329
7.885 9.81167e-05 0.00133189
7.89 8.6086e-05 0.00130406
7.895 8.80972e-05 0.00134088
7.9 8.59016e-05 0.00131407
7.905 8.79387e-05 0.00131696
7.91 8.70618e-05 0.00131004
7.915 8.69533e-05 0.00129993
7.92 8.50571e-05 0.00155199
7.925 9.39852e-05 0.00131005
7.93 0.000107034 0.00194603
7.935 0.00010996 0.00184905
7.94 8.90179e-05 0.00131909
7.945 0.000113045 0.00167108
7.95 8.79552e-05 0.00130998
7.955 8.69584e-05 0.00131198
7.96 8.90611e-05 0.00131289
7.965 8.8018e-05 0.00131504
7.97 9.40064e-05 0.00131407
7.975 0.000100094 0.00202696
7.98 0.000106917 0.00131911
7.985 9.39972e-05 0.00136011
7.99 9.20723e-05 0.00134309
7.995 9.19015e-05 0.00131192
8 9.1977e-05 0.00165799
8.005 9.08867e-05 0.0025701
8.01 0.000107934 0.00150098
8.015 0.000121934 0.0022341
8.02 9.39838e-05 0.00164005
8.025 0.000112094 0.00133704
8.03 8.60617e-05 0.00132004
8.035 8.90717e-05 0.0013459
8.04 0.000112034 0.00189098
8.045 8.9116e-05 0.00131495
8.05 8.40921e-05 0.00138398
8.055 9.20114e-05 0.00131198
8.06 8.39357e-05 0.00133106
8.065 8.60767e-05 0.00128201
8.07 8.38957e-05 0.00160802
8.075 0.000118033 0.00278802
8.08 0.000139094 0.0024831
8.085 0.000135963 0.00187411
8.09 0.00011993 0.00190801
8.095 0.000125091 0.00185992
8.1 0.000107037 0.00196699
8.105 0.000100981 0.00185789
8.11 0.000100964 0.00186792
8.115 0.00010098 0.00184689
8.12 0.000100937 0.00183509
8.125 0.000100039 0.00194995
8.13 0.000100111 0.00184102
8.135 0.000105101 0.00183896
8.14 0.000103952 0.001846
8.145 0.000100066 0.00191193
8.15 0.000108962 0.00180305
8.155 0.000119021 0.0018121
8.16 9.98988e-05 0.001851
8.165 0.000100998 0.00133396
8.17 8.79011e-05 0.00127092
8.175 8.31168e-05 0.00128991
8.18 9.30676e-05 0.00131989
8.185 0.000111118 0.00163506
8.19 0.000106888 0.00138608
8.195 8.69404e-05 0.00123196
8.2 8.49991e-05 0.00122988
8.205 9.81177e-05 0.00122894
8.21 8.30907e-05 0.00123288
8.215 8.30513e-05 0.00123108
8.22 8.19982e-05 0.00128703
8.225 8.4023e-05 0.0012601
8.23 8.29824e-05 0.00124101
8.235 8.29756e-05 0.00122201
8.24 0.000106974 0.00188992
8.245 0.000100896 0.00168404
8.25 8.60123e-05 0.00128394
8.255 8.50834e-05 0.00123197
8.26 8.69829e-05 0.00123901
8.265 8.50416e-05 0.00123693
8.27 8.4035e-05 0.00123811
8.275 8.19684e-05 0.00121895
8.28 8.09029e-05 0.00124889
8.285 8.09222e-05 0.0011821
8.29 8.00501e-05 0.00118294
8.295 7.90785e-05 0.00121392
8.3 9.20725e-05 0.00184904
8.305 0.000110066 0.00173396
8.31 9.90528e-05 0.00170192
8.315 9.39287e-05 0.00170204
8.32 9.39569e-05 0.00169907
8.325 9.50056e-05 0.00172492
8.33 9.59005e-05 0.0017171
8.335 9.7061e-05 0.00173002
8.34 9.5956e-05 0.00169511
8.345 9.59651e-05 0.00172588
8.35 9.79918e-05 0.001739
8.355 0.00010709 0.00175109
8.36 0.000105068 0.00175993
8.365 0.000110119 0.00150497
8.37 9.19298e-05 0.00129595
8.375 9.8899e-05 0.00147896
8.38 9.59358e-05 0.00170509
8.385 9.20049e-05 0.00119498
8.39 7.70062e-05 0.00113404
8.395 7.50303e-05 0.00113797
8.4 7.69604e-05 0.00115395
8.405 8.30247e-05 0.0016631
8.41 0.000106046 0.001174
8.415 8.19662e-05 0.00141195
8.42 0.000157942 0.00180611
8.425 9.41047e-05 0.00171093
8.43 8.89137e-05 0.00243198
8.435 9.10581e-05 0.00195498
8.44 8.90916e-05 0.00161792
8.445 0.000148088 0.00167403
8.45 8.89964e-05 0.00161907
8.455 9.20204e-05 0.00161899
8.46 8.80578e-05 0.00161608
8.465 8.89836e-05 0.00161405
8.47 8.69201e-05 0.0016149
8.475 8.89916e-05 0.00162406
8.48 8.89826e-05 0.00168705
8.485 8.89202e-05 0.00161799
8.49 8.99362e-05 0.00162305
8.495 8.19905e-05 0.00129997
8.5 0.000108062 0.00169606
8.505 0.0001061 0.00163205
8.51 9.49166e-05 0.00162703
8.515 9.11122e-05 0.00165108
8.52 9.60227e-05 0.00162599
8.525 8.79144e-05 0.00158998
8.53 8.80662e-05 0.0016049
8.535 9.90909e-05 0.00159891
8.54 9.39283e-05 0.00159899
8.545 8.90462e-05 0.00158212
8.55 8.79731e-05 0.00182004
8.555 9.60169e-05 0.00156298
8.56 8.29902e-05 0.00109207
8.565 7.48956e-05 0.00108108
8.57 7.50339e-05 0.00108293
8.575 7.51191e-05 0.00109206
8.58 8.19591e-05 0.00108594
8.585 7.49516e-05 0.00108309
8.59 7.49904e-05 0.00109493
8.595 7.8985e-05 0.00112207
8.6 7.68956e-05 0.00108089
