0 0.013272 0.00151635 0.744755
0.005 0.0132719 0.00151592 0.744754
0.01 0.013272 0.00151487 0.744752
0.015 0.0132726 0.00151359 0.744747
0.02 0.0132737 0.00151231 0.744741
0.025 0.0132752 0.00151117 0.744732
0.03 0.0132772 0.00151026 0.744721
0.035 0.0132796 0.00150963 0.744709
0.04 0.0132823 0.00150933 0.744694
0.045 0.0132855 0.00150938 0.744677
0.05 0.013289 0.0015098 0.744659
0.055 0.0132928 0.00151059 0.744638
0.06 0.013297 0.00151177 0.744615
0.065 0.0133016 0.00151333 0.74459
0.07 0.0133065 0.00151528 0.744563
0.075 0.0133117 0.00151762 0.744534
0.08 0.0133172 0.00152034 0.744503
0.085 0.0133231 0.00152345 0.74447
0.09 0.0133293 0.00152695 0.744436
0.095 0.0133359 0.00153083 0.744399
0.1 0.0133427 0.00153508 0.74436
0.105 0.0133499 0.00153971 0.74432
0.11 0.0133574 0.00154472 0.744277
0.115 0.0133652 0.0015501 0.744233
0.12 0.0133734 0.00155584 0.744187
0.125 0.0133818 0.00156195 0.744139
0.13 0.0133905 0.00156842 0.744089
0.135 0.0133996 0.00157525 0.744037
0.14 0.0134089 0.00158243 0.743983
0.145 0.0134186 0.00158996 0.743928
0.15 0.0134285 0.00159785 0.743871
0.155 0.0134388 0.00160608 0.743812
0.16 0.0134493 0.00161465 0.743752
0.165 0.0134602 0.00162356 0.743689
0.17 0.0134713 0.00163281 0.743625
0.175 0.0134827 0.00164239 0.74356
0.18 0.0134944 0.0016523 0.743492
0.185 0.0135063 0.00166254 0.743423
0.19 0.0135186 0.0016731 0.743352
0.195 0.0135311 0.00168398 0.74328
0.2 0.0135439 0.00169517 0.743206
0.205 0.013557 0.00170668 0.74313
0.21 0.0135704 0.0017185 0.743053
0.215 0.013584 0.00173063 0.742974
0.22 0.0135979 0.00174305 0.742894
0.225 0.013612 0.00175578 0.742812
0.23 0.0136264 0.00176881 0.742728
0.235 0.0136411 0.00178212 0.742643
0.24 0.013656 0.00179573 0.742557
0.245 0.0136712 0.00180962 0.742469
0.25 0.0136866 0.0018238 0.742379
0.255 0.0137023 0.00183825 0.742288
0.26 0.0137182 0.00185298 0.742196
0.265 0.0137344 0.00186798 0.742102
0.27 0.0137508 0.00188325 0.742007
0.275 0.0137675 0.00189879 0.74191
0.28 0.0137843 0.00191459 0.741812
0.285 0.0138015 0.00193064 0.741712
0.29 0.0138188 0.00194695 0.741611
0.295 0.0138364 0.00196352 0.741509
0.3 0.0138542 0.00198033 0.741406
0.305 0.0138723 0.00199738 0.741301
0.31 0.0138906 0.00201468 0.741194
0.315 0.0139091 0.00203221 0.741087
0.32 0.0139278 0.00204997 0.740978
0.325 0.0139467 0.00206797 0.740868
0.33 0.0139658 0.00208619 0.740757
0.335 0.0139852 0.00210464 0.740644
0.34 0.0140048 0.0021233 0.740531
0.345 0.0140245 0.00214218 0.740416
0.35 0.0140445 0.00216128 0.740299
0.355 0.0140647 0.00218058 0.740182
0.36 0.0140851 0.00220008 0.740064
0.365 0.0141057 0.00221979 0.739944
0.37 0.0141265 0.0022397 0.739823
0.375 0.0141474 0.0022598 0.739701
0.38 0.0141686 0.00228009 0.739578
0.385 0.01419 0.00230056 0.739454
0.39 0.0142115 0.00232122 0.739329
0.395 0.0142332 0.00234206 0.739203
0.4 0.0142551 0.00236308 0.739075
0.405 0.0142772 0.00238427 0.738947
0.41 0.0142995 0.00240563 0.738818
0.415 0.014322 0.00242715 0.738687
0.42 0.0143446 0.00244883 0.738556
0.425 0.0143674 0.00247068 0.738424
0.43 0.0143903 0.00249267 0.73829
0.435 0.0144135 0.00251482 0.738156
0.44 0.0144368 0.00253711 0.738021
0.445 0.0144602 0.00255955 0.737885
0.45 0.0144838 0.00258213 0.737748
0.455 0.0145076 0.00260484 0.73761
0.46 0.0145315 0.00262769 0.737471
0.465 0.0145556 0.00265066 0.737332
0.47 0.0145798 0.00267376 0.737191
0.475 0.0146042 0.00269699 0.73705
0.48 0.0146287 0.00272033 0.736908
0.485 0.0146534 0.00274378 0.736765
0.49 0.0146782 0.00276735 0.736621
0.495 0.0147032 0.00279102 0.736477
0.5 0.0147283 0.0028148 0.736331
0.505 0.0147535 0.00283868 0.736186
0.51 0.0147789 0.00286266 0.736039
0.515 0.0148043 0.00288673 0.735891
0.52 0.01483 0.00291088 0.735743
0.525 0.0148557 0.00293513 0.735595
0.53 0.0148816 0.00295946 0.735445
0.535 0.0149076 0.00298387 0.735295
0.54 0.0149337 0.00300835 0.735144
0.545 0.0149599 0.00303291 0.734993
0.55 0.0149862 0.00305753 0.734841
0.555 0.0150127 0.00308222 0.734688
0.56 0.0150393 0.00310697 0.734535
0.565 0.0150659 0.00313179 0.734381
0.57 0.0150927 0.00315665 0.734227
0.575 0.0151196 0.00318157 0.734072
0.58 0.0151466 0.00320654 0.733917
0.585 0.0151736 0.00323155 0.733761
0.59 0.0152008 0.00325661 0.733605
0.595 0.0152281 0.0032817 0.733448
0.6 0.0152555 0.00330683 0.733291
0.605 0.0152829 0.00333199 0.733133
0.61 0.0153105 0.00335719 0.732975
0.615 0.0153381 0.0033824 0.732816
0.62 0.0153658 0.00340764 0.732657
0.625 0.0153936 0.0034329 0.732498
0.63 0.0154215 0.00345817 0.732338
0.635 0.0154494 0.00348346 0.732178
0.64 0.0154774 0.00350876 0.732017
0.645 0.0155055 0.00353406 0.731856
0.65 0.0155337 0.00355937 0.731695
0.655 0.0155619 0.00358468 0.731534
0.66 0.0155902 0.00360998 0.731372
0.665 0.0156185 0.00363528 0.73121
0.67 0.015647 0.00366057 0.731047
0.675 0.0156754 0.00368585 0.730885
0.68 0.015704 0.00371112 0.730722
0.685 0.0157325 0.00373637 0.730559
0.69 0.0157612 0.00376159 0.730396
0.695 0.0157899 0.0037868 0.730233
0.7 0.0158186 0.00381198 0.730069
0.705 0.0158474 0.00383713 0.729905
0.71 0.0158762 0.00386225 0.729741
0.715 0.015905 0.00388733 0.729577
0.72 0.0159339 0.00391238 0.729413
0.725 0.0159628 0.00393739 0.729249
0.73 0.0159918 0.00396235 0.729085
0.735 0.0160208 0.00398728 0.72892
0.74 0.0160498 0.00401215 0.728756
0.745 0.0160788 0.00403697 0.728591
0.75 0.0161079 0.00406174 0.728427
0.755 0.016137 0.00408646 0.728262
0.76 0.0161661 0.00411111 0.728098
0.765 0.0161952 0.00413571 0.727933
0.77 0.0162243 0.00416024 0.727769
0.775 0.0162535 0.00418471 0.727605
0.78 0.0162826 0.00420911 0.72744
0.785 0.0163118 0.00423345 0.727276
0.79 0.0163409 0.0042577 0.727112
0.795 0.0163701 0.00428189 0.726948
0.8 0.0163992 0.004306 0.726784
0.805 0.0164284 0.00433003 0.72662
0.81 0.0164575 0.00435397 0.726456
0.815 0.0164866 0.00437784 0.726292
0.82 0.0165158 0.00440162 0.726129
0.825 0.0165449 0.00442531 0.725966
0.83 0.016574 0.00444891 0.725803
0.835 0.016603 0.00447242 0.72564
0.84 0.0166321 0.00449583 0.725478
0.845 0.0166611 0.00451916 0.725316
0.85 0.0166901 0.00454238 0.725154
0.855 0.016719 0.0045655 0.724992
0.86 0.016748 0.00458852 0.72483
0.865 0.0167769 0.00461144 0.724669
0.87 0.0168057 0.00463425 0.724509
0.875 0.0168346 0.00465696 0.724348
0.88 0.0168633 0.00467956 0.724188
0.885 0.0168921 0.00470205 0.724028
0.89 0.0169207 0.00472442 0.723869
0.895 0.0169494 0.00474668 0.72371
0.9 0.0169779 0.00476883 0.723551
0.905 0.0170065 0.00479086 0.723393
0.91 0.0170349 0.00481277 0.723236
0.915 0.0170633 0.00483456 0.723078
0.92 0.0170917 0.00485623 0.722922
0.925 0.0171199 0.00487778 0.722765
0.93 0.0171481 0.0048992 0.72261
0.935 0.0171762 0.0049205 0.722454
0.94 0.0172043 0.00494167 0.7223
0.945 0.0172322 0.00496271 0.722146
0.95 0.0172601 0.00498362 0.721992
0.955 0.0172879 0.0050044 0.721839
0.96 0.0173156 0.00502504 0.721687
0.965 0.0173433 0.00504553 0.721535
0.97 0.0173708 0.00506588 0.721383
0.975 0.0173983 0.00508608 0.721233
0.98 0.0174256 0.00510613 0.721082
0.985 0.0174529 0.00512602 0.720933
0.99 0.0174802 0.00514577 0.720784
0.995 0.0175073 0.00516537 0.720635
1 0.0175344 0.00518482 0.720487
1.005 0.0175614 0.00520413 0.72034
1.01 0.0175883 0.00522328 0.720193
1.015 0.0176152 0.00524229 0.720047
1.02 0.0176419 0.00526116 0.719901
1.025 0.0176687 0.00527988 0.719756
1.03 0.0176953 0.00529846 0.719611
1.035 0.0177219 0.0053169 0.719467
1.04 0.0177483 0.00533519 0.719323
1.045 0.0177748 0.00535369 0.71918
1.05 0.0178013 0.00537249 0.719038
1.055 0.0178277 0.00539121 0.718896
1.06 0.0178541 0.00540978 0.718755
1.065 0.0178804 0.0054282 0.718615
1.07 0.0179066 0.00544648 0.718475
1.075 0.0179327 0.0054646 0.718335
1.08 0.0179588 0.00548258 0.718196
1.085 0.0179848 0.00550042 0.718057
1.09 0.0180107 0.00551811 0.717919
1.095 0.0180366 0.00553566 0.717781
1.1 0.0180624 0.00555307 0.717644
1.105 0.0180882 0.00557034 0.717507
1.11 0.0181138 0.00558747 0.717371
1.115 0.0181395 0.00560447 0.717235
1.12 0.018165 0.00562132 0.717099
1.125 0.0181905 0.00563805 0.716964
1.13 0.0182159 0.00565464 0.71683
1.135 0.0182413 0.00567109 0.716696
1.14 0.0182666 0.00568742 0.716562
1.145 0.0182919 0.00570361 0.716429
1.15 0.0183171 0.00571968 0.716296
1.155 0.0183422 0.00573561 0.716163
1.16 0.0183673 0.00575142 0.716031
1.165 0.0183923 0.00576711 0.7159
1.17 0.0184173 0.00578267 0.715769
1.175 0.0184422 0.0057981 0.715638
1.18 0.018467 0.00581342 0.715508
1.185 0.0184918 0.00582861 0.715378
1.19 0.0185166 0.00584368 0.715248
1.195 0.0185413 0.00585864 0.715119
1.2 0.0185659 0.00587347 0.71499
1.205 0.0185905 0.00588819 0.714862
1.21 0.018615 0.00590279 0.714734
1.215 0.0186395 0.00591728 0.714606
1.22 0.018664 0.00593165 0.714479
1.225 0.0186884 0.00594591 0.714352
1.23 0.0187127 0.00596005 0.714226
1.235 0.018737 0.00597409 0.7141
1.24 0.0187613 0.00598802 0.713974
1.245 0.0187855 0.00600183 0.713849
1.25 0.0188096 0.00601554 0.713724
1.255 0.0188338 0.00602915 0.713599
1.26 0.0188578 0.00604264 0.713474
1.265 0.0188819 0.00605603 0.71335
1.27 0.0189058 0.00606932 0.713227
1.275 0.0189298 0.0060825 0.713103
1.28 0.0189537 0.00609558 0.71298
1.285 0.0189776 0.00610856 0.712858
1.29 0.0190014 0.00612144 0.712735
1.295 0.0190252 0.00613422 0.712613
1.3 0.0190489 0.00614689 0.712492
1.305 0.0190727 0.00615948 0.71237
1.31 0.0190963 0.00617196 0.712249
1.315 0.01912 0.00618435 0.712128
1.32 0.0191436 0.00619664 0.712008
1.325 0.0191671 0.00620884 0.711887
1.33 0.0191907 0.00622094 0.711767
1.335 0.0192142 0.00623295 0.711648
1.34 0.0192377 0.00624487 0.711528
1.345 0.0192611 0.0062567 0.711409
1.35 0.0192845 0.00626843 0.71129
1.355 0.0193079 0.00628008 0.711172
1.36 0.0193312 0.00629164 0.711054
1.365 0.0193546 0.0063031 0.710936
1.37 0.0193779 0.00631449 0.710818
1.375 0.0194011 0.00632578 0.7107
1.38 0.0194244 0.00633699 0.710583
1.385 0.0194476 0.00634811 0.710466
1.39 0.0194708 0.00635915 0.710349
1.395 0.0194939 0.00637011 0.710233
1.4 0.0195171 0.00638098 0.710117
1.405 0.0195402 0.00639177 0.710001
1.41 0.0195633 0.00640248 0.709885
1.415 0.0195863 0.00641311 0.709769
1.42 0.0196094 0.00642365 0.709654
1.425 0.0196324 0.00643412 0.709539
1.43 0.0196554 0.00644451 0.709424
1.435 0.0196784 0.00645482 0.709309
1.44 0.0197014 0.00646505 0.709194
1.445 0.0197244 0.00647521 0.70908
1.45 0.0197473 0.00648529 0.708966
1.455 0.0197702 0.00649529 0.708852
1.46 0.0197931 0.00650522 0.708738
1.465 0.019816 0.00651507 0.708625
1.47 0.0198389 0.00652485 0.708511
1.475 0.0198618 0.00653456 0.708398
1.48 0.0198846 0.0065442 0.708285
1.485 0.0199075 0.00655376 0.708172
1.49 0.0199303 0.00656325 0.70806
1.495 0.0199531 0.00657267 0.707947
1.5 0.019976 0.00658202 0.707835
1.505 0.0199988 0.0065913 0.707722
1.51 0.0200216 0.00660051 0.70761
1.515 0.0200444 0.00660965 0.707498
1.52 0.0200671 0.00661872 0.707387
1.525 0.0200899 0.00662773 0.707275
1.53 0.0201127 0.00663667 0.707164
1.535 0.0201355 0.00664554 0.707052
1.54 0.0201582 0.00665435 0.706941
1.545 0.020181 0.00666309 0.70683
1.55 0.0202038 0.00667177 0.706719
1.555 0.0202265 0.00668038 0.706608
1.56 0.0202493 0.00668892 0.706497
1.565 0.0202721 0.00669741 0.706387
1.57 0.0202948 0.00670583 0.706276
1.575 0.0203176 0.00671419 0.706166
1.58 0.0203404 0.00672248 0.706055
1.585 0.0203632 0.00673072 0.705945
1.59 0.020386 0.00673889 0.705835
1.595 0.0204087 0.006747 0.705725
1.6 0.0204315 0.00675505 0.705615
1.605 0.0204543 0.00676304 0.705505
1.61 0.0204772 0.00677097 0.705395
1.615 0.0205 0.00677884 0.705285
1.62 0.0205228 0.00678666 0.705175
1.625 0.0205456 0.00679441 0.705066
1.63 0.0205685 0.00680211 0.704956
1.635 0.0205914 0.00680975 0.704846
1.64 0.0206142 0.00681733 0.704737
1.645 0.0206371 0.00682485 0.704627
1.65 0.02066 0.00683232 0.704518
1.655 0.0206829 0.00683973 0.704409
1.66 0.0207059 0.00684709 0.704299
1.665 0.0207288 0.00685439 0.70419
1.67 0.0207518 0.00686164 0.704081
1.675 0.0207748 0.00686883 0.703971
1.68 0.0207978 0.00687596 0.703862
1.685 0.0208208 0.00688304 0.703753
1.69 0.0208438 0.00689007 0.703644
1.695 0.0208669 0.00689704 0.703534
1.7 0.02089 0.00690397 0.703425
1.705 0.0209131 0.00691083 0.703316
1.71 0.0209362 0.00691765 0.703207
1.715 0.0209594 0.00692441 0.703097
1.72 0.0209826 0.00693112 0.702988
1.725 0.0210058 0.00693778 0.702879
1.73 0.021029 0.00694438 0.70277
1.735 0.0210523 0.00695094 0.70266
1.74 0.0210756 0.00695744 0.702551
1.745 0.0210989 0.0069639 0.702441
1.75 0.0211223 0.0069703 0.702332
1.755 0.0211457 0.00697665 0.702223
1.76 0.0211691 0.00698295 0.702113
1.765 0.0211926 0.0069892 0.702004
1.77 0.021216 0.0069954 0.701894
1.775 0.0212396 0.00700155 0.701784
1.78 0.0212631 0.00700765 0.701674
1.785 0.0212867 0.00701371 0.701565
1.79 0.0213103 0.00701971 0.701455
1.795 0.021334 0.00702567 0.701345
1.8 0.0213577 0.00703157 0.701235
1.805 0.0213815 0.00703743 0.701125
1.81 0.0214053 0.00704324 0.701015
1.815 0.0214291 0.007049 0.700904
1.82 0.021453 0.00705471 0.700794
1.825 0.0214769 0.00706037 0.700683
1.83 0.0215008 0.00706599 0.700573
1.835 0.0215248 0.00707156 0.700462
1.84 0.0215489 0.00707708 0.700351
1.845 0.021573 0.00708255 0.700241
1.85 0.0215971 0.00708798 0.70013
1.855 0.0216213 0.00709336 0.700018
1.86 0.0216455 0.00709869 0.699907
1.865 0.0216698 0.00710397 0.699796
1.87 0.0216942 0.00710921 0.699684
1.875 0.0217186 0.0071144 0.699573
1.88 0.021743 0.00711954 0.699461
1.885 0.0217675 0.00712464 0.699349
1.89 0.021792 0.00712969 0.699237
1.895 0.0218166 0.00713469 0.699125
1.9 0.0218413 0.00713965 0.699012
1.905 0.021866 0.00714456 0.6989
1.91 0.0218908 0.00714942 0.698787
1.915 0.0219156 0.00715424 0.698674
1.92 0.0219405 0.00715902 0.698561
1.925 0.0219654 0.00716375 0.698448
1.93 0.0219904 0.00716844 0.698334
1.935 0.0220155 0.00717309 0.698221
1.94 0.0220406 0.00717769 0.698107
1.945 0.0220657 0.00718225 0.697993
1.95 0.0220909 0.00718677 0.697879
1.955 0.0221162 0.00719124 0.697765
1.96 0.0221415 0.00719567 0.697651
1.965 0.0221669 0.00720006 0.697537
1.97 0.0221923 0.00720441 0.697422
1.975 0.0222177 0.00720871 0.697307
1.98 0.0222432 0.00721297 0.697192
1.985 0.0222688 0.00721719 0.697077
1.99 0.0222944 0.00722136 0.696962
1.995 0.0223201 0.00722549 0.696847
2 0.0223458 0.00722958 0.696731
2.005 0.0223715 0.00723362 0.696616
2.01 0.0223973 0.00723762 0.6965
2.015 0.0224232 0.00724157 0.696384
2.02 0.022449 0.00724549 0.696268
2.025 0.022475 0.00724935 0.696152
2.03 0.022501 0.00725318 0.696036
2.035 0.022527 0.00725696 0.695919
2.04 0.022553 0.00726069 0.695803
2.045 0.0225792 0.00726438 0.695686
2.05 0.0226053 0.00726803 0.695569
2.055 0.0226315 0.00727163 0.695452
2.06 0.0226577 0.00727519 0.695335
2.065 0.022684 0.0072787 0.695218
2.07 0.0227103 0.00728217 0.695101
2.075 0.0227367 0.00728559 0.694983
2.08 0.0227631 0.00728897 0.694865
2.085 0.0227896 0.00729231 0.694748
2.09 0.022816 0.0072956 0.69463
2.095 0.0228426 0.00729884 0.694512
2.1 0.0228691 0.00730204 0.694394
2.105 0.0228957 0.0073052 0.694276
2.11 0.0229224 0.00730831 0.694157
2.115 0.0229491 0.00731137 0.694039
2.12 0.0229758 0.0073144 0.69392
2.125 0.0230025 0.00731737 0.693802
2.13 0.0230293 0.0073203 0.693683
2.135 0.0230561 0.00732319 0.693564
2.14 0.023083 0.00732603 0.693445
2.145 0.0231099 0.00732882 0.693326
2.15 0.0231368 0.00733158 0.693207
2.155 0.0231638 0.00733428 0.693087
2.16 0.0231907 0.00733694 0.692968
2.165 0.0232178 0.00733956 0.692848
2.17 0.0232448 0.00734213 0.692729
2.175 0.0232719 0.00734466 0.692609
2.18 0.023299 0.00734714 0.692489
2.185 0.0233262 0.00734957 0.692369
2.19 0.0233534 0.00735196 0.692249
2.195 0.0233806 0.00735431 0.692129
2.2 0.0234078 0.00735661 0.692009
2.205 0.0234351 0.00735887 0.691889
2.21 0.0234624 0.00736108 0.691768
2.215 0.0234897 0.00736325 0.691648
2.22 0.023517 0.00736537 0.691527
2.225 0.0235444 0.00736745 0.691406
2.23 0.0235718 0.00736948 0.691286
2.235 0.0235992 0.00737147 0.691165
2.24 0.0236267 0.00737342 0.691044
2.245 0.0236542 0.00737532 0.690923
2.25 0.0236817 0.00737717 0.690802
2.255 0.0237092 0.00737898 0.69068
2.26 0.0237367 0.00738075 0.690559
2.265 0.0237643 0.00738248 0.690438
2.27 0.0237919 0.00738415 0.690316
2.275 0.0238195 0.00738579 0.690195
2.28 0.0238472 0.00738738 0.690073
2.285 0.0238748 0.00738893 0.689951
2.29 0.0239025 0.00739043 0.68983
2.295 0.0239302 0.00739189 0.689708
2.3 0.0239579 0.00739331 0.689586
2.305 0.0239856 0.00739469 0.689464
2.31 0.0240134 0.00739602 0.689342
2.315 0.0240411 0.0073973 0.68922
2.32 0.0240689 0.00739855 0.689098
2.325 0.0240967 0.00739975 0.688975
2.33 0.0241245 0.00740091 0.688853
2.335 0.0241523 0.00740202 0.688731
2.34 0.0241802 0.0074031 0.688608
2.345 0.024208 0.00740413 0.688486
2.35 0.0242359 0.00740512 0.688363
2.355 0.0242638 0.00740606 0.68824
2.36 0.0242917 0.00740697 0.688118
2.365 0.0243196 0.00740783 0.687995
2.37 0.0243475 0.00740865 0.687872
2.375 0.0243754 0.00740943 0.687749
2.38 0.0244033 0.00741016 0.687626
2.385 0.0244313 0.00741086 0.687503
2.39 0.0244592 0.00741152 0.68738
2.395 0.0244872 0.00741213 0.687257
2.4 0.0245152 0.0074127 0.687134
2.405 0.0245431 0.00741324 0.687011
2.41 0.0245711 0.00741373 0.686888
2.415 0.0245991 0.00741418 0.686765
2.42 0.0246271 0.00741459 0.686641
2.425 0.0246551 0.00741496 0.686518
2.43 0.0246831 0.00741529 0.686394
2.435 0.0247111 0.00741559 0.686271
2.44 0.0247391 0.00741584 0.686148
2.445 0.0247671 0.00741605 0.686024
2.45 0.0247951 0.00741623 0.6859
2.455 0.0248231 0.00741636 0.685777
2.46 0.0248511 0.00741646 0.685653
2.465 0.0248791 0.00741652 0.68553
2.47 0.0249071 0.00741654 0.685406
2.475 0.0249352 0.00741652 0.685282
2.48 0.0249632 0.00741646 0.685158
2.485 0.0249912 0.00741637 0.685035
2.49 0.0250192 0.00741624 0.684911
2.495 0.0250472 0.00741607 0.684787
2.5 0.0250752 0.00741586 0.684663
2.505 0.0251032 0.00741562 0.684539
2.51 0.0251311 0.00741534 0.684415
2.515 0.0251591 0.00741502 0.684291
2.52 0.0251871 0.00741467 0.684167
2.525 0.0252151 0.00741429 0.684043
2.53 0.025243 0.00741386 0.683919
2.535 0.025271 0.0074134 0.683795
2.54 0.0252989 0.00741291 0.683671
2.545 0.0253268 0.00741238 0.683547
2.55 0.0253548 0.00741182 0.683423
2.555 0.0253827 0.00741122 0.683299
2.56 0.0254106 0.00741059 0.683175
2.565 0.0254385 0.00740992 0.683051
2.57 0.0254663 0.00740922 0.682927
2.575 0.0254942 0.00740848 0.682803
2.58 0.025522 0.00740772 0.682678
2.585 0.0255499 0.00740692 0.682554
2.59 0.0255777 0.00740608 0.68243
2.595 0.0256055 0.00740522 0.682306
2.6 0.0256333 0.00740432 0.682182
2.605 0.0256611 0.00740339 0.682058
2.61 0.0256888 0.00740243 0.681933
2.615 0.0257166 0.00740143 0.681809
2.62 0.0257443 0.00740041 0.681685
2.625 0.025772 0.00739935 0.681561
2.63 0.0257997 0.00739827 0.681437
2.635 0.0258273 0.00739715 0.681313
2.64 0.025855 0.007396 0.681188
2.645 0.0258826 0.00739483 0.681064
2.65 0.0259102 0.00739393 0.68094
2.655 0.0259378 0.00739324 0.680817
2.66 0.0259654 0.00739256 0.680693
2.665 0.0259929 0.00739187 0.680569
2.67 0.0260205 0.00739114 0.680446
2.675 0.026048 0.00739039 0.680322
2.68 0.0260755 0.0073896 0.680199
2.685 0.0261029 0.00738879 0.680075
2.69 0.0261304 0.00738795 0.679952
2.695 0.0261578 0.00738708 0.679828
2.7 0.0261852 0.00738618 0.679704
2.705 0.0262125 0.00738525 0.679581
2.71 0.0262398 0.00738429 0.679458
2.715 0.0262671 0.00738331 0.679334
2.72 0.0262944 0.00738229 0.679211
2.725 0.0263216 0.00738125 0.679087
2.73 0.0263488 0.00738018 0.678964
2.735 0.026376 0.00737909 0.67884
2.74 0.0264031 0.00737796 0.678717
2.745 0.0264303 0.00737682 0.678594
2.75 0.0264573 0.00737564 0.678471
2.755 0.0264844 0.00737444 0.678347
2.76 0.0265114 0.00737321 0.678224
2.765 0.0265383 0.00737196 0.678101
2.77 0.0265653 0.00737068 0.677978
2.775 0.0265922 0.00736937 0.677855
2.78 0.026619 0.00736804 0.677732
2.785 0.0266458 0.00736669 0.677609
2.79 0.0266726 0.00736531 0.677486
2.795 0.0266994 0.00736391 0.677363
2.8 0.0267261 0.00736248 0.67724
2.805 0.0267528 0.00736103 0.677117
2.81 0.0267794 0.00735956 0.676994
2.815 0.026806 0.00735806 0.676871
2.82 0.0268325 0.00735654 0.676749
2.825 0.026859 0.007355 0.676626
2.83 0.0268855 0.00735344 0.676503
2.835 0.0269119 0.00735185 0.676381
2.84 0.0269383 0.00735024 0.676258
2.845 0.0269646 0.00734861 0.676136
2.85 0.0269909 0.00734696 0.676013
2.855 0.0270171 0.00734529 0.675891
2.86 0.0270433 0.0073436 0.675769
2.865 0.0270695 0.00734188 0.675646
2.87 0.0270956 0.00734014 0.675524
2.875 0.0271217 0.00733838 0.675402
2.88 0.0271477 0.0073366 0.67528
2.885 0.0271737 0.0073348 0.675158
2.89 0.0271996 0.00733298 0.675036
2.895 0.0272255 0.00733113 0.674914
2.9 0.0272513 0.00732926 0.674792
2.905 0.0272771 0.00732738 0.67467
2.91 0.0273029 0.00732547 0.674548
2.915 0.0273286 0.00732354 0.674426
2.92 0.0273543 0.00732159 0.674305
2.925 0.0273799 0.00731963 0.674183
2.93 0.0274055 0.00731764 0.674061
2.935 0.0274311 0.00731563 0.67394
2.94 0.0274566 0.0073136 0.673818
2.945 0.027482 0.00731156 0.673697
2.95 0.0275075 0.0073095 0.673575
2.955 0.0275329 0.00730742 0.673454
2.96 0.0275582 0.00730532 0.673332
2.965 0.0275835 0.0073032 0.673211
2.97 0.0276088 0.00730107 0.67309
2.975 0.027634 0.00729892 0.672968
2.98 0.0276591 0.00729675 0.672847
2.985 0.0276843 0.00729457 0.672726
2.99 0.0277094 0.00729237 0.672605
2.995 0.0277344 0.00729015 0.672484
3 0.0277594 0.00728792 0.672363
3.005 0.0277844 0.00728568 0.672242
3.01 0.0278093 0.00728342 0.672121
3.015 0.0278342 0.00728115 0.672
3.02 0.0278591 0.00727886 0.671879
3.025 0.0278839 0.00727656 0.671758
3.03 0.0279087 0.00727425 0.671637
3.035 0.0279334 0.00727192 0.671516
3.04 0.0279581 0.00726958 0.671395
3.045 0.0279827 0.00726723 0.671275
3.05 0.0280074 0.00726487 0.671154
3.055 0.0280319 0.00726249 0.671033
3.06 0.0280565 0.00726011 0.670912
3.065 0.028081 0.00725771 0.670792
3.07 0.0281054 0.0072553 0.670671
3.075 0.0281298 0.00725289 0.67055
3.08 0.0281542 0.00725046 0.67043
3.085 0.0281785 0.00724803 0.670309
3.09 0.0282028 0.00724558 0.670189
3.095 0.0282271 0.00724313 0.670068
3.1 0.0282513 0.00724067 0.669948
3.105 0.0282755 0.00723821 0.669827
3.11 0.0282996 0.00723573 0.669707
3.115 0.0283237 0.00723325 0.669586
3.12 0.0283478 0.00723076 0.669466
3.125 0.0283718 0.00722827 0.669345
3.13 0.0283958 0.00722577 0.669225
3.135 0.0284198 0.00722327 0.669105
3.14 0.0284437 0.00722076 0.668984
3.145 0.0284676 0.00721825 0.668864
3.15 0.0284914 0.00721573 0.668744
3.155 0.0285152 0.00721321 0.668623
3.16 0.028539 0.00721069 0.668503
3.165 0.0285627 0.00720816 0.668383
3.17 0.0285864 0.00720564 0.668263
3.175 0.02861 0.00720311 0.668142
3.18 0.0286336 0.00720058 0.668022
3.185 0.0286572 0.00719805 0.667902
3.19 0.0286807 0.00719552 0.667782
3.195 0.0287042 0.00719298 0.667661
3.2 0.0287276 0.00719045 0.667541
3.205 0.0287511 0.00718792 0.667421
3.21 0.0287744 0.0071854 0.667301
3.215 0.0287978 0.00718287 0.667181
3.22 0.0288211 0.00718035 0.66706
3.225 0.0288443 0.00717783 0.66694
3.23 0.0288676 0.00717531 0.66682
3.235 0.0288908 0.00717279 0.6667
3.24 0.0289139 0.00717028 0.66658
3.245 0.028937 0.00716778 0.666459
3.25 0.0289601 0.00716528 0.666339
3.255 0.0289831 0.00716279 0.666219
3.26 0.0290061 0.0071603 0.666099
3.265 0.0290291 0.00715782 0.665979
3.27 0.029052 0.00715534 0.665859
3.275 0.0290749 0.00715288 0.665738
3.28 0.0290978 0.00715042 0.665618
3.285 0.0291206 0.00714797 0.665498
3.29 0.0291434 0.00714571 0.665378
3.295 0.0291661 0.00714348 0.665258
3.3 0.0291888 0.00714126 0.665138
3.305 0.0292115 0.00713906 0.665018
3.31 0.0292341 0.00713687 0.664898
3.315 0.0292567 0.00713469 0.664778
3.32 0.0292793 0.00713253 0.664658
3.325 0.0293018 0.00713038 0.664538
3.33 0.0293243 0.00712825 0.664418
3.335 0.0293468 0.00712614 0.664298
3.34 0.0293692 0.00712404 0.664178
3.345 0.0293916 0.00712196 0.664058
3.35 0.0294139 0.00711989 0.663938
3.355 0.0294362 0.00711784 0.663817
3.36 0.0294585 0.00711582 0.663697
3.365 0.0294807 0.00711381 0.663577
3.37 0.0295029 0.00711182 0.663457
3.375 0.0295251 0.00710985 0.663337
3.38 0.0295472 0.0071079 0.663217
3.385 0.0295693 0.00710597 0.663097
3.39 0.0295913 0.00710406 0.662976
3.395 0.0296133 0.00710218 0.662856
3.4 0.0296353 0.00710032 0.662736
3.405 0.0296572 0.00709848 0.662616
3.41 0.0296791 0.00709666 0.662495
3.415 0.029701 0.00709487 0.662375
3.42 0.0297228 0.0070931 0.662255
3.425 0.0297446 0.00709136 0.662135
3.43 0.0297664 0.00708965 0.662014
3.435 0.0297881 0.00708796 0.661894
3.44 0.0298098 0.00708629 0.661773
3.445 0.0298314 0.00708466 0.661653
3.45 0.029853 0.00708305 0.661532
3.455 0.0298746 0.00708147 0.661412
3.46 0.0298961 0.00707992 0.661292
3.465 0.0299176 0.00707839 0.661171
3.47 0.0299391 0.0070769 0.66105
3.475 0.0299605 0.00707544 0.66093
3.48 0.0299819 0.00707401 0.660809
3.485 0.0300032 0.00707261 0.660689
3.49 0.0300245 0.00707124 0.660568
3.495 0.0300458 0.0070699 0.660447
3.5 0.030067 0.0070686 0.660326
3.505 0.0300883 0.00706733 0.660206
3.51 0.0301094 0.00706609 0.660085
3.515 0.0301306 0.00706489 0.659964
3.52 0.0301516 0.00706372 0.659843
3.525 0.0301727 0.00706259 0.659722
3.53 0.0301937 0.0070615 0.659601
3.535 0.0302147 0.00706044 0.65948
3.54 0.0302357 0.00705942 0.659359
3.545 0.0302566 0.00705843 0.659238
3.55 0.0302775 0.00705749 0.659117
3.555 0.0302983 0.00705658 0.658996
3.56 0.0303191 0.00705571 0.658875
3.565 0.0303399 0.00705489 0.658753
3.57 0.0303606 0.0070541 0.658632
3.575 0.0303813 0.00705335 0.658511
3.58 0.030402 0.00705265 0.658389
3.585 0.0304226 0.00705198 0.658268
3.59 0.0304432 0.00705136 0.658147
3.595 0.0304638 0.00705078 0.658025
3.6 0.0304843 0.00705025 0.657904
3.605 0.0305048 0.00704975 0.657782
3.61 0.0305252 0.00704931 0.65766
3.615 0.0305456 0.00704891 0.657539
3.62 0.030566 0.00704855 0.657417
3.625 0.0305863 0.00704824 0.657295
3.63 0.0306066 0.00704797 0.657173
3.635 0.0306269 0.00704776 0.657051
3.64 0.0306471 0.00704759 0.656929
3.645 0.0306673 0.00704747 0.656807
3.65 0.0306875 0.00704739 0.656685
3.655 0.0307076 0.00704737 0.656563
3.66 0.0307277 0.0070474 0.656441
3.665 0.0307478 0.00704747 0.656319
3.67 0.0307678 0.0070476 0.656196
3.675 0.0307878 0.00704778 0.656074
3.68 0.0308078 0.00704801 0.655952
3.685 0.0308277 0.00704829 0.655829
3.69 0.0308476 0.00704863 0.655707
3.695 0.0308674 0.00704902 0.655584
3.7 0.0308872 0.00704946 0.655461
3.705 0.030907 0.00704995 0.655339
3.71 0.0309268 0.00705051 0.655216
3.715 0.0309465 0.00705111 0.655093
3.72 0.0309662 0.00705178 0.65497
3.725 0.0309858 0.00705249 0.654847
3.73 0.0310054 0.00705327 0.654724
3.735 0.031025 0.0070541 0.654601
3.74 0.0310445 0.007055 0.654477
3.745 0.031064 0.00705594 0.654354
3.75 0.0310835 0.00705695 0.654231
3.755 0.031103 0.00705802 0.654107
3.76 0.0311224 0.00705915 0.653984
3.765 0.0311417 0.00706034 0.65386
3.77 0.0311611 0.00706159 0.653737
3.775 0.0311804 0.0070629 0.653613
3.78 0.0311997 0.00706427 0.653489
3.785 0.0312189 0.00706571 0.653365
3.79 0.0312381 0.0070672 0.653241
3.795 0.0312573 0.00706877 0.653117
3.8 0.0312764 0.00707039 0.652993
3.805 0.0312955 0.00707208 0.652869
3.81 0.0313146 0.00707383 0.652745
3.815 0.0313337 0.00707565 0.652621
3.82 0.0313527 0.00707754 0.652496
3.825 0.0313716 0.00707948 0.652372
3.83 0.0313906 0.00708149 0.652247
3.835 0.0314095 0.00708357 0.652122
3.84 0.0314284 0.00708571 0.651998
3.845 0.0314472 0.00708791 0.651873
3.85 0.031466 0.00709017 0.651748
3.855 0.0314847 0.0070925 0.651623
3.86 0.0315034 0.00709488 0.651498
3.865 0.0315221 0.00709733 0.651373
3.87 0.0315407 0.00709984 0.651248
3.875 0.0315593 0.00710241 0.651123
3.88 0.0315779 0.00710505 0.650997
3.885 0.0315964 0.00710774 0.650872
3.89 0.0316148 0.00711049 0.650746
3.895 0.0316332 0.0071133 0.650621
3.9 0.0316516 0.00711617 0.650495
3.905 0.0316699 0.00711909 0.65037
3.91 0.0316882 0.00712208 0.650244
3.915 0.0317064 0.00712512 0.650118
3.92 0.0317246 0.00712822 0.649993
3.925 0.0317427 0.00713138 0.649867
3.93 0.0317608 0.00713459 0.649741
3.935 0.0317788 0.00713785 0.649615
3.94 0.0317968 0.00714117 0.649489
3.945 0.0318147 0.00714455 0.649363
3.95 0.0318326 0.00714798 0.649237
3.955 0.0318504 0.00715146 0.649111
3.96 0.0318682 0.007155 0.648984
3.965 0.0318859 0.00715858 0.648858
3.97 0.0319035 0.00716222 0.648732
3.975 0.0319211 0.00716591 0.648606
3.98 0.0319387 0.00716965 0.648479
3.985 0.0319561 0.00717344 0.648353
3.99 0.0319736 0.00717728 0.648226
3.995 0.0319909 0.00718117 0.6481
4 0.0320083 0.0071851 0.647973
4.005 0.0320255 0.00718908 0.647847
4.01 0.0320427 0.00719311 0.64772
4.015 0.0320598 0.00719719 0.647593
4.02 0.0320769 0.00720131 0.647467
4.025 0.0320939 0.00720547 0.64734
4.03 0.0321109 0.00720968 0.647213
4.035 0.0321278 0.00721393 0.647087
4.04 0.0321446 0.00721822 0.64696
4.045 0.0321613 0.00722256 0.646833
4.05 0.032178 0.00722693 0.646706
4.055 0.0321947 0.00723135 0.646579
4.06 0.0322113 0.0072358 0.646452
4.065 0.0322278 0.0072403 0.646326
4.07 0.0322442 0.00724483 0.646199
4.075 0.0322606 0.0072494 0.646072
4.08 0.0322769 0.00725401 0.645945
4.085 0.0322932 0.00725865 0.645818
4.09 0.0323093 0.00726332 0.645691
4.095 0.0323254 0.00726803 0.645564
4.1 0.0323415 0.00727278 0.645437
4.105 0.0323575 0.00727755 0.64531
4.11 0.0323734 0.00728236 0.645183
4.115 0.0323892 0.0072872 0.645056
4.12 0.032405 0.00729207 0.644929
4.125 0.0324207 0.00729697 0.644802
4.13 0.0324363 0.00730189 0.644675
4.135 0.0324519 0.00730685 0.644548
4.14 0.0324674 0.00731183 0.64442
4.145 0.0324828 0.00731683 0.644293
4.15 0.0324981 0.00732186 0.644166
4.155 0.0325134 0.00732692 0.644039
4.16 0.0325286 0.00733199 0.643912
4.165 0.0325438 0.00733709 0.643785
4.17 0.0325588 0.00734221 0.643658
4.175 0.0325738 0.00734736 0.643531
4.18 0.0325887 0.00735252 0.643404
4.185 0.0326036 0.00735769 0.643277
4.19 0.0326183 0.00736289 0.64315
4.195 0.032633 0.0073681 0.643023
4.2 0.0326477 0.00737333 0.642896
4.205 0.0326622 0.00737857 0.642769
4.21 0.0326767 0.00738383 0.642642
4.215 0.0326911 0.0073891 0.642515
4.22 0.0327054 0.00739438 0.642389
4.225 0.0327196 0.00739967 0.642262
4.23 0.0327338 0.00740497 0.642135
4.235 0.0327479 0.00741028 0.642008
4.24 0.0327619 0.0074156 0.641881
4.245 0.0327759 0.00742092 0.641755
4.25 0.0327897 0.00742625 0.641628
4.255 0.0328035 0.00743159 0.641501
4.26 0.0328172 0.00743693 0.641374
4.265 0.0328308 0.00744227 0.641248
4.27 0.0328444 0.00744761 0.641121
4.275 0.0328579 0.00745295 0.640995
4.28 0.0328713 0.00745829 0.640868
4.285 0.0328846 0.00746363 0.640741
4.29 0.0328978 0.00746897 0.640615
4.295 0.032911 0.0074743 0.640489
4.3 0.0329241 0.00747963 0.640362
4.305 0.0329371 0.00748495 0.640236
4.31 0.03295 0.00749026 0.64011
4.315 0.0329628 0.00749557 0.639983
4.32 0.0329756 0.00750087 0.639857
4.325 0.0329883 0.00750615 0.639731
4.33 0.0330009 0.00751143 0.639605
4.335 0.0330134 0.00751669 0.639479
4.34 0.0330258 0.00752193 0.639353
4.345 0.0330382 0.00752717 0.639227
4.35 0.0330504 0.00753238 0.639101
4.355 0.0330626 0.00753758 0.638975
4.36 0.0330748 0.00754276 0.638849
4.365 0.0330868 0.00754792 0.638724
4.37 0.0330987 0.00755306 0.638598
4.375 0.0331106 0.00755817 0.638472
4.38 0.0331224 0.00756326 0.638347
4.385 0.0331341 0.00756833 0.638221
4.39 0.0331457 0.00757337 0.638096
4.395 0.0331572 0.00757839 0.63797
4.4 0.0331687 0.00758337 0.637845
4.405 0.0331801 0.00758833 0.63772
4.41 0.0331914 0.00759325 0.637595
4.415 0.0332026 0.00759814 0.63747
4.42 0.0332137 0.007603 0.637345
4.425 0.0332247 0.00760783 0.63722
4.43 0.0332357 0.00761262 0.637095
4.435 0.0332466 0.00761737 0.63697
4.44 0.0332573 0.00762208 0.636846
4.445 0.033268 0.00762675 0.636721
4.45 0.0332787 0.00763138 0.636596
4.455 0.0332892 0.00763597 0.636472
4.46 0.0332996 0.00764051 0.636348
4.465 0.03331 0.00764501 0.636223
4.47 0.0333203 0.00764947 0.636099
4.475 0.0333305 0.00765387 0.635975
4.48 0.0333406 0.00765823 0.635851
4.485 0.0333506 0.00766253 0.635727
4.49 0.0333606 0.00766678 0.635603
4.495 0.0333704 0.00767098 0.63548
4.5 0.0333802 0.00767513 0.635356
4.505 0.0333899 0.00767922 0.635233
4.51 0.0333995 0.00768325 0.635109
4.515 0.033409 0.00768722 0.634986
4.52 0.0334184 0.00769113 0.634863
4.525 0.0334278 0.00769498 0.634739
4.53 0.033437 0.00769876 0.634616
4.535 0.0334462 0.00770249 0.634494
4.54 0.0334553 0.00770614 0.634371
4.545 0.0334643 0.00770973 0.634248
4.55 0.0334732 0.00771325 0.634125
4.555 0.033482 0.0077167 0.634003
4.56 0.0334908 0.00772007 0.633881
4.565 0.0334994 0.00772337 0.633758
4.57 0.033508 0.0077266 0.633636
4.575 0.0335165 0.00772975 0.633514
4.58 0.0335249 0.00773282 0.633392
4.585 0.0335332 0.00773582 0.633271
4.59 0.0335414 0.00773873 0.633149
4.595 0.0335495 0.00774156 0.633027
4.6 0.0335576 0.0077443 0.632906
4.605 0.0335655 0.00774696 0.632785
4.61 0.0335734 0.00774954 0.632663
4.615 0.0335812 0.00775202 0.632542
4.62 0.0335889 0.00775441 0.632422
4.625 0.0335965 0.00775671 0.632301
4.63 0.033604 0.00775892 0.63218
4.635 0.0336114 0.00776103 0.63206
4.64 0.0336188 0.00776305 0.631939
4.645 0.033626 0.00776497 0.631819
4.65 0.0336332 0.00776678 0.631699
4.655 0.0336403 0.0077685 0.631579
4.66 0.0336473 0.00777011 0.631459
4.665 0.0336542 0.00777162 0.631339
4.67 0.033661 0.00777302 0.63122
4.675 0.0336677 0.00777431 0.6311
4.68 0.0336744 0.00777549 0.630981
4.685 0.0336809 0.00777656 0.630862
4.69 0.0336874 0.00777752 0.630743
4.695 0.0336937 0.00777836 0.630624
4.7 0.0337 0.00777908 0.630506
4.705 0.0337062 0.00777969 0.630387
4.71 0.0337123 0.00778017 0.630269
4.715 0.0337183 0.00778054 0.630151
4.72 0.0337243 0.00778078 0.630033
4.725 0.0337301 0.00778089 0.629915
4.73 0.0337358 0.00778088 0.629797
4.735 0.0337415 0.00778074 0.62968
4.74 0.0337471 0.00778047 0.629562
4.745 0.0337525 0.00778006 0.629445
4.75 0.0337579 0.00777952 0.629328
4.755 0.0337632 0.00777884 0.629211
4.76 0.0337684 0.00777804 0.629094
4.765 0.0337735 0.0077771 0.628978
4.77 0.0337786 0.00777604 0.628862
4.775 0.0337835 0.00777485 0.628745
4.78 0.0337883 0.00777354 0.628629
4.785 0.033793 0.00777212 0.628513
4.79 0.0337977 0.00777058 0.628398
4.795 0.0338022 0.00776892 0.628282
4.8 0.0338067 0.00776715 0.628166
4.805 0.033811 0.00776528 0.628051
4.81 0.0338153 0.0077633 0.627936
4.815 0.0338195 0.00776121 0.627821
4.82 0.0338236 0.00775902 0.627706
4.825 0.0338276 0.00775673 0.627591
4.83 0.0338315 0.00775433 0.627476
4.835 0.0338354 0.00775185 0.627361
4.84 0.0338391 0.00774927 0.627247
4.845 0.0338428 0.00774659 0.627132
4.85 0.0338464 0.00774383 0.627018
4.855 0.0338498 0.00774098 0.626904
4.86 0.0338533 0.00773804 0.626789
4.865 0.0338566 0.00773502 0.626675
4.87 0.0338598 0.00773191 0.626561
4.875 0.033863 0.00772873 0.626447
4.88 0.033866 0.00772547 0.626333
4.885 0.033869 0.00772213 0.626219
4.89 0.0338719 0.00771872 0.626105
4.895 0.0338748 0.00771524 0.625991
4.9 0.0338775 0.00771169 0.625878
4.905 0.0338802 0.00770808 0.625764
4.91 0.0338827 0.0077044 0.62565
4.915 0.0338852 0.00770065 0.625536
4.92 0.0338877 0.00769685 0.625423
4.925 0.03389 0.00769299 0.625309
4.93 0.0338923 0.00768907 0.625195
4.935 0.0338945 0.0076851 0.625082
4.94 0.0338966 0.00768108 0.624968
4.945 0.0338986 0.00767701 0.624854
4.95 0.0339006 0.00767289 0.624741
4.955 0.0339025 0.00766873 0.624627
4.96 0.0339043 0.00766453 0.624513
4.965 0.033906 0.00766029 0.624399
4.97 0.0339076 0.00765601 0.624285
4.975 0.0339092 0.00765169 0.624172
4.98 0.0339107 0.00764734 0.624058
4.985 0.0339121 0.00764296 0.623944
4.99 0.0339135 0.00763855 0.62383
4.995 0.0339148 0.00763412 0.623716
5 0.033916 0.00762966 0.623602
5.005 0.0339171 0.00762518 0.623487
5.01 0.0339182 0.00762068 0.623373
5.015 0.0339192 0.00761617 0.623259
5.02 0.0339201 0.00761164 0.623144
5.025 0.0339209 0.0076071 0.62303
5.03 0.0339217 0.00760255 0.622915
5.035 0.0339224 0.00759799 0.6228
5.04 0.033923 0.00759343 0.622686
5.045 0.0339236 0.00758887 0.622571
5.05 0.0339241 0.0075843 0.622456
5.055 0.0339245 0.00757974 0.62234
5.06 0.0339248 0.00757519 0.622225
5.065 0.0339251 0.00757064 0.62211
5.07 0.0339253 0.0075661 0.621994
5.075 0.0339255 0.00756158 0.621878
5.08 0.0339255 0.00755707 0.621763
5.085 0.0339255 0.00755258 0.621647
5.09 0.0339255 0.00754811 0.62153
5.095 0.0339253 0.00754366 0.621414
5.1 0.0339251 0.00753924 0.621298
5.105 0.0339249 0.00753485 0.621181
5.11 0.0339245 0.00753048 0.621064
5.115 0.0339241 0.00752615 0.620947
5.12 0.0339237 0.00752186 0.62083
5.125 0.0339232 0.0075176 0.620712
5.13 0.0339226 0.00751338 0.620595
5.135 0.0339219 0.00750921 0.620477
5.14 0.0339212 0.00750508 0.620359
5.145 0.0339204 0.00750101 0.620241
5.15 0.0339195 0.00749698 0.620122
5.155 0.0339186 0.00749301 0.620004
5.16 0.0339176 0.00748909 0.619885
5.165 0.0339165 0.00748523 0.619766
5.17 0.0339154 0.00748144 0.619646
5.175 0.0339143 0.0074777 0.619527
5.18 0.033913 0.00747404 0.619407
5.185 0.0339117 0.00747045 0.619287
5.19 0.0339103 0.00746693 0.619166
5.195 0.0339089 0.00746348 0.619046
5.2 0.0339074 0.0074601 0.618925
5.205 0.0339059 0.00745679 0.618804
5.21 0.0339043 0.00745354 0.618682
5.215 0.0339026 0.00745036 0.618561
5.22 0.0339009 0.00744723 0.618439
5.225 0.0338991 0.00744417 0.618316
5.23 0.0338973 0.00744115 0.618194
5.235 0.0338955 0.00743819 0.618071
5.24 0.0338936 0.00743528 0.617948
5.245 0.0338916 0.00743242 0.617825
5.25 0.0338896 0.00742961 0.617701
5.255 0.0338875 0.00742684 0.617578
5.26 0.0338854 0.00742412 0.617454
5.265 0.0338833 0.00742144 0.61733
5.27 0.0338811 0.00741881 0.617205
5.275 0.0338788 0.00741621 0.617081
5.28 0.0338765 0.00741365 0.616956
5.285 0.0338742 0.00741113 0.616831
5.29 0.0338718 0.00740865 0.616705
5.295 0.0338694 0.0074062 0.61658
5.3 0.0338669 0.00740378 0.616454
5.305 0.0338645 0.00740139 0.616328
5.31 0.0338619 0.00739904 0.616202
5.315 0.0338594 0.00739671 0.616075
5.32 0.0338567 0.00739441 0.615949
5.325 0.0338541 0.00739213 0.615822
5.33 0.0338514 0.00738988 0.615695
5.335 0.0338487 0.00738766 0.615568
5.34 0.033846 0.00738545 0.615441
5.345 0.0338432 0.00738326 0.615313
5.35 0.0338404 0.0073811 0.615185
5.355 0.0338376 0.00737895 0.615057
5.36 0.0338347 0.00737682 0.614929
5.365 0.0338318 0.0073747 0.614801
5.37 0.0338289 0.0073726 0.614672
5.375 0.0338259 0.00737051 0.614544
5.38 0.0338229 0.00736843 0.614415
5.385 0.0338199 0.00736636 0.614286
5.39 0.0338169 0.0073643 0.614157
5.395 0.0338139 0.00736224 0.614028
5.4 0.0338108 0.00736019 0.613898
5.405 0.0338077 0.00735815 0.613769
5.41 0.0338046 0.00735611 0.613639
5.415 0.0338014 0.00735407 0.613509
5.42 0.0337983 0.00735204 0.613379
5.425 0.0337951 0.00735 0.613249
5.43 0.0337919 0.00734796 0.613119
5.435 0.0337887 0.00734592 0.612988
5.44 0.0337855 0.00734388 0.612857
5.445 0.0337822 0.00734183 0.612727
5.45 0.033779 0.00733977 0.612596
5.455 0.0337757 0.00733771 0.612465
5.46 0.0337725 0.00733563 0.612334
5.465 0.0337692 0.00733355 0.612203
5.47 0.0337659 0.00733146 0.612071
5.475 0.0337626 0.00732935 0.61194
5.48 0.0337592 0.00732723 0.611808
5.485 0.0337559 0.0073251 0.611677
5.49 0.0337526 0.00732295 0.611545
5.495 0.0337493 0.00732078 0.611413
5.5 0.0337459 0.0073186 0.611281
5.505 0.0337426 0.00731639 0.611149
5.51 0.0337392 0.00731417 0.611017
5.515 0.0337359 0.00731193 0.610885
5.52 0.0337325 0.00730966 0.610752
5.525 0.0337292 0.00730737 0.61062
5.53 0.0337258 0.00730505 0.610488
5.535 0.0337225 0.00730271 0.610355
5.54 0.0337191 0.00730034 0.610222
5.545 0.0337158 0.00729794 0.61009
5.55 0.0337125 0.00729552 0.609957
5.555 0.0337091 0.00729306 0.609824
5.56 0.0337058 0.00729057 0.609691
5.565 0.0337025 0.00728805 0.609558
5.57 0.0336992 0.0072855 0.609425
5.575 0.0336959 0.00728291 0.609292
5.58 0.0336926 0.00728029 0.609159
5.585 0.0336893 0.00727763 0.609026
5.59 0.033686 0.00727493 0.608893
5.595 0.0336828 0.00727219 0.60876
5.6 0.0336795 0.00726942 0.608626
5.605 0.0336763 0.0072666 0.608493
5.61 0.0336731 0.00726374 0.60836
5.615 0.0336699 0.00726084 0.608226
5.62 0.0336667 0.00725789 0.608093
5.625 0.0336636 0.0072549 0.607959
5.63 0.0336604 0.00725187 0.607826
5.635 0.0336573 0.00724879 0.607692
5.64 0.0336542 0.00724566 0.607559
5.645 0.0336511 0.00724248 0.607425
5.65 0.0336481 0.00723925 0.607292
5.655 0.033645 0.00723597 0.607158
5.66 0.033642 0.00723264 0.607025
5.665 0.0336391 0.00722925 0.606891
5.67 0.0336361 0.00722582 0.606758
5.675 0.0336332 0.00722232 0.606624
5.68 0.0336303 0.00721878 0.606491
5.685 0.0336274 0.00721517 0.606357
5.69 0.0336246 0.00721151 0.606224
5.695 0.0336218 0.00720779 0.60609
5.7 0.033619 0.00720402 0.605957
5.705 0.0336162 0.00720018 0.605823
5.71 0.0336135 0.00719628 0.60569
5.715 0.0336108 0.00719232 0.605557
5.72 0.0336082 0.00718829 0.605423
5.725 0.0336056 0.0071842 0.60529
5.73 0.033603 0.00718005 0.605157
5.735 0.0336005 0.00717583 0.605023
5.74 0.033598 0.00717155 0.60489
5.745 0.0335956 0.00716719 0.604757
5.75 0.0335932 0.00716277 0.604624
5.755 0.0335908 0.00715828 0.604491
5.76 0.0335885 0.00715372 0.604358
5.765 0.0335862 0.00714909 0.604225
5.77 0.033584 0.00714439 0.604092
5.775 0.0335818 0.00713962 0.603959
5.78 0.0335797 0.00713477 0.603827
5.785 0.0335776 0.00712986 0.603694
5.79 0.0335755 0.00712489 0.603561
5.795 0.0335735 0.00711985 0.603429
5.8 0.0335715 0.00711475 0.603296
5.805 0.0335696 0.00710959 0.603164
5.81 0.0335677 0.00710437 0.603031
5.815 0.0335659 0.0070991 0.602899
5.82 0.0335641 0.00709376 0.602766
5.825 0.0335623 0.00708838 0.602634
5.83 0.0335605 0.00708294 0.602502
5.835 0.0335588 0.00707745 0.60237
5.84 0.0335572 0.0070719 0.602237
5.845 0.0335555 0.00706631 0.602105
5.85 0.0335539 0.00706067 0.601973
5.855 0.0335523 0.00705499 0.601841
5.86 0.0335508 0.00704926 0.601709
5.865 0.0335493 0.00704348 0.601577
5.87 0.0335478 0.00703766 0.601445
5.875 0.0335463 0.0070318 0.601313
5.88 0.0335449 0.0070259 0.601181
5.885 0.0335434 0.00701996 0.601049
5.89 0.033542 0.00701398 0.600917
5.895 0.0335407 0.00700797 0.600785
5.9 0.0335393 0.00700192 0.600653
5.905 0.033538 0.00699583 0.600521
5.91 0.0335366 0.00698971 0.600389
5.915 0.0335353 0.00698356 0.600257
5.92 0.0335341 0.00697737 0.600125
5.925 0.0335328 0.00697116 0.599993
5.93 0.0335315 0.00696491 0.599861
5.935 0.0335303 0.00695864 0.599729
5.94 0.0335291 0.00695234 0.599597
5.945 0.0335278 0.00694602 0.599466
5.95 0.0335266 0.00693967 0.599334
5.955 0.0335254 0.0069333 0.599202
5.96 0.0335242 0.0069269 0.59907
5.965 0.0335231 0.00692048 0.598937
5.97 0.0335219 0.00691404 0.598805
5.975 0.0335207 0.00690759 0.598673
5.98 0.0335195 0.00690111 0.598541
5.985 0.0335183 0.00689461 0.598409
5.99 0.0335172 0.0068881 0.598277
5.995 0.033516 0.00688158 0.598145
6 0.0335148 0.00687504 0.598012
6.005 0.0335137 0.00686848 0.59788
6.01 0.0335125 0.00686192 0.597748
6.015 0.0335113 0.00685534 0.597616
6.02 0.0335101 0.00684875 0.597483
6.025 0.0335089 0.00684215 0.597351
6.03 0.0335077 0.00683554 0.597218
6.035 0.0335065 0.00682893 0.597086
6.04 0.0335053 0.0068223 0.596953
6.045 0.033504 0.00681568 0.59682
6.05 0.0335028 0.00680904 0.596688
6.055 0.0335015 0.0068024 0.596555
6.06 0.0335003 0.00679576 0.596422
6.065 0.033499 0.00678912 0.596289
6.07 0.0334977 0.00678248 0.596156
6.075 0.0334964 0.00677583 0.596023
6.08 0.033495 0.00676919 0.59589
6.085 0.0334937 0.00676254 0.595757
6.09 0.0334923 0.0067559 0.595623
6.095 0.0334909 0.00674927 0.59549
6.1 0.0334895 0.00674263 0.595357
6.105 0.033488 0.006736 0.595223
6.11 0.0334865 0.00672938 0.59509
6.115 0.033485 0.00672276 0.594956
6.12 0.0334835 0.00671615 0.594822
6.125 0.033482 0.00670955 0.594688
6.13 0.0334804 0.00670295 0.594554
6.135 0.0334788 0.00669637 0.59442
6.14 0.0334771 0.0066898 0.594286
6.145 0.0334754 0.00668323 0.594152
6.15 0.0334737 0.00667668 0.594018
6.155 0.033472 0.00667014 0.593883
6.16 0.0334702 0.00666362 0.593749
6.165 0.0334684 0.00665711 0.593614
6.17 0.0334665 0.00665062 0.593479
6.175 0.0334646 0.00664414 0.593344
6.18 0.0334627 0.00663767 0.593209
6.185 0.0334607 0.00663123 0.593074
6.19 0.0334587 0.0066248 0.592939
6.195 0.0334566 0.0066184 0.592804
6.2 0.0334545 0.00661201 0.592668
6.205 0.0334524 0.00660564 0.592532
6.21 0.0334502 0.00659929 0.592397
6.215 0.0334479 0.00659297 0.592261
6.22 0.0334456 0.00658666 0.592125
6.225 0.0334433 0.00658038 0.591989
6.23 0.0334409 0.00657413 0.591853
6.235 0.0334384 0.0065679 0.591716
6.24 0.0334359 0.00656169 0.59158
6.245 0.0334334 0.00655551 0.591443
6.25 0.0334308 0.00654936 0.591306
6.255 0.0334281 0.00654323 0.591169
6.26 0.0334254 0.00653713 0.591032
6.265 0.0334226 0.00653106 0.590895
6.27 0.0334197 0.00652502 0.590757
6.275 0.0334168 0.00651901 0.59062
6.28 0.0334139 0.00651303 0.590482
6.285 0.0334108 0.00650708 0.590344
6.29 0.0334077 0.00650116 0.590206
6.295 0.0334046 0.00649528 0.590068
6.3 0.0334013 0.00648943 0.58993
6.305 0.0333981 0.00648361 0.589791
6.31 0.0333947 0.00647783 0.589652
6.315 0.0333913 0.00647208 0.589514
6.32 0.0333878 0.00646636 0.589375
6.325 0.0333842 0.00646069 0.589235
6.33 0.0333805 0.00645505 0.589096
6.335 0.0333768 0.00644944 0.588956
6.34 0.033373 0.00644388 0.588817
6.345 0.0333692 0.00643835 0.588677
6.35 0.0333652 0.00643286 0.588537
6.355 0.0333612 0.00642741 0.588396
6.36 0.0333571 0.00642201 0.588256
6.365 0.033353 0.00641664 0.588115
6.37 0.0333488 0.00641132 0.587974
6.375 0.0333445 0.00640605 0.587832
6.38 0.0333402 0.0064008 0.58769
6.385 0.0333358 0.0063956 0.587548
6.39 0.0333314 0.00639043 0.587405
6.395 0.033327 0.00638529 0.587262
6.4 0.0333225 0.00638017 0.587118
6.405 0.033318 0.00637508 0.586973
6.41 0.0333135 0.00637001 0.586827
6.415 0.0333089 0.00636496 0.586681
6.42 0.0333043 0.00635993 0.586534
6.425 0.0332997 0.0063549 0.586386
6.43 0.0332951 0.00634989 0.586238
6.435 0.0332904 0.00634487 0.586088
6.44 0.0332858 0.00633986 0.585937
6.445 0.0332811 0.00633484 0.585786
6.45 0.0332764 0.00632982 0.585633
6.455 0.0332718 0.00632478 0.585479
6.46 0.0332671 0.00631973 0.585324
6.465 0.0332624 0.00631466 0.585167
6.47 0.0332578 0.00630957 0.58501
6.475 0.0332532 0.00630444 0.584851
6.48 0.0332485 0.00629929 0.58469
6.485 0.0332439 0.00629409 0.584528
6.49 0.0332394 0.00628886 0.584365
6.495 0.0332348 0.00628358 0.5842
6.5 0.0332303 0.00627825 0.584034
6.505 0.0332258 0.00627286 0.583866
6.51 0.0332213 0.00626741 0.583696
6.515 0.0332169 0.00626189 0.583525
6.52 0.0332125 0.0062563 0.583351
6.525 0.0332082 0.00625064 0.583176
6.53 0.0332039 0.0062449 0.583
6.535 0.0331997 0.00623906 0.582821
6.54 0.0331955 0.00623314 0.58264
6.545 0.0331914 0.00622711 0.582457
6.55 0.0331874 0.00622099 0.582272
6.555 0.0331834 0.00621475 0.582085
6.56 0.0331795 0.00620839 0.581896
6.565 0.0331756 0.00620192 0.581705
6.57 0.0331719 0.00619531 0.581511
6.575 0.0331682 0.00618857 0.581315
6.58 0.0331646 0.00618169 0.581117
6.585 0.0331611 0.00617467 0.580916
6.59 0.0331576 0.00616749 0.580713
6.595 0.0331543 0.00616015 0.580507
6.6 0.0331511 0.00615268 0.580299
6.605 0.033148 0.00614506 0.580089
6.61 0.033145 0.0061373 0.579877
6.615 0.0331421 0.0061294 0.579662
6.62 0.0331394 0.00612137 0.579446
6.625 0.0331368 0.00611321 0.579228
6.63 0.0331343 0.00610492 0.579007
6.635 0.033132 0.0060965 0.578785
6.64 0.0331299 0.00608795 0.578562
6.645 0.0331279 0.00607928 0.578336
6.65 0.0331261 0.0060705 0.578109
6.655 0.0331245 0.0060616 0.577881
6.66 0.033123 0.00605259 0.577651
6.665 0.0331218 0.00604347 0.57742
6.67 0.0331207 0.00603425 0.577187
6.675 0.0331198 0.00602493 0.576954
6.68 0.0331192 0.00601551 0.576719
6.685 0.0331187 0.006006 0.576483
6.69 0.0331184 0.0059964 0.576246
6.695 0.0331184 0.00598673 0.576009
6.7 0.0331186 0.00597696 0.57577
6.705 0.0331189 0.0059671 0.575531
6.71 0.0331194 0.00595712 0.575291
6.715 0.0331201 0.00594702 0.57505
6.72 0.0331208 0.00593681 0.574809
6.725 0.0331216 0.00592647 0.574566
6.73 0.0331225 0.00591602 0.574323
6.735 0.0331235 0.00590546 0.574079
6.74 0.0331246 0.00589478 0.573835
6.745 0.0331257 0.005884 0.57359
6.75 0.0331268 0.00587312 0.573344
6.755 0.0331279 0.00586214 0.573097
6.76 0.0331291 0.00585107 0.57285
6.765 0.0331302 0.00583991 0.572602
6.77 0.0331313 0.00582866 0.572353
6.775 0.0331324 0.00581733 0.572104
6.78 0.0331334 0.00580593 0.571854
6.785 0.0331344 0.00579445 0.571604
6.79 0.0331354 0.00578291 0.571352
6.795 0.0331363 0.00577131 0.571101
6.8 0.0331371 0.00575965 0.570849
6.805 0.0331378 0.00574794 0.570596
6.81 0.0331384 0.00573618 0.570342
6.815 0.0331389 0.00572438 0.570089
6.82 0.0331393 0.00571255 0.569834
6.825 0.0331396 0.00570068 0.569579
6.83 0.0331398 0.00568878 0.569324
6.835 0.0331398 0.00567686 0.569068
6.84 0.0331397 0.00566492 0.568812
6.845 0.0331394 0.00565296 0.568555
6.85 0.0331389 0.005641 0.568298
6.855 0.0331383 0.00562903 0.56804
6.86 0.0331376 0.00561709 0.567782
6.865 0.0331368 0.00560518 0.567524
6.87 0.0331358 0.00559331 0.567265
6.875 0.0331348 0.00558148 0.567006
6.88 0.0331337 0.00556969 0.566747
6.885 0.0331325 0.00555795 0.566488
6.89 0.0331313 0.00554625 0.566229
6.895 0.03313 0.00553459 0.56597
6.9 0.0331286 0.00552298 0.56571
6.905 0.0331273 0.00551141 0.565451
6.91 0.0331258 0.00549989 0.565192
6.915 0.0331244 0.0054884 0.564933
6.92 0.0331229 0.00547696 0.564674
6.925 0.0331214 0.00546556 0.564415
6.93 0.0331199 0.00545419 0.564157
6.935 0.0331183 0.00544287 0.563898
6.94 0.0331168 0.00543158 0.56364
6.945 0.0331152 0.00542033 0.563383
6.95 0.0331137 0.00540912 0.563125
6.955 0.0331121 0.00539795 0.562869
6.96 0.0331106 0.00538681 0.562612
6.965 0.033109 0.00537571 0.562357
6.97 0.0331075 0.00536465 0.562101
6.975 0.033106 0.00535362 0.561847
6.98 0.0331045 0.00534263 0.561593
6.985 0.033103 0.00533168 0.561339
6.99 0.0331016 0.00532077 0.561087
6.995 0.0331002 0.00530989 0.560835
7 0.0330989 0.00529906 0.560584
7.005 0.0330975 0.00528826 0.560334
7.01 0.0330962 0.0052775 0.560084
7.015 0.033095 0.00526679 0.559836
7.02 0.0330938 0.00525612 0.559588
7.025 0.0330926 0.00524549 0.559342
7.03 0.0330915 0.00523491 0.559096
7.035 0.0330905 0.00522438 0.558852
7.04 0.0330895 0.0052139 0.558609
7.045 0.0330886 0.00520346 0.558367
7.05 0.0330877 0.00519308 0.558126
7.055 0.0330869 0.00518275 0.557886
7.06 0.0330862 0.00517248 0.557648
7.065 0.0330855 0.00516226 0.557411
7.07 0.0330849 0.00515211 0.557175
7.075 0.0330844 0.00514202 0.556941
7.08 0.0330839 0.00513199 0.556708
7.085 0.0330835 0.00512202 0.556477
7.09 0.0330832 0.0051121 0.556247
7.095 0.033083 0.00510223 0.556018
7.1 0.0330827 0.00509242 0.555791
7.105 0.0330826 0.00508265 0.555565
7.11 0.0330825 0.00507293 0.55534
7.115 0.0330824 0.00506326 0.555117
7.12 0.0330824 0.00505363 0.554895
7.125 0.0330824 0.00504405 0.554674
7.13 0.0330824 0.00503452 0.554454
7.135 0.0330825 0.00502503 0.554235
7.14 0.0330826 0.00501559 0.554017
7.145 0.0330827 0.00500619 0.553801
7.15 0.0330829 0.00499684 0.553585
7.155 0.0330831 0.00498753 0.553371
7.16 0.0330833 0.00497827 0.553157
7.165 0.0330836 0.00496906 0.552945
7.17 0.0330838 0.00495988 0.552733
7.175 0.0330841 0.00495075 0.552522
7.18 0.0330844 0.00494166 0.552312
7.185 0.0330848 0.00493261 0.552104
7.19 0.0330851 0.00492361 0.551895
7.195 0.0330855 0.00491464 0.551688
7.2 0.0330859 0.00490571 0.551482
7.205 0.0330862 0.00489682 0.551276
7.21 0.0330867 0.00488796 0.551071
7.215 0.0330871 0.00487915 0.550866
7.22 0.0330875 0.00487036 0.550663
7.225 0.0330879 0.00486161 0.550459
7.23 0.0330884 0.00485289 0.550257
7.235 0.0330888 0.0048442 0.550055
7.24 0.0330893 0.00483554 0.549854
7.245 0.0330897 0.0048269 0.549653
7.25 0.0330902 0.00481829 0.549453
7.255 0.0330907 0.00480971 0.549253
7.26 0.0330911 0.00480114 0.549053
7.265 0.0330916 0.0047926 0.548854
7.27 0.0330921 0.00478408 0.548656
7.275 0.0330926 0.00477557 0.548458
7.28 0.033093 0.00476707 0.54826
7.285 0.0330935 0.00475859 0.548062
7.29 0.033094 0.00475011 0.547865
7.295 0.0330944 0.00474164 0.547668
7.3 0.0330949 0.00473318 0.547471
7.305 0.0330954 0.00472472 0.547274
7.31 0.0330958 0.00471626 0.547078
7.315 0.0330963 0.0047078 0.546881
7.32 0.0330967 0.00469933 0.546685
7.325 0.0330971 0.00469085 0.546489
7.33 0.0330976 0.00468236 0.546293
7.335 0.033098 0.00467386 0.546097
7.34 0.0330984 0.00466534 0.545901
7.345 0.0330988 0.00465681 0.545705
7.35 0.0330992 0.00464826 0.545509
7.355 0.0330996 0.0046397 0.545313
7.36 0.0331 0.00463113 0.545116
7.365 0.0331003 0.00462256 0.54492
7.37 0.0331007 0.00461399 0.544724
7.375 0.0331011 0.00460543 0.544528
7.38 0.0331014 0.00459687 0.544331
7.385 0.0331018 0.00458832 0.544135
7.39 0.0331022 0.00457977 0.543938
7.395 0.0331025 0.00457124 0.543742
7.4 0.0331029 0.00456272 0.543545
7.405 0.0331032 0.00455422 0.543348
7.41 0.0331035 0.00454573 0.543151
7.415 0.0331039 0.00453726 0.542954
7.42 0.0331042 0.00452881 0.542757
7.425 0.0331045 0.00452038 0.54256
7.43 0.0331048 0.00451197 0.542363
7.435 0.033105 0.00450359 0.542165
7.44 0.0331053 0.00449524 0.541968
7.445 0.0331055 0.00448691 0.54177
7.45 0.0331058 0.00447861 0.541572
7.455 0.033106 0.00447034 0.541374
7.46 0.0331062 0.0044621 0.541176
7.465 0.0331063 0.00445389 0.540978
7.47 0.0331065 0.00444572 0.540779
7.475 0.0331066 0.00443758 0.540581
7.48 0.0331067 0.00442948 0.540382
7.485 0.0331068 0.00442142 0.540183
7.49 0.0331068 0.00441339 0.539983
7.495 0.0331068 0.00440541 0.539784
7.5 0.0331068 0.00439747 0.539584
7.505 0.0331068 0.00438957 0.539384
7.51 0.0331067 0.00438171 0.539184
7.515 0.0331066 0.0043739 0.538983
7.52 0.0331065 0.00436613 0.538783
7.525 0.0331064 0.00435841 0.538582
7.53 0.0331062 0.00435074 0.538381
7.535 0.0331059 0.00434312 0.538179
7.54 0.0331057 0.00433555 0.537977
7.545 0.0331054 0.00432802 0.537775
7.55 0.033105 0.00432055 0.537573
7.555 0.0331047 0.00431314 0.53737
7.56 0.0331043 0.00430577 0.537167
7.565 0.0331038 0.00429846 0.536964
7.57 0.0331033 0.00429121 0.536761
7.575 0.0331028 0.00428401 0.536557
7.58 0.0331022 0.00427687 0.536353
7.585 0.0331016 0.00426978 0.536148
7.59 0.0331009 0.00426276 0.535943
7.595 0.0331002 0.00425579 0.535738
7.6 0.0330995 0.00424888 0.535532
7.605 0.0330987 0.00424204 0.535326
7.61 0.0330978 0.00423523 0.53512
7.615 0.0330969 0.00422846 0.534914
7.62 0.0330959 0.00422172 0.534707
7.625 0.0330949 0.00421499 0.5345
7.63 0.0330938 0.00420826 0.534293
7.635 0.0330926 0.00420153 0.534085
7.64 0.0330913 0.00419478 0.533878
7.645 0.03309 0.00418802 0.53367
7.65 0.0330886 0.00418124 0.533463
7.655 0.0330871 0.00417443 0.533256
7.66 0.0330856 0.00416759 0.533049
7.665 0.0330841 0.0041607 0.532842
7.67 0.0330825 0.00415378 0.532635
7.675 0.0330808 0.00414681 0.532429
7.68 0.0330791 0.00413978 0.532223
7.685 0.0330774 0.00413271 0.532018
7.69 0.0330757 0.00412557 0.531813
7.695 0.033074 0.00411838 0.531608
7.7 0.0330722 0.00411112 0.531405
7.705 0.0330704 0.00410379 0.531202
7.71 0.0330687 0.0040964 0.530999
7.715 0.0330669 0.00408893 0.530798
7.72 0.0330651 0.00408139 0.530597
7.725 0.0330634 0.00407377 0.530397
7.73 0.0330617 0.00406607 0.530198
7.735 0.0330599 0.0040583 0.53
7.74 0.0330583 0.00405044 0.529803
7.745 0.0330566 0.0040425 0.529608
7.75 0.033055 0.00403447 0.529413
7.755 0.0330535 0.00402636 0.52922
7.76 0.0330519 0.00401817 0.529028
7.765 0.0330505 0.00400988 0.528837
7.77 0.0330491 0.00400151 0.528648
7.775 0.0330477 0.00399305 0.52846
7.78 0.0330465 0.00398451 0.528274
7.785 0.0330453 0.00397587 0.52809
7.79 0.0330441 0.00396715 0.527907
7.795 0.0330431 0.00395834 0.527725
7.8 0.0330421 0.00394944 0.527546
7.805 0.0330413 0.00394045 0.527368
7.81 0.0330405 0.00393138 0.527192
7.815 0.0330399 0.00392224 0.527018
7.82 0.0330393 0.00391304 0.526846
7.825 0.0330389 0.00390381 0.526676
7.83 0.0330387 0.00389454 0.526508
7.835 0.0330387 0.00388526 0.526341
7.84 0.0330388 0.00387596 0.526176
7.845 0.0330391 0.00386666 0.526013
7.85 0.0330395 0.00385736 0.525851
7.855 0.0330401 0.00384805 0.525691
7.86 0.0330409 0.00383875 0.525532
7.865 0.0330418 0.00382946 0.525375
7.87 0.0330428 0.00382016 0.525219
7.875 0.0330439 0.00381086 0.525064
7.88 0.0330451 0.00380156 0.524911
7.885 0.0330463 0.00379224 0.524759
7.89 0.0330477 0.0037829 0.524608
7.895 0.0330491 0.00377355 0.524458
7.9 0.0330505 0.00376418 0.524309
7.905 0.0330519 0.00375479 0.524161
7.91 0.0330534 0.00374538 0.524015
7.915 0.033055 0.00373595 0.523869
7.92 0.0330565 0.00372651 0.523724
7.925 0.0330581 0.00371705 0.523581
7.93 0.0330597 0.00370757 0.523438
7.935 0.0330613 0.00369807 0.523296
7.94 0.033063 0.00368856 0.523156
7.945 0.0330646 0.00367903 0.523016
7.95 0.0330663 0.00366949 0.522877
7.955 0.0330681 0.00365994 0.522739
7.96 0.0330698 0.00365037 0.522601
7.965 0.0330716 0.00364079 0.522465
7.97 0.0330734 0.00363121 0.522329
7.975 0.0330752 0.00362161 0.522194
7.98 0.033077 0.00361201 0.52206
7.985 0.0330789 0.0036024 0.521926
7.99 0.0330808 0.00359279 0.521793
7.995 0.0330827 0.00358316 0.521661
8 0.0330847 0.00357354 0.521529
8.005 0.0330867 0.00356391 0.521399
8.01 0.0330887 0.00355428 0.521268
8.015 0.0330907 0.00354464 0.521139
8.02 0.0330928 0.003535 0.52101
8.025 0.0330949 0.00352537 0.520881
8.03 0.033097 0.00351573 0.520753
8.035 0.0330992 0.00350609 0.520625
8.04 0.0331014 0.00349645 0.520498
8.045 0.0331036 0.00348682 0.520372
8.05 0.0331058 0.00347718 0.520246
8.055 0.0331081 0.00346755 0.52012
8.06 0.0331104 0.00345792 0.519995
8.065 0.0331128 0.0034483 0.51987
8.07 0.0331152 0.00343867 0.519745
8.075 0.0331176 0.00342906 0.519621
8.08 0.03312 0.00341944 0.519497
8.085 0.0331225 0.00340983 0.519374
8.09 0.0331251 0.00340023 0.51925
8.095 0.0331276 0.00339063 0.519127
8.1 0.0331302 0.00338103 0.519005
8.105 0.0331329 0.00337144 0.518882
8.11 0.0331355 0.00336186 0.51876
8.115 0.0331382 0.00335228 0.518637
8.12 0.0331408 0.00334237 0.518516
8.125 0.0331431 0.00333155 0.518398
8.13 0.0331449 0.00331984 0.518282
8.135 0.0331465 0.00330724 0.518168
8.14 0.0331477 0.00329378 0.518057
8.145 0.0331486 0.00327949 0.517949
8.15 0.0331492 0.00326438 0.517843
8.155 0.0331494 0.00324847 0.517739
8.16 0.0331494 0.00323178 0.517637
8.165 0.033149 0.00321433 0.517537
8.17 0.0331483 0.00319613 0.517439
8.175 0.0331474 0.00317721 0.517344
8.18 0.0331461 0.00315757 0.51725
8.185 0.0331445 0.00313724 0.517159
8.19 0.0331427 0.00311623 0.517069
8.195 0.0331406 0.00309454 0.516981
8.2 0.0331382 0.0030722 0.516894
8.205 0.0331355 0.00304923 0.51681
8.21 0.0331326 0.00302562 0.516727
8.215 0.0331294 0.00300139 0.516645
8.22 0.0331259 0.00297657 0.516566
8.225 0.0331222 0.00295114 0.516487
8.23 0.0331182 0.00292514 0.516411
8.235 0.0331139 0.00289856 0.516335
8.24 0.0331094 0.00287142 0.516261
8.245 0.0331047 0.00284373 0.516189
8.25 0.0330997 0.0028155 0.516117
8.255 0.0330945 0.00278673 0.516047
8.26 0.0330891 0.00275743 0.515979
8.265 0.0330834 0.00272762 0.515911
8.27 0.0330774 0.00269729 0.515844
8.275 0.0330713 0.00266647 0.515779
8.28 0.0330649 0.00263514 0.515715
8.285 0.0330583 0.00260333 0.515652
8.29 0.0330514 0.00257104 0.515589
8.295 0.0330444 0.00253827 0.515528
8.3 0.0330371 0.00250504 0.515468
8.305 0.0330296 0.00247134 0.515409
8.31 0.0330218 0.00243718 0.51535
8.315 0.0330139 0.00240257 0.515293
8.32 0.0330057 0.00236751 0.515236
8.325 0.0329973 0.00233201 0.51518
8.33 0.0329887 0.00229607 0.515125
8.335 0.0329803 0.00225563 0.51507
8.34 0.0329717 0.00221274 0.515015
8.345 0.032963 0.00216898 0.514961
8.35 0.0329541 0.00212455 0.514907
8.355 0.032945 0.00207948 0.514854
8.36 0.0329357 0.00203379 0.514802
8.365 0.0329261 0.00198747 0.51475
8.37 0.0329163 0.00194051 0.514699
8.375 0.0329064 0.00189293 0.514648
8.38 0.0328961 0.00184472 0.514598
8.385 0.0328857 0.00179587 0.514548
8.39 0.0328751 0.00174639 0.514498
8.395 0.0328642 0.00169627 0.514449
8.4 0.0328531 0.00164552 0.514401
8.405 0.0328417 0.00159412 0.514352
8.41 0.0328302 0.00154208 0.514305
8.415 0.0328184 0.0014894 0.514257
8.42 0.0328064 0.00143607 0.51421
8.425 0.0327941 0.00138209 0.514163
8.43 0.0327816 0.00132745 0.514116
8.435 0.0327688 0.00127216 0.51407
8.44 0.0327558 0.0012162 0.514024
8.445 0.0327426 0.00115958 0.513978
8.45 0.0327291 0.00110229 0.513932
8.455 0.0327153 0.00104432 0.513886
8.46 0.0327013 0.00098568 0.513841
8.465 0.0326871 0.000926357 0.513796
8.47 0.0326725 0.000866348 0.51375
8.475 0.0326577 0.000805648 0.513705
8.48 0.0326427 0.000744252 0.51366
8.485 0.0326273 0.000682156 0.513615
8.49 0.0326117 0.000619353 0.513571
8.495 0.0325958 0.00055584 0.513526
8.5 0.0325796 0.000491611 0.513481
8.505 0.0325631 0.00042666 0.513436
8.51 0.0325463 0.000360982 0.513391
8.515 0.0325292 0.00029457 0.513347
8.52 0.0325118 0.00022742 0.513302
8.525 0.0324941 0.000159525 0.513257
8.53 0.032476 9.08787e-05 0.513212
8.535 0.0324577 2.14753e-05 0.513167
8.54 0.032439 -4.86917e-05 0.513122
8.545 0.03242 -0.000119629 0.513077
8.55 0.0324007 -0.000191342 0.513031
8.555 0.0323809 -0.000263289 0.512986
8.56 0.0323608 -0.000332729 0.512941
8.565 0.0323404 -0.000396464 0.512899
8.57 0.0323203 -0.000451541 0.512859
8.575 0.032301 -0.000495259 0.512823
8.58 0.032283 -0.000525139 0.512791
8.585 0.0322668 -0.0005389 0.512764
8.59 0.0322528 -0.000534452 0.512743
8.595 0.0322416 -0.000509903 0.51273
8.6 0.0322335 -0.000463579 0.512723
