0 0.00014899 0.000835025
0.005 0.000136024 0.000967887
0.01 0.000126994 0.000705917
0.015 9.88888e-05 0.000665945
0.02 9.79656e-05 0.000662976
0.025 9.68967e-05 0.000672907
0.03 9.70538e-05 0.000694018
0.035 9.80764e-05 0.000666086
0.04 0.00010208 0.000668037
0.045 0.000101003 0.000670913
0.05 0.000101072 0.000668982
0.055 0.000116089 0.000696979
0.06 0.000153106 0.00126509
0.065 0.000132071 0.00100099
0.07 0.000131907 0.00101706
0.075 0.000130887 0.001002
0.08 0.000123056 0.000970032
0.085 0.000146989 0.000969885
0.09 0.000126086 0.000969963
0.095 0.000126057 0.000975934
0.1 0.000150077 0.000718919
0.105 0.000114068 0.000995104
0.11 0.000141071 0.000987927
0.115 0.000137053 0.000907962
0.12 0.000132986 0.000984948
0.125 0.000126996 0.000962965
0.13 0.000129001 0.000983016
0.135 0.000102073 0.00101908
0.14 0.00012789 0.000933098
0.145 0.000127069 0.000989039
0.15 0.00012702 0.000994943
0.155 0.000125945 0.00103211
0.16 0.00017294 0.00119509
0.165 0.000136967 0.00124311
0.17 0.00012704 0.000880009
0.175 0.000132073 0.000994035
0.18 0.000131996 0.000924912
0.185 0.000133057 0.00101002
0.19 0.000128088 0.00101206
0.195 0.000127967 0.00102794
0.2 0.000128925 0.00093794
0.205 0.000128938 0.000834953
0.21 0.000127915 0.00100888
0.215 0.000130905 0.00102801
0.22 0.000130978 0.00102409
0.225 0.000119967 0.000943043
0.23 0.000112059 0.000998002
0.235 0.000128084 0.00102405
0.24 0.000127054 0.000966977
0.245 9.80454e-05 0.000668055
0.25 9.60676e-05 0.000669985
0.255 9.29399e-05 0.000677003
0.26 9.49037e-05 0.000752013
0.265 0.000126989 0.00123391
0.27 0.00014093 0.00132903
0.275 0.000139912 0.00125296
0.28 0.000144985 0.00131603
0.285 0.000135884 0.00128299
0.29 9.59376e-05 0.000668093
0.295 9.3088e-05 0.000666105
0.3 9.3053e-05 0.00066807
0.305 9.38927e-05 0.000762956
0.31 0.000129078 0.000925093
0.315 9.80783e-05 0.000691088
0.32 9.50693e-05 0.00067794
0.325 9.78953e-05 0.000681905
0.33 9.39067e-05 0.00067197
0.335 9.30242e-05 0.000679041
0.34 9.09102e-05 0.000661073
0.345 9.21013e-05 0.000663072
0.35 9.89614e-05 0.000660064
0.355 0.000122053 0.000999982
0.36 0.000119912 0.000887987
0.365 0.000120899 0.00073002
0.37 0.000113986 0.000914068
0.375 0.000126985 0.00127691
0.38 9.28942e-05 0.000725911
0.385 9.09303e-05 0.000666093
0.39 9.10399e-05 0.00066601
0.395 8.79925e-05 0.000717062
0.4 0.000111894 0.000849076
0.405 9.09321e-05 0.000665095
0.41 9.01029e-05 0.000667981
0.415 8.99493e-05 0.000663065
0.42 8.79483e-05 0.000720972
0.425 8.79257e-05 0.000661949
0.43 8.79779e-05 0.000664001
0.435 8.90762e-05 0.000724908
0.44 0.00014896 0.000666994
0.445 9.0059e-05 0.000662937
0.45 8.88839e-05 0.000943954
0.455 0.000117 0.00103698
0.46 8.80781e-05 0.000662102
0.465 9.60443e-05 0.000665962
0.47 8.7094e-05 0.000664118
0.475 8.60072e-05 0.000662938
0.48 8.61192e-05 0.00101805
0.485 0.000115104 0.00108395
0.49 9.3887e-05 0.00067095
0.495 8.79447e-05 0.000663968
0.5 8.60826e-05 0.000679013
0.505 8.39754e-05 0.000662098
0.51 8.38953e-05 0.000661972
0.515 8.30141e-05 0.000665044
0.52 8.60335e-05 0.000663964
0.525 8.21035e-05 0.000664895
0.53 8.40031e-05 0.00077608
0.535 0.000109907 0.000877042
0.54 8.60225e-05 0.000744953
0.545 8.29919e-05 0.000708022
0.55 8.09366e-05 0.000898113
0.555 8.09927e-05 0.00066493
0.56 7.69657e-05 0.000665957
0.565 7.79919e-05 0.000664029
0.57 7.69852e-05 0.000663976
0.575 7.59718e-05 0.000665916
0.58 7.69913e-05 0.000667982
0.585 7.90849e-05 0.00066393
0.59 8.20239e-05 0.00113701
0.595 0.000126107 0.00167498
0.6 0.000149011 0.001024
0.605 9.70531e-05 0.00103106
0.61 9.40445e-05 0.00102511
0.615 9.49927e-05 0.0010241
0.62 9.38845e-05 0.00102599
0.625 9.18827e-05 0.0010249
0.63 9.40006e-05 0.00104006
0.635 9.49783e-05 0.00102509
0.64 9.39831e-05 0.00102605
0.645 9.80671e-05 0.00103608
0.65 9.69183e-05 0.00102893
0.655 9.09695e-05 0.00101189
0.66 9.60875e-05 0.001037
0.665 7.70133e-05 0.000944004
0.67 9.70601e-05 0.000743024
0.675 7.7095e-05 0.000782894
0.68 8.10836e-05 0.000796021
0.685 7.58868e-05 0.00069207
0.69 8.69206e-05 0.0010039
0.695 9.20385e-05 0.000933009
0.7 7.1976e-05 0.000660973
0.705 6.89366e-05 0.000664034
0.71 7.00363e-05 0.000670941
0.715 7.09302e-05 0.000661882
0.72 6.90366e-05 0.000668895
0.725 6.90899e-05 0.000664949
0.73 7.00302e-05 0.000675935
0.735 6.91164e-05 0.000673021
0.74 6.90238e-05 0.000780882
0.745 8.69322e-05 0.000798956
0.75 9.09431e-05 0.000945913
0.755 7.28929e-05 0.000662937
0.76 6.9979e-05 0.000673884
0.765 7.20379e-05 0.000670035
0.77 7.41036e-05 0.000688955
0.775 7.1089e-05 0.00066904
0.78 6.8897e-05 0.000665994
0.785 8.9045e-05 0.00100811
0.79 9.10894e-05 0.00151806
0.795 7.8933e-05 0.000673063
0.8 7.40573e-05 0.000671909
0.805 7.31162e-05 0.000668922
0.81 7.20429e-05 0.00067904
0.815 7.29492e-05 0.000669993
0.82 7.08827e-05 0.000668119
0.825 7.09157e-05 0.000668105
0.83 7.20944e-05 0.000700092
0.835 7.08877e-05 0.000776077
0.84 8.6048e-05 0.000971025
0.845 8.5896e-05 0.000679112
0.85 7.90408e-05 0.000724932
0.855 7.30645e-05 0.000678108
0.86 7.49449e-05 0.000664081
0.865 7.20377e-05 0.000664035
0.87 7.28922e-05 0.000676936
0.875 7.49646e-05 0.00102391
0.88 9.09875e-05 0.00154191
0.885 7.70898e-05 0.000665081
0.89 7.08911e-05 0.000671081
0.895 7.10833e-05 0.000665035
0.9 7.10045e-05 0.000661956
0.905 7.20115e-05 0.000663009
0.91 7.30252e-05 0.000665069
0.915 7.10243e-05 0.000663975
0.92 9.09349e-05 0.000764905
0.925 7.79032e-05 0.00066394
0.93 7.20479e-05 0.000710046
0.935 7.49056e-05 0.000805088
0.94 8.21018e-05 0.00115409
0.945 9.80766e-05 0.00106189
0.95 0.00021 0.000719953
0.955 7.51129e-05 0.000702011
0.96 7.89964e-05 0.000748888
0.965 9.01116e-05 0.00128899
0.97 9.48932e-05 0.00103
0.975 9.59036e-05 0.00101706
0.98 9.59098e-05 0.00117811
0.985 0.000113105 0.00112309
0.99 9.79606e-05 0.00109602
0.995 9.80366e-05 0.000935093
1 9.78982e-05 0.000929908
1.005 9.80716e-05 0.00102408
1.01 8.00042e-05 0.000671896
1.015 8.7883e-05 0.000660953
1.02 7.4935e-05 0.000664072
1.025 9.40663e-05 0.00107194
1.03 7.80168e-05 0.000667054
1.035 7.30418e-05 0.000673894
1.04 7.30476e-05 0.000662091
1.045 7.2955e-05 0.000777999
1.05 9.29129e-05 0.00099593
1.055 0.000104038 0.00109909
1.06 0.000101925 0.000996928
1.065 9.61081e-05 0.00103907
1.07 9.69141e-05 0.00111012
1.075 9.49888e-05 0.0010341
1.08 9.40728e-05 0.0010259
1.085 9.09839e-05 0.000688908
1.09 8.71138e-05 0.0010259
1.095 9.79187e-05 0.00101993
1.1 0.000111916 0.0011951
1.105 0.000106059 0.000874009
1.11 8.09161e-05 0.000669092
1.115 7.8019e-05 0.000720056
1.12 7.60946e-05 0.000675039
1.125 7.50684e-05 0.000666967
1.13 7.48957e-05 0.000958032
1.135 8.00432e-05 0.000687935
1.14 7.60421e-05 0.000685987
1.145 7.68874e-05 0.000692117
1.15 7.69858e-05 0.000787977
1.155 7.79417e-05 0.000667979
1.16 7.60073e-05 0.000678952
1.165 7.69341e-05 0.000760925
1.17 7.79702e-05 0.000671007
1.175 7.29827e-05 0.000668027
1.18 7.41151e-05 0.000662967
1.185 7.31086e-05 0.000665914
1.19 9.0102e-05 0.00083398
1.195 8.09152e-05 0.000692899
1.2 9.70248e-05 0.00158699
1.205 9.2018e-05 0.00109099
1.21 9.18951e-05 0.0010221
1.215 9.19099e-05 0.00103012
1.22 9.20143e-05 0.00104498
1.225 8.89784e-05 0.00102805
1.23 8.88975e-05 0.00103497
1.235 8.90809e-05 0.00115191
1.24 9.49216e-05 0.00103403
1.245 9.18993e-05 0.00103011
1.25 9.2076e-05 0.00102905
1.255 9.20142e-05 0.00102903
1.26 9.10722e-05 0.001099
1.265 9.20148e-05 0.00102699
1.27 9.2066e-05 0.000900036
1.275 7.90689e-05 0.00170791
1.28 0.000252077 0.00149907
1.285 9.19722e-05 0.00103494
1.29 9.09646e-05 0.00102689
1.295 0.000150116 0.00126596
1.3 7.39467e-05 0.000661037
1.305 7.39198e-05 0.00066001
1.31 7.70219e-05 0.000669013
1.315 9.29078e-05 0.00101192
1.32 8.00325e-05 0.000691924
1.325 7.80699e-05 0.00105411
1.33 0.000107061 0.00129801
1.335 0.000108903 0.000967945
1.34 7.79564e-05 0.000740993
1.345 9.90116e-05 0.00107007
1.35 0.000100088 0.001101
1.355 0.000104985 0.00104308
1.36 0.000109112 0.00104992
1.365 0.000100022 0.00102889
1.37 9.7e-05 0.00102596
1.375 9.60389e-05 0.00103796
1.38 8.20042e-05 0.000663988
1.385 8.50372e-05 0.000660922
1.39 7.79707e-05 0.000662008
1.395 7.60364e-05 0.000662981
1.4 7.59879e-05 0.000676932
1.405 7.7014e-05 0.000661005
1.41 9.40006e-05 0.000898064
1.415 0.000101089 0.00102905
1.42 9.59418e-05 0.00102591
1.425 9.59702e-05 0.00100389
1.43 0.000107002 0.00104995
1.435 0.000101075 0.00103099
1.44 0.000101078 0.00102899
1.445 9.8977e-05 0.00103603
1.45 9.70813e-05 0.00102704
1.455 9.3988e-05 0.00102505
1.46 9.59059e-05 0.00103311
1.465 9.51084e-05 0.00102698
1.47 9.39145e-05 0.00102398
1.475 9.39001e-05 0.00102496
1.48 9.2973e-05 0.00102399
1.485 7.81112e-05 0.00067191
1.49 8.40176e-05 0.000747094
1.495 9.80864e-05 0.000833096
1.5 8.30262e-05 0.000717103
1.505 7.79111e-05 0.000708948
1.51 8.09424e-05 0.000679118
1.515 8.80702e-05 0.000676094
1.52 7.80883e-05 0.000714887
1.525 8.89471e-05 0.000702017
1.53 7.79316e-05 0.000661969
1.535 7.80504e-05 0.000662088
1.54 7.69974e-05 0.000659988
1.545 7.60292e-05 0.00066502
1.55 7.6922e-05 0.000757913
1.555 0.000109114 0.00126592
1.56 0.000114883 0.00121901
1.565 8.18887e-05 0.000873111
1.57 9.99367e-05 0.000972039
1.575 9.88954e-05 0.000974952
1.58 9.69737e-05 0.000970984
1.585 0.000105026 0.000983884
1.59 9.00434e-05 0.000666921
1.595 7.89326e-05 0.000671062
1.6 7.78852e-05 0.000922922
1.605 8.19808e-05 0.000666965
1.61 7.90928e-05 0.000695938
1.615 8.10239e-05 0.000661962
1.62 7.89111e-05 0.000659995
1.625 7.90299e-05 0.000665113
1.63 8.09159e-05 0.000661092
1.635 7.99884e-05 0.000663118
1.64 8.30516e-05 0.000666082
1.645 7.89253e-05 0.000667009
1.65 7.90508e-05 0.000659896
1.655 7.80837e-05 0.000659882
1.66 7.81032e-05 0.000695948
1.665 8.20262e-05 0.00066901
1.67 7.98998e-05 0.00066103
1.675 7.88864e-05 0.00066197
1.68 7.80775e-05 0.000660923
1.685 7.89184e-05 0.000662002
1.69 0.000104067 0.00102012
1.695 9.3907e-05 0.000955016
1.7 8.50984e-05 0.000664983
1.705 7.99573e-05 0.000703087
1.71 8.00218e-05 0.000671913
1.715 8.004e-05 0.000874931
1.72 0.000104108 0.000829966
1.725 8.20018e-05 0.000659986
1.73 8.19725e-05 0.000663957
1.735 8.00382e-05 0.000661929
1.74 8.19705e-05 0.000667954
1.745 7.88904e-05 0.00066202
1.75 7.89233e-05 0.000695007
1.755 7.99934e-05 0.000662885
1.76 7.90727e-05 0.000671964
1.765 7.88932e-05 0.000662977
1.77 8.09724e-05 0.00066591
1.775 8.10381e-05 0.000662022
1.78 8.21174e-05 0.000661909
1.785 8.19379e-05 0.000676922
1.79 0.000104946 0.000991088
1.795 0.000105957 0.000867099
1.8 8.70066e-05 0.000675984
1.805 8.49525e-05 0.000664075
1.81 8.40848e-05 0.000658923
1.815 8.19516e-05 0.000661982
1.82 8.405e-05 0.000665888
1.825 8.4936e-05 0.000670059
1.83 8.39474e-05 0.000667024
1.835 8.39137e-05 0.00067999
1.84 8.2919e-05 0.000664949
1.845 8.4892e-05 0.000691015
1.85 8.40696e-05 0.000660954
1.855 8.29035e-05 0.00066998
1.86 8.40551e-05 0.000659893
1.865 8.29083e-05 0.000660939
1.87 8.29945e-05 0.000662025
1.875 8.39279e-05 0.000670005
1.88 8.30004e-05 0.000676031
1.885 8.50094e-05 0.000673894
1.89 8.38829e-05 0.000663006
1.895 8.39555e-05 0.000706032
1.9 8.50662e-05 0.000663951
1.905 8.4046e-05 0.000790884
1.91 0.000110912 0.00106805
1.915 0.000125948 0.00161006
1.92 0.000105106 0.00102796
1.925 0.000104938 0.00103303
1.93 0.000103016 0.00102107
1.935 0.000105922 0.00102606
1.94 0.000103893 0.00104094
1.945 0.000102897 0.00102595
1.95 0.000103935 0.00103098
1.955 0.000105078 0.00102894
1.96 0.000106112 0.00102902
1.965 0.000103989 0.00103104
1.97 0.000104092 0.0010259
1.975 0.00010393 0.00102803
1.98 0.000113933 0.00104997
1.985 0.000117996 0.00102598
1.99 0.000116993 0.00102893
1.995 0.000117909 0.000775938
2 9.89089e-05 0.000668011
2.005 9.59653e-05 0.000667929
2.01 9.48841e-05 0.000664994
2.015 9.60412e-05 0.000662959
2.02 9.39723e-05 0.000662035
2.025 9.39714e-05 0.000663034
2.03 9.2108e-05 0.000679886
2.035 9.19545e-05 0.000662925
2.04 8.41061e-05 0.000661944
2.045 8.60267e-05 0.000671958
2.05 8.69918e-05 0.000711969
2.055 8.80539e-05 0.000667077
2.06 8.60856e-05 0.000668016
2.065 8.60711e-05 0.000661002
2.07 8.50022e-05 0.000678887
2.075 8.60598e-05 0.000665991
2.08 8.29718e-05 0.000660002
2.085 8.39053e-05 0.000666982
2.09 8.3971e-05 0.000660048
2.095 8.20491e-05 0.000665033
2.1 8.49226e-05 0.000709046
2.105 8.39395e-05 0.000665016
2.11 8.39984e-05 0.000662075
2.115 8.30179e-05 0.000662048
2.12 8.31026e-05 0.000660941
2.125 8.39367e-05 0.000661013
2.13 8.29629e-05 0.000662993
2.135 8.40817e-05 0.00066492
2.14 8.5101e-05 0.000681986
2.145 8.40952e-05 0.000666933
2.15 8.70547e-05 0.000689032
2.155 8.4953e-05 0.000666884
2.16 8.40583e-05 0.000667896
2.165 8.49182e-05 0.000677041
2.17 8.4029e-05 0.000660914
2.175 8.40022e-05 0.000664079
2.18 8.3113e-05 0.000665905
2.185 8.5086e-05 0.00066497
2.19 8.89923e-05 0.000664108
2.195 8.50771e-05 0.000659962
2.2 0.000118997 0.000824026
2.205 0.00012996 0.00128007
2.21 0.000139042 0.000708044
2.215 9.69116e-05 0.000682921
2.22 0.000136019 0.00101488
2.225 0.00013304 0.000978003
2.23 0.000119011 0.00123804
2.235 0.000119005 0.000966034
2.24 0.0001179 0.000962883
2.245 0.000117076 0.000973013
2.25 0.000116896 0.000965071
2.255 0.000115981 0.00097711
2.26 0.000116901 0.000962076
2.265 0.000115988 0.000963116
2.27 0.000115054 0.000966898
2.275 0.000116958 0.000699894
2.28 9.70595e-05 0.000819023
2.285 9.79666e-05 0.000663977
2.29 9.61047e-05 0.000801022
2.295 0.000117111 0.000972048
2.3 0.000117019 0.000964956
2.305 0.00012101 0.000964894
2.31 0.000115911 0.00108209
2.315 0.000117935 0.000695918
2.32 0.000100897 0.000734093
2.325 0.000103031 0.00089808
2.33 0.000126019 0.000771895
2.335 0.000107959 0.000693001
2.34 0.000131929 0.00101689
2.345 0.000142898 0.00115908
2.35 0.000129908 0.00103597
2.355 0.000105916 0.000663058
2.36 0.00010004 0.000662904
2.365 0.000128973 0.00103599
2.37 0.00012491 0.00103802
2.375 0.000127092 0.00103201
2.38 0.000130089 0.00111691
2.385 0.00012809 0.00130806
2.39 0.000139008 0.00098601
2.395 0.000135985 0.000877086
2.4 0.000142111 0.00173901
2.405 0.000234017 0.00102789
2.41 0.000128906 0.00103192
2.415 0.000127036 0.00104001
2.42 0.000127999 0.00102597
2.425 0.000127982 0.001024
2.43 0.000128038 0.00109101
2.435 0.000128031 0.001084
2.44 0.000141926 0.00102307
2.445 0.000129884 0.00102695
2.45 0.000132038 0.00103895
2.455 0.000155948 0.000964068
2.46 0.000134025 0.000696034
2.465 0.000102994 0.000661998
2.47 0.00010396 0.000715009
2.475 0.000135993 0.00100409
2.48 0.000103104 0.000663108
2.485 9.90571e-05 0.000662113
2.49 0.000102082 0.000674038
2.495 9.99607e-05 0.000659063
2.5 9.99134e-05 0.000659016
2.505 9.99587e-05 0.000671061
2.51 0.000100083 0.000665947
2.515 0.000100075 0.00066694
2.52 9.90607e-05 0.000676925
2.525 9.99769e-05 0.00068608
2.53 0.000102961 0.000662964
2.535 0.000102019 0.000660022
2.54 0.000103057 0.000772107
2.545 0.000135107 0.00100692
2.55 0.00013501 0.000776065
2.555 0.00010409 0.000666901
2.56 0.000113048 0.000671038
2.565 0.000102914 0.000666917
2.57 0.000102098 0.000664055
2.575 0.000102937 0.000666941
2.58 0.000103047 0.00066705
2.585 0.000102091 0.000660048
2.59 0.00010403 0.00066708
2.595 0.000105902 0.000674044
2.6 0.000106952 0.00102995
2.605 0.000149095 0.00119708
2.61 0.000109066 0.000663108
2.615 0.000106017 0.000660921
2.62 0.000105941 0.000665084
2.625 0.000105006 0.000671102
2.63 0.000106009 0.000664913
2.635 0.00011099 0.000680933
2.64 0.000109921 0.00075801
2.645 0.000117094 0.00073503
2.65 0.000109883 0.000672972
2.655 0.000106034 0.000658937
2.66 0.000106018 0.000663922
2.665 0.000112996 0.000720986
2.67 0.000116116 0.000664006
2.675 0.000106882 0.000666071
2.68 0.000107 0.00070095
2.685 0.000118089 0.000666072
2.69 0.000145914 0.00130005
2.695 0.000153006 0.00128894
2.7 0.000155003 0.00128808
2.705 0.000152048 0.000816983
2.71 0.000114045 0.000669081
2.715 0.000107096 0.000678046
2.72 0.000106984 0.000665934
2.725 0.000109095 0.000666946
2.73 0.000108961 0.000704003
2.735 0.000112962 0.000668951
2.74 0.000115971 0.000668099
2.745 0.000116894 0.000676069
2.75 0.000116088 0.000664978
2.755 0.000134951 0.000862006
2.76 0.00011304 0.00066703
2.765 0.000110959 0.000661094
2.77 0.000113929 0.000794965
2.775 0.000117034 0.000664971
2.78 0.00011503 0.000669112
2.785 0.000110067 0.000659917
2.79 0.000115091 0.000663934
2.795 0.000114054 0.00066109
2.8 0.000111992 0.000675982
2.805 0.000114996 0.000663078
2.81 0.000109993 0.000660082
2.815 0.000109948 0.000669037
2.82 0.000108038 0.000661035
2.825 0.000112881 0.000667109
2.83 0.000110924 0.00066106
2.835 0.000109095 0.000665899
2.84 0.000106013 0.000660917
2.845 0.000105959 0.000717102
2.85 0.000110999 0.000704896
2.855 0.000108081 0.000694077
2.86 0.000107105 0.000661055
2.865 0.000131996 0.000838913
2.87 0.000106882 0.00067307
2.875 0.000104946 0.000663042
2.88 0.000104037 0.000656894
2.885 0.00010793 0.000662926
2.89 0.000108073 0.00066707
2.895 0.000107925 0.000660922
2.9 0.000107923 0.000659919
2.905 0.000123928 0.00066295
2.91 0.000109987 0.000675076
2.915 0.000108117 0.000672922
2.92 0.000113106 0.000661095
2.925 0.000111916 0.000666098
2.93 0.000114045 0.000666081
2.935 0.000109989 0.000662078
2.94 0.000111087 0.00067003
2.945 0.000114911 0.000663994
2.95 0.000116059 0.00066095
2.955 0.000115029 0.000662111
2.96 0.000112073 0.000672016
2.965 0.000109978 0.000680067
2.97 0.000110955 0.000661091
2.975 0.000112039 0.000663982
2.98 0.000112076 0.000666066
2.985 0.000110922 0.000662103
2.99 0.000111112 0.000663008
2.995 0.00011107 0.000664967
3 0.000111107 0.000678004
3.005 0.000111995 0.000938985
3.01 0.000155047 0.00126608
3.015 0.000124888 0.000675003
3.02 0.000111905 0.000666894
3.025 0.000111088 0.000662985
3.03 0.0001109 0.000701036
3.035 0.000118021 0.000807004
3.04 0.000115039 0.000662929
3.045 0.000111891 0.000667119
3.05 0.000111981 0.000666925
3.055 0.000112079 0.000675068
3.06 0.000112976 0.000913965
3.065 0.000141923 0.00097111
3.07 0.000114943 0.000713025
3.075 0.000113938 0.000669974
3.08 0.000114062 0.000673097
3.085 0.000116026 0.000676963
3.09 0.000113975 0.000664011
3.095 0.000112032 0.000920975
3.1 0.000122006 0.000773936
3.105 0.000113897 0.000662933
3.11 0.000113013 0.000661003
3.115 0.000123091 0.000704067
3.12 0.000113967 0.000660049
3.125 0.000112044 0.000660987
3.13 0.000111884 0.000661065
3.135 0.000118105 0.000693088
3.14 0.000118046 0.000665029
3.145 0.000110991 0.000660934
3.15 0.000110923 0.000675058
3.155 0.000111026 0.000670923
3.16 0.000111991 0.000658934
3.165 0.000109995 0.000663084
3.17 0.000112113 0.000679056
3.175 0.000111078 0.000690975
3.18 0.000116992 0.000669928
3.185 0.000115074 0.000752918
3.19 0.000148902 0.00106789
3.195 0.000116924 0.000664907
3.2 0.000112929 0.000663918
3.205 0.000117117 0.0008661
3.21 0.000153965 0.00148995
3.215 0.000143913 0.00103091
3.22 0.000141982 0.00110588
3.225 0.000144114 0.00102692
3.23 0.00014493 0.00110497
3.235 0.000143976 0.00102497
3.24 0.000142026 0.00102793
3.245 0.000141937 0.00103708
3.25 0.000142947 0.0010219
3.255 0.000144898 0.00080394
3.26 0.000139947 0.00131104
3.265 0.000146076 0.00102793
3.27 0.000145052 0.00103609
3.275 0.000149944 0.00104498
3.28 0.000152937 0.00103092
3.285 0.000142973 0.000909922
3.29 0.000117059 0.000681996
3.295 0.000121983 0.000691913
3.3 0.00011498 0.000697062
3.305 0.000124963 0.000664032
3.31 0.000115927 0.000677055
3.315 0.000112076 0.000678019
3.32 0.000108961 0.00066805
3.325 0.000118084 0.000681067
3.33 0.000113935 0.000872971
3.335 0.000168021 0.000980982
3.34 0.000157089 0.000857971
3.345 0.000167969 0.00131793
3.35 0.000180108 0.0013081
3.355 0.000170984 0.000814084
3.36 0.000109974 0.000666063
3.365 0.000107932 0.000697929
3.37 0.00010991 0.000660999
3.375 0.000107074 0.000669024
3.38 0.000107032 0.000660029
3.385 0.000111035 0.000660932
3.39 0.000108078 0.000677075
3.395 0.000108976 0.000680018
3.4 0.000109099 0.000683903
3.405 0.000108022 0.000660065
3.41 0.000108033 0.00066803
3.415 0.000109023 0.000682066
3.42 0.00011095 0.000662086
3.425 0.00010908 0.000660885
3.43 0.000107025 0.000664021
3.435 0.000109035 0.000662078
3.44 0.000107992 0.000667989
3.445 0.000108957 0.000787046
3.45 0.000146009 0.000887097
3.455 0.000112045 0.000665988
3.46 0.000109916 0.000661005
3.465 0.000108948 0.00066399
3.47 0.000112926 0.000658916
3.475 0.00012411 0.000663894
3.48 0.000107937 0.000659933
3.485 0.000107915 0.000657912
3.49 0.000108038 0.000667035
3.495 0.00010791 0.000657952
3.5 0.000107072 0.000859022
3.505 0.00010989 0.000703979
3.51 0.000111092 0.000720989
3.515 0.000112025 0.000665015
3.52 0.000110983 0.000677119
3.525 0.000118113 0.000882904
3.53 0.000150995 0.000960076
3.535 0.000148099 0.00113509
3.54 0.000147963 0.0010069
3.545 0.000146084 0.00102493
3.55 0.000148915 0.0010369
3.555 0.000149089 0.00104508
3.56 0.000145985 0.00103612
3.565 0.000154939 0.00115801
3.57 0.00010597 0.000690113
3.575 9.89343e-05 0.000722991
3.58 0.000134048 0.000768057
3.585 0.000101936 0.000666893
3.59 9.99236e-05 0.000676026
3.595 9.99079e-05 0.00076901
3.6 9.80817e-05 0.000687092
3.605 0.00011998 0.00102006
3.61 0.000114085 0.000674883
3.615 9.70027e-05 0.000662966
3.62 9.70807e-05 0.000662044
3.625 9.70729e-05 0.000670037
3.63 9.70516e-05 0.000680062
3.635 9.80956e-05 0.000662106
3.64 9.69353e-05 0.000971899
3.645 0.000128074 0.000910043
3.65 0.000100961 0.00066411
3.655 9.71182e-05 0.000668082
3.66 9.69579e-05 0.000664921
3.665 0.000123095 0.000975071
3.67 0.000126933 0.000817095
3.675 9.89987e-05 0.000681055
3.68 9.80855e-05 0.000665095
3.685 9.80709e-05 0.000665081
3.69 9.80032e-05 0.000663013
3.695 9.79423e-05 0.000664952
3.7 9.59741e-05 0.000659938
3.705 9.69199e-05 0.000663884
3.71 9.60047e-05 0.000662968
3.715 0.000111944 0.000690933
3.72 0.00013798 0.00106898
3.725 0.00012602 0.0010319
3.73 0.000123983 0.00102601
3.735 0.000124967 0.00109404
3.74 0.000124077 0.0010251
3.745 0.000123053 0.000900076
3.75 9.69241e-05 0.000824934
3.755 0.000129035 0.00103905
3.76 0.0001011 0.000687011
3.765 9.88921e-05 0.000672948
3.77 9.9003e-05 0.000667106
3.775 0.0001011 0.000668011
3.78 9.9072e-05 0.000670936
3.785 9.90834e-05 0.000668901
3.79 9.89693e-05 0.000660072
3.795 9.91005e-05 0.000663965
3.8 0.000103026 0.000662029
3.805 9.90578e-05 0.000688114
3.81 0.000100109 0.000665973
3.815 9.79743e-05 0.000664031
3.82 9.90919e-05 0.00066791
3.825 9.79247e-05 0.000661981
3.83 9.80028e-05 0.000661013
3.835 9.78888e-05 0.000666899
3.84 9.80527e-05 0.000732109
3.845 0.000102068 0.000661025
3.85 9.89408e-05 0.000676997
3.855 0.000100084 0.000673949
3.86 0.000114003 0.000663085
3.865 9.91172e-05 0.000666935
3.87 9.79431e-05 0.000675953
3.875 9.80472e-05 0.000671057
3.88 9.70258e-05 0.000684989
3.885 9.80304e-05 0.00066104
3.89 9.90226e-05 0.000668079
3.895 0.000101907 0.000672103
3.9 9.90113e-05 0.000662068
3.905 9.79968e-05 0.000675053
3.91 9.81009e-05 0.000663919
3.915 9.80862e-05 0.000664096
3.92 9.68863e-05 0.000668896
3.925 9.80966e-05 0.000663107
3.93 9.79893e-05 0.000662999
3.935 9.79927e-05 0.000665003
3.94 9.81172e-05 0.000661889
3.945 9.69636e-05 0.000676927
3.95 9.80676e-05 0.000674078
3.955 9.68936e-05 0.000658904
3.96 0.000113985 0.000662021
3.965 0.000126977 0.0010569
3.97 0.000129898 0.00112196
3.975 0.000100059 0.000664923
3.98 0.000113923 0.000666005
3.985 0.000135887 0.00105699
3.99 0.000124048 0.00102907
3.995 0.000126004 0.00104012
4 0.000124907 0.00100702
4.005 0.000133009 0.00103202
4.01 0.000231083 0.00104906
4.015 9.8923e-05 0.000693026
4.02 9.69196e-05 0.00066993
4.025 9.79964e-05 0.000674006
4.03 9.60936e-05 0.000664011
4.035 9.59333e-05 0.000663089
4.04 9.20712e-05 0.000666088
4.045 9.39072e-05 0.00066997
4.05 9.40317e-05 0.000661095
4.055 9.20838e-05 0.0006591
4.06 9.89765e-05 0.000802033
4.065 0.00013996 0.00102701
4.07 0.000117093 0.00102303
4.075 0.000114899 0.00103598
4.08 0.000115981 0.00102392
4.085 0.000116984 0.00102792
4.09 0.000114967 0.000930049
4.095 0.000105095 0.000664953
4.1 9.18888e-05 0.000662906
4.105 9.102e-05 0.000665944
4.11 9.19263e-05 0.000666897
4.115 9.11106e-05 0.000663035
4.12 9.10633e-05 0.000665987
4.125 9.10623e-05 0.000672033
4.13 9.6104e-05 0.000662068
4.135 9.09041e-05 0.000661067
4.14 9.09099e-05 0.000666072
4.145 9.09021e-05 0.000661111
4.15 9.20005e-05 0.000873971
4.155 0.000115102 0.000723992
4.16 9.39118e-05 0.000683975
4.165 9.10813e-05 0.000667005
4.17 9.11062e-05 0.00066803
4.175 9.09526e-05 0.000664115
4.18 8.98985e-05 0.000666061
4.185 8.90297e-05 0.0006651
4.19 8.88965e-05 0.000662966
4.195 8.80548e-05 0.000663078
4.2 8.90075e-05 0.000687077
4.205 8.90188e-05 0.000673089
4.21 8.89116e-05 0.00113998
4.215 8.89864e-05 0.000681056
4.22 8.80645e-05 0.000695088
4.225 8.90654e-05 0.000659943
4.23 8.7939e-05 0.000684009
4.235 8.81098e-05 0.000672895
4.24 8.79099e-05 0.00065698
4.245 8.80682e-05 0.000658092
4.25 8.69418e-05 0.000660919
4.255 8.79543e-05 0.000773978
4.26 0.000104962 0.000995058
4.265 0.000111993 0.000904983
4.27 8.79423e-05 0.000676966
4.275 8.69876e-05 0.000676965
4.28 8.6033e-05 0.000663964
4.285 8.59529e-05 0.00066193
4.29 8.60186e-05 0.000673949
4.295 8.59968e-05 0.000662928
4.3 0.000107922 0.000823919
4.305 8.70746e-05 0.000661098
4.31 8.70804e-05 0.000668058
4.315 8.60003e-05 0.000679931
4.32 8.70487e-05 0.000665026
4.325 9.41008e-05 0.000691926
4.33 8.59202e-05 0.000665897
4.335 8.60186e-05 0.00066295
4.34 8.59454e-05 0.000660115
4.345 8.59183e-05 0.000784088
4.35 0.000112978 0.00106097
4.355 0.000108934 0.00102298
4.36 0.000107105 0.00102606
4.365 0.000107009 0.00110396
4.37 0.000109111 0.00101392
4.375 0.000109885 0.00104397
4.38 0.000108106 0.0010231
4.385 0.000107111 0.00102106
4.39 0.000109982 0.00104507
4.395 0.000108019 0.00107202
4.4 0.000108927 0.00113097
4.405 0.000108019 0.000814016
4.41 9.00655e-05 0.000670943
4.415 8.90768e-05 0.000680908
4.42 8.70746e-05 0.000666052
4.425 8.70804e-05 0.000667104
4.43 8.80195e-05 0.000712089
4.435 8.99043e-05 0.000675021
4.44 8.70355e-05 0.000661059
4.445 8.70944e-05 0.000660072
4.45 8.69284e-05 0.000662906
4.455 8.68946e-05 0.000667918
4.46 8.78868e-05 0.00066491
4.465 8.90915e-05 0.000675923
4.47 9.00374e-05 0.000662915
4.475 8.88974e-05 0.000669967
4.48 8.89427e-05 0.000661013
4.485 8.89089e-05 0.000666979
4.49 8.79611e-05 0.000688031
4.495 9.09225e-05 0.000672085
4.5 9.00537e-05 0.000677931
4.505 9.00922e-05 0.00065997
4.51 8.89659e-05 0.000680082
4.515 9.00371e-05 0.000667915
4.52 8.98971e-05 0.000666013
4.525 8.90882e-05 0.00067192
4.53 0.000100895 0.000972044
4.535 9.01149e-05 0.000667993
4.54 8.90675e-05 0.000662899
4.545 8.99739e-05 0.00066309
4.55 9.00723e-05 0.00066095
4.555 8.90645e-05 0.000667896
4.56 8.79641e-05 0.000662988
4.565 8.90692e-05 0.000665901
4.57 8.99293e-05 0.000663045
4.575 8.88888e-05 0.000664959
4.58 8.99477e-05 0.000661064
4.585 8.9914e-05 0.00068103
4.59 9.00383e-05 0.000679916
4.595 9.11128e-05 0.000675037
4.6 9.00981e-05 0.000666976
4.605 9.19119e-05 0.000676882
4.61 9.40814e-05 0.000680906
4.615 9.00396e-05 0.000671917
4.62 9.10646e-05 0.000670989
4.625 8.98974e-05 0.000758014
4.63 9.50849e-05 0.000665002
4.635 9.80499e-05 0.00066506
4.64 9.2902e-05 0.000669919
4.645 9.09336e-05 0.000664096
4.65 9.00254e-05 0.000661903
4.655 9.10707e-05 0.000664995
4.66 9.00765e-05 0.000664954
4.665 9.98969e-05 0.000673
4.67 8.99151e-05 0.000671031
4.675 8.90067e-05 0.000663077
4.68 8.90126e-05 0.000666082
4.685 8.90115e-05 0.000659081
4.69 8.70771e-05 0.000679101
4.695 8.90985e-05 0.00066293
4.7 8.80116e-05 0.000666035
4.705 8.90638e-05 0.000677895
4.71 8.80954e-05 0.000679119
4.715 8.79419e-05 0.000664965
4.72 8.69014e-05 0.000661117
4.725 8.80134e-05 0.000677037
4.73 8.79592e-05 0.000668983
4.735 8.70114e-05 0.000665989
4.74 8.70239e-05 0.000663001
4.745 0.00010889 0.00106193
4.75 9.10705e-05 0.000665995
4.755 8.79769e-05 0.000663
4.76 8.88832e-05 0.000664953
4.765 8.99681e-05 0.000662084
4.77 9.0914e-05 0.000671884
4.775 9.10915e-05 0.000663016
4.78 9.10441e-05 0.000664968
4.785 9.10826e-05 0.000660007
4.79 9.30816e-05 0.0010021
4.795 0.000120977 0.0010161
4.8 9.39749e-05 0.000663038
4.805 9.19139e-05 0.000666884
4.81 9.19129e-05 0.000661883
4.815 0.000108912 0.000679955
4.82 9.39493e-05 0.000701012
4.825 9.28938e-05 0.000661911
4.83 9.29923e-05 0.000664009
4.835 9.31167e-05 0.000666941
4.84 9.2049e-05 0.00111007
4.845 9.29995e-05 0.000665016
4.85 9.30913e-05 0.000665108
4.855 9.30303e-05 0.000660047
4.86 9.28903e-05 0.000664907
4.865 9.19425e-05 0.000663913
4.87 9.19945e-05 0.000684965
4.875 0.000106091 0.000793041
4.88 9.18994e-05 0.000662916
4.885 9.09516e-05 0.000662114
4.89 9.68939e-05 0.000670096
4.895 9.29051e-05 0.000666922
4.9 9.4016e-05 0.000661079
4.905 9.2015e-05 0.000672985
4.91 9.50467e-05 0.000691918
4.915 9.2892e-05 0.000661955
4.92 9.19836e-05 0.000663954
4.925 9.09894e-05 0.000666913
4.93 9.29816e-05 0.000666998
4.935 9.59331e-05 0.000665089
4.94 9.68913e-05 0.000666093
4.945 9.49027e-05 0.000666058
4.95 9.90598e-05 0.000666924
4.955 9.4939e-05 0.000661048
4.96 9.49776e-05 0.000664087
4.965 9.50692e-05 0.00094194
4.97 9.60981e-05 0.000675015
4.975 9.4984e-05 0.000659901
4.98 9.28903e-05 0.000666953
4.985 9.39752e-05 0.000671038
4.99 9.49965e-05 0.000678106
4.995 0.000114915 0.000819998
5 9.60799e-05 0.000666997
5.005 9.4019e-05 0.00069189
5.01 0.000108113 0.000661109
5.015 9.49387e-05 0.000664094
5.02 9.49174e-05 0.000663027
5.025 9.61092e-05 0.000667026
5.03 9.39488e-05 0.000658058
5.035 9.39083e-05 0.000661971
5.04 9.50926e-05 0.000700964
5.045 9.59249e-05 0.000662081
5.05 9.4063e-05 0.000666888
5.055 9.49557e-05 0.000663065
5.06 9.50474e-05 0.000665965
5.065 9.59333e-05 0.000667089
5.07 9.59114e-05 0.000813067
5.075 0.000126005 0.000989881
5.08 0.000121055 0.000709984
5.085 9.58851e-05 0.000664087
5.09 9.49033e-05 0.000666013
5.095 9.58886e-05 0.000661044
5.1 9.59735e-05 0.000680891
5.105 9.60312e-05 0.000802948
5.11 0.000128957 0.000955973
5.115 9.69851e-05 0.000661995
5.12 9.5957e-05 0.000679113
5.125 9.71141e-05 0.000666078
5.13 9.51063e-05 0.000661977
5.135 9.60985e-05 0.000669016
5.14 9.59845e-05 0.000660902
5.145 9.69768e-05 0.00066494
5.15 9.89554e-05 0.000667012
5.155 9.60865e-05 0.00066705
5.16 9.7072e-05 0.000660036
5.165 9.49579e-05 0.000669067
5.17 0.000102013 0.00066297
5.175 9.49454e-05 0.000684055
5.18 9.6889e-05 0.000691091
5.185 0.000120899 0.00106302
5.19 0.000130014 0.00108408
5.195 9.59511e-05 0.000669915
5.2 9.60225e-05 0.00093594
5.205 0.000134108 0.00123312
5.21 0.000141081 0.000879938
5.215 9.90243e-05 0.000667081
5.22 9.80753e-05 0.000694085
5.225 9.70854e-05 0.000697049
5.23 0.000126112 0.000717989
5.235 9.69891e-05 0.00116395
5.24 0.00013898 0.00132098
5.245 0.000143095 0.00104709
5.25 0.000100025 0.000696889
5.255 9.49096e-05 0.000673019
5.26 9.60735e-05 0.000663991
5.265 9.50193e-05 0.00066689
5.27 9.41098e-05 0.000661934
5.275 9.69563e-05 0.00066792
5.28 9.60343e-05 0.000665998
5.285 9.6013e-05 0.00066693
5.29 9.49983e-05 0.000662108
5.295 0.000108996 0.000662039
5.3 9.59216e-05 0.000661077
5.305 9.61127e-05 0.00066603
5.31 9.79851e-05 0.000660995
5.315 9.60168e-05 0.000667934
5.32 0.000126068 0.000774944
5.325 9.70551e-05 0.000680019
5.33 0.00010296 0.000697963
5.335 9.58845e-05 0.000663087
5.34 9.68868e-05 0.000670089
5.345 9.4898e-05 0.000703007
5.35 0.000106956 0.000705906
5.355 9.59132e-05 0.000843115
5.36 0.0001161 0.000899037
5.365 0.000133008 0.00100797
5.37 0.000118911 0.000964987
5.375 0.000117108 0.000984045
5.38 0.000118094 0.000963077
5.385 0.00011696 0.000966896
5.39 0.000115933 0.000979108
5.395 0.000117998 0.000968981
5.4 0.000115931 0.000961105
5.405 0.000116063 0.000974953
5.41 0.000116922 0.000967097
5.415 0.000116938 0.000964113
5.42 0.000118917 0.00107895
5.425 0.000119064 0.000970901
5.43 0.000116997 0.00096398
5.435 0.000117995 0.000966978
5.44 0.000117967 0.00096495
5.445 0.000118979 0.000974008
5.45 0.000119017 0.000971046
5.455 0.000118081 0.000964064
5.46 0.000108972 0.000933014
5.465 0.000116072 0.000968962
5.47 0.000114932 0.000964014
5.475 0.00011507 0.000979914
5.48 0.000115102 0.000967946
5.485 0.000131082 0.00121795
5.49 0.000124972 0.00101709
5.495 0.000126095 0.00102597
5.5 0.000124951 0.00102007
5.505 0.000130071 0.000990941
5.51 0.000119909 0.000915984
5.515 0.000122942 0.000716918
5.52 0.000123917 0.000994986
5.525 0.000124034 0.00102106
5.53 0.000123918 0.00101094
5.535 0.000123008 0.00102998
5.54 0.000123998 0.00102107
5.545 0.000123988 0.00101701
5.55 0.000124972 0.00102604
5.555 9.70913e-05 0.000669055
5.56 9.29704e-05 0.000663034
5.565 9.20293e-05 0.000662
5.57 9.88962e-05 0.000718999
5.575 0.000105979 0.000856929
5.58 9.59309e-05 0.000719087
5.585 9.40269e-05 0.00070809
5.59 0.000126054 0.00100593
5.595 9.69209e-05 0.000698885
5.6 9.29188e-05 0.000666935
5.605 8.99573e-05 0.000663881
5.61 9.00625e-05 0.00066394
5.615 9.20615e-05 0.000664032
5.62 9.2021e-05 0.000662991
5.625 9.09872e-05 0.000703911
5.63 0.000117001 0.000695983
5.635 9.29711e-05 0.000668988
5.64 0.000110089 0.000675939
5.645 9.19803e-05 0.000673997
5.65 9.20084e-05 0.000661979
5.655 9.11e-05 0.000663024
5.66 9.10527e-05 0.000673977
5.665 9.09319e-05 0.000831094
5.67 0.000116903 0.000849078
5.675 0.000106946 0.000676896
5.68 9.51017e-05 0.000694973
5.685 9.40327e-05 0.000677096
5.69 9.20577e-05 0.000675028
5.695 9.20432e-05 0.000667014
5.7 9.08828e-05 0.000669092
5.705 8.99676e-05 0.000665084
5.71 9.09735e-05 0.000658898
5.715 8.98866e-05 0.000722003
5.72 9.40808e-05 0.000674905
5.725 0.000118071 0.000848053
5.73 9.60612e-05 0.000698978
5.735 9.08996e-05 0.000761108
5.74 9.21186e-05 0.000681089
5.745 9.29479e-05 0.000666965
5.75 9.20722e-05 0.000673043
5.755 9.20972e-05 0.000753114
5.76 9.30203e-05 0.000668037
5.765 9.39458e-05 0.000662055
5.77 9.40758e-05 0.0006779
5.775 9.29019e-05 0.000676919
5.78 9.59199e-05 0.000691076
5.785 9.21099e-05 0.00068508
5.79 9.10286e-05 0.000983953
5.795 0.000110095 0.000758945
5.8 0.000136093 0.000839956
5.805 0.000127905 0.000723113
5.81 0.000126097 0.00067102
5.815 0.000104915 0.000669011
5.82 9.29333e-05 0.00066095
5.825 9.31176e-05 0.000668896
5.83 9.20567e-05 0.000678027
5.835 9.31143e-05 0.000935893
5.84 0.000116013 0.0010299
5.845 0.000116115 0.000692005
5.85 9.29262e-05 0.000668943
5.855 0.000116011 0.000750901
5.86 9.29397e-05 0.000852957
5.865 0.00011693 0.00108711
5.87 0.000122885 0.0011061
5.875 9.29928e-05 0.000662009
5.88 9.28923e-05 0.000664909
5.885 9.7984e-05 0.000679994
5.89 9.3088e-05 0.000662913
5.895 9.19864e-05 0.000664957
5.9 9.18927e-05 0.000665102
5.905 9.1938e-05 0.000674908
5.91 9.21155e-05 0.000665086
5.915 9.2015e-05 0.000667986
5.92 9.19541e-05 0.000666925
5.925 0.0001019 0.000667903
5.93 0.000103987 0.000671036
5.935 0.000104038 0.000660087
5.94 0.000102977 0.00066198
5.945 9.30085e-05 0.000661025
5.95 9.09476e-05 0.00067311
5.955 8.99861e-05 0.00066391
5.96 9.01173e-05 0.000660041
5.965 9.10768e-05 0.000680001
5.97 9.11017e-05 0.000704026
5.975 9.08938e-05 0.000664056
5.98 9.00782e-05 0.000661956
5.985 8.99449e-05 0.000666061
5.99 9.09835e-05 0.000680908
5.995 9.01079e-05 0.000661032
6 8.89747e-05 0.000665045
6.005 8.79737e-05 0.000703997
6.01 9.41036e-05 0.000685928
6.015 8.9976e-05 0.000683092
6.02 8.89614e-05 0.000663031
6.025 8.88814e-05 0.000692951
6.03 8.99559e-05 0.000673072
6.035 8.89481e-05 0.000667018
6.04 8.90397e-05 0.00068711
6.045 9.39585e-05 0.000811022
6.05 9.6096e-05 0.00066706
6.055 8.88893e-05 0.000664959
6.06 0.000108074 0.00070507
6.065 0.000100063 0.000692928
6.07 8.80543e-05 0.000681886
6.075 8.79935e-05 0.000669017
6.08 8.69529e-05 0.00066593
6.085 8.79519e-05 0.000670975
6.09 8.89576e-05 0.000664028
6.095 8.89702e-05 0.00066104
6.1 8.88833e-05 0.000665953
6.105 9.00609e-05 0.000675939
6.11 8.89006e-05 0.00070097
6.115 9.40373e-05 0.000659908
6.12 8.90894e-05 0.000701921
6.125 0.000142988 0.00111194
6.13 0.000113061 0.00099905
6.135 8.8928e-05 0.000799998
6.14 0.000110098 0.00102795
6.145 0.000107925 0.000964967
6.15 0.000113077 0.00102607
6.155 0.000108936 0.00102802
6.16 0.000109901 0.00096799
6.165 9.81183e-05 0.000718936
6.17 8.90687e-05 0.000664946
6.175 8.90744e-05 0.000666906
6.18 8.90734e-05 0.000813905
6.185 0.000174084 0.000782039
6.19 9.19439e-05 0.000662914
6.195 0.000112014 0.00114996
6.2 8.99294e-05 0.000665092
6.205 8.90741e-05 0.000664906
6.21 9.20596e-05 0.00068703
6.215 8.90538e-05 0.000780885
6.22 9.00863e-05 0.00097101
6.225 0.000113105 0.00102809
6.23 0.00011311 0.0010261
6.235 0.000113 0.00103999
6.24 0.000117018 0.00103095
6.245 0.000113975 0.00104301
6.25 0.000127118 0.00102404
6.255 0.000120905 0.000888074
6.26 0.000100028 0.000669892
6.265 9.90069e-05 0.000759063
6.27 0.000127047 0.00102697
6.275 0.000126077 0.00103195
6.28 0.000124022 0.000825044
6.285 9.81009e-05 0.000674919
6.29 0.000113095 0.000864085
6.295 0.000100034 0.000663898
6.3 9.79796e-05 0.000665989
6.305 9.69187e-05 0.00106393
6.31 0.000244083 0.00111304
6.315 0.000123889 0.00102691
6.32 0.000129986 0.000971094
6.325 9.99707e-05 0.000663073
6.33 9.79549e-05 0.000668965
6.335 0.000138932 0.000677934
6.34 9.78814e-05 0.000662891
6.345 0.000126972 0.00102889
6.35 0.000138934 0.00100998
6.355 0.000121884 0.000965052
6.36 0.000119969 0.000978091
6.365 0.000121891 0.00100806
6.37 0.000120948 0.00096907
6.375 0.000126946 0.00101311
6.38 0.000125903 0.000965064
6.385 0.000119941 0.000965063
6.39 0.000125013 0.000997082
6.395 0.000119051 0.00096608
6.4 0.000120897 0.000976019
6.405 0.000120069 0.00100291
6.41 0.000121097 0.00104098
6.415 0.000122999 0.00101797
6.42 0.000121962 0.000973938
6.425 0.00012008 0.000961917
6.43 0.000119118 0.000977956
6.435 0.000121101 0.000965984
6.44 0.000118908 0.000966937
6.445 0.000119092 0.000968883
6.45 0.000121905 0.000969073
6.455 0.000120042 0.000968118
6.46 0.000120074 0.000970911
6.465 0.000119961 0.000962036
6.47 0.000119106 0.000980897
6.475 0.000120045 0.000971929
6.48 9.79315e-05 0.000686941
6.485 0.000124988 0.000996103
6.49 0.000129925 0.000822987
6.495 0.000112917 0.00129491
6.5 0.000119935 0.00104001
6.505 9.20387e-05 0.000980055
6.51 0.000120973 0.0010321
6.515 0.000115075 0.00102892
6.52 0.000115906 0.00102808
6.525 0.000115929 0.000937104
6.53 0.000116915 0.000877897
6.535 0.000112028 0.000864971
6.54 0.000112009 0.000862953
6.545 0.000113977 0.00101901
6.55 9.606e-05 0.000769977
6.555 9.2993e-05 0.00066301
6.56 0.000115916 0.000755045
6.565 9.50153e-05 0.000665933
6.57 9.09859e-05 0.00066091
6.575 9.08979e-05 0.00067306
6.58 9.11001e-05 0.000666024
6.585 8.99996e-05 0.000660116
6.59 0.000107906 0.0010359
6.595 0.000116958 0.00102094
6.6 0.000118996 0.00101602
6.605 0.000116017 0.000699954
6.61 9.19336e-05 0.00066695
6.615 8.90185e-05 0.000666088
6.62 8.99755e-05 0.000660092
6.625 8.88818e-05 0.000660952
6.63 8.8934e-05 0.000666004
6.635 9.09262e-05 0.000664089
6.64 9.00246e-05 0.000671902
6.645 9.29501e-05 0.000683967
6.65 0.000111934 0.000910116
6.655 9.41157e-05 0.00066194
6.66 8.9969e-05 0.000663085
6.665 8.99612e-05 0.000729077
6.67 9.99182e-05 0.000660021
6.675 9.995e-05 0.000660099
6.68 0.000101035 0.000662945
6.685 0.000101065 0.000660976
6.69 9.10435e-05 0.000665968
6.695 8.89431e-05 0.000759013
6.7 0.000115009 0.000669092
6.705 8.90536e-05 0.000665885
6.71 8.99928e-05 0.000694109
6.715 8.88979e-05 0.000665968
6.72 8.68901e-05 0.000670106
6.725 8.69817e-05 0.000659959
6.73 8.69479e-05 0.000663972
6.735 8.81063e-05 0.000665891
6.74 8.70657e-05 0.000665089
6.745 8.80647e-05 0.000729088
6.75 0.000113074 0.000746063
6.755 8.88838e-05 0.00066
6.76 8.79291e-05 0.000722953
6.765 9.70523e-05 0.000660016
6.77 9.90117e-05 0.000662114
6.775 9.79971e-05 0.000662007
6.78 9.79035e-05 0.000661913
6.785 9.69421e-05 0.000683906
6.79 9.90561e-05 0.000688112
6.795 9.99408e-05 0.000674043
6.8 9.89781e-05 0.000681034
6.805 9.80358e-05 0.000729046
6.81 9.69397e-05 0.000659903
6.815 9.70709e-05 0.000679035
6.82 9.78902e-05 0.0006799
6.825 9.90868e-05 0.000665905
6.83 9.89592e-05 0.000702015
6.835 0.000101076 0.000665986
6.84 9.7008e-05 0.000662972
6.845 9.80069e-05 0.000812017
6.85 0.000126065 0.000667942
6.855 0.000106911 0.000675099
6.86 0.000100107 0.000681971
6.865 0.000115964 0.000795901
6.87 0.000141896 0.000740037
6.875 0.000112075 0.000771018
6.88 0.000137942 0.0011569
6.885 0.000108058 0.000692055
6.89 0.00011689 0.000894112
6.895 0.000102932 0.000670935
6.9 9.99565e-05 0.000669059
6.905 9.98889e-05 0.000685991
6.91 0.000109894 0.000665029
6.915 0.000117055 0.000829992
6.92 0.00010298 0.000678984
6.925 0.000103109 0.00066692
6.93 0.000101987 0.000664944
6.935 0.000102119 0.000663076
6.94 0.000101952 0.000672909
6.945 0.000101082 0.000683993
6.95 0.000102884 0.000924887
6.955 0.000102959 0.000982009
6.96 0.000103038 0.000676087
6.965 0.000102095 0.000668052
6.97 0.000101935 0.000658892
6.975 0.000101987 0.000662944
6.98 0.000104026 0.000785075
6.985 0.000106932 0.000668882
6.99 0.00010191 0.000663913
6.995 0.000100896 0.000819091
7 0.000106055 0.000692959
7.005 0.000105072 0.00065993
7.01 0.000127051 0.000968974
7.015 0.00010511 0.000680968
7.02 0.000103101 0.000660104
7.025 0.000102954 0.000660958
7.03 0.000102053 0.00067201
7.035 0.000102932 0.000695935
7.04 0.000153031 0.00102297
7.045 0.000147886 0.000943066
7.05 0.00015196 0.00101009
7.055 0.000114976 0.000666059
7.06 0.00010508 0.000663938
7.065 0.000105946 0.000674088
7.07 0.00010403 0.000669079
7.075 0.000104942 0.000669037
7.08 0.000104106 0.000666917
7.085 0.000103045 0.000688048
7.09 0.000102989 0.000663992
7.095 0.00010106 0.000665971
7.1 0.0001019 0.000664096
7.105 0.000113892 0.000660928
7.11 0.000112116 0.00066306
7.115 0.000100903 0.000662052
7.12 9.99549e-05 0.000667057
7.125 0.00010104 0.00066095
7.13 0.000106079 0.000666983
7.135 9.99582e-05 0.000660061
7.14 8.89967e-05 0.000686067
7.145 9.60464e-05 0.000715964
7.15 9.39899e-05 0.000799053
7.155 9.09377e-05 0.0008071
7.16 9.20246e-05 0.000672995
7.165 8.90235e-05 0.000674093
7.17 0.000103023 0.000784026
7.175 9.21149e-05 0.000699085
7.18 9.1959e-05 0.000895976
7.185 9.19958e-05 0.000661966
7.19 8.89541e-05 0.000665024
7.195 8.80513e-05 0.000671075
7.2 9.68965e-05 0.000674099
7.205 8.79734e-05 0.000660997
7.21 8.80854e-05 0.000661917
7.215 9.19782e-05 0.000677949
7.22 9.18901e-05 0.000677099
7.225 9.01103e-05 0.000731988
7.23 8.7968e-05 0.000663991
7.235 0.000113944 0.000858026
7.24 0.000128904 0.00130497
7.245 0.000120082 0.00103697
7.25 0.000115031 0.00103311
7.255 0.000124981 0.000965096
7.26 0.000120979 0.000968101
7.265 0.000126005 0.000970881
7.27 0.000120951 0.000962073
7.275 0.00011897 0.000994
7.28 0.000119075 0.000957912
7.285 0.000119902 0.00104102
7.29 0.000120052 0.000974889
7.295 0.000133008 0.00102597
7.3 0.00012311 0.000969086
7.305 0.000121916 0.000972084
7.31 0.000124052 0.000969074
7.315 0.000121931 0.000963099
7.32 0.00012307 0.000970092
7.325 0.000124009 0.000963031
7.33 0.000124042 0.000973065
7.335 0.000124081 0.000988103
7.34 0.000124014 0.000967036
7.345 0.000362072 0.000817914
7.35 9.8964e-05 0.00066102
7.355 9.80068e-05 0.00100002
7.36 0.000127933 0.000986948
7.365 9.70438e-05 0.000667054
7.37 9.7117e-05 0.000663081
7.375 0.000121042 0.000980926
7.38 0.000104099 0.00111196
7.385 9.69029e-05 0.000661105
7.39 9.50657e-05 0.000672937
7.395 9.79912e-05 0.000664001
7.4 0.000107076 0.000670026
7.405 9.80262e-05 0.000841036
7.41 0.00013405 0.00111306
7.415 9.99977e-05 0.0006631
7.42 0.000100062 0.000671926
7.425 9.99278e-05 0.00067103
7.43 0.000103096 0.000904907
7.435 0.000131057 0.000999927
7.44 0.000132113 0.00109103
7.445 0.000130989 0.0010999
7.45 0.000156064 0.00108095
7.455 0.000151005 0.00108289
7.46 0.0001281 0.00106512
7.465 0.000129014 0.00101608
7.47 0.000124063 0.00102209
7.475 0.000126927 0.00103309
7.48 0.000124048 0.00102407
7.485 0.000123076 0.00102605
7.49 0.000137118 0.00102503
7.495 0.000128994 0.00096801
7.5 0.000131111 0.000975981
7.505 0.00013304 0.000945002
7.51 0.000136911 0.00113606
7.515 0.000129923 0.00102698
7.52 0.000109953 0.000773088
7.525 0.000113937 0.000677973
7.53 0.000101927 0.00116188
7.535 0.000118105 0.000760088
7.54 0.00010794 0.000764936
7.545 9.69614e-05 0.000711925
7.55 9.51105e-05 0.000715028
7.555 0.000113081 0.000683071
7.56 9.70258e-05 0.000660989
7.565 9.60712e-05 0.000681988
7.57 9.60893e-05 0.000675007
7.575 9.59289e-05 0.000661085
7.58 9.69471e-05 0.000665911
7.585 0.000100104 0.000665015
7.59 0.000104004 0.000689053
7.595 9.70942e-05 0.000665058
7.6 9.68943e-05 0.000661096
7.605 9.50323e-05 0.000678903
7.61 9.38979e-05 0.000695007
7.615 9.6031e-05 0.000667948
7.62 9.51159e-05 0.000762987
7.625 0.000123043 0.00102202
7.63 9.4089e-05 0.000667914
7.635 9.18959e-05 0.000662105
7.64 9.49876e-05 0.000661097
7.645 9.48939e-05 0.000666003
7.65 9.2085e-05 0.000662055
7.655 9.20568e-05 0.000660027
7.66 9.51157e-05 0.000660987
7.665 9.10289e-05 0.000661953
7.67 9.09884e-05 0.000680912
7.675 9.19206e-05 0.000659891
7.68 9.20778e-05 0.000663048
7.685 9.19377e-05 0.000665908
7.69 9.20825e-05 0.000661053
7.695 9.20882e-05 0.000663059
7.7 9.10873e-05 0.000665058
7.705 9.1093e-05 0.000661017
7.71 9.30389e-05 0.00100906
7.715 0.000108022 0.00102502
7.72 8.60723e-05 0.000752049
7.725 0.000110881 0.00116102
7.73 8.90869e-05 0.000742918
7.735 0.000111 0.000995897
7.74 9.38859e-05 0.000783995
7.745 8.19004e-05 0.000667931
7.75 8.00983e-05 0.00066799
7.755 8.09787e-05 0.000663916
7.76 8.10048e-05 0.00135594
7.765 0.000108943 0.000714986
7.77 8.20925e-05 0.000661077
7.775 8.09198e-05 0.000664096
7.78 7.98928e-05 0.000670023
7.785 7.89585e-05 0.000674088
7.79 8.1057e-05 0.000704041
7.795 8.0883e-05 0.000685059
7.8 7.89283e-05 0.000666012
7.805 7.80935e-05 0.000665938
7.81 7.69343e-05 0.000664925
7.815 7.91162e-05 0.000659961
7.82 7.5904e-05 0.000667087
7.825 8.00295e-05 0.000664921
7.83 7.50979e-05 0.000700996
7.835 0.000112055 0.001069
7.84 9.59716e-05 0.00102694
7.845 9.49234e-05 0.00102803
7.85 9.49814e-05 0.00103809
7.855 9.40586e-05 0.00102688
7.86 9.59641e-05 0.00101888
7.865 9.4022e-05 0.00103189
7.87 9.40257e-05 0.00103509
7.875 9.10702e-05 0.00102699
7.88 9.20683e-05 0.00102704
7.885 9.20919e-05 0.00107106
7.89 9.3066e-05 0.000848083
7.895 7.80714e-05 0.000757108
7.9 9.0897e-05 0.00147606
7.905 0.000168985 0.00131599
7.91 9.3012e-05 0.00102808
7.915 9.01016e-05 0.00102498
7.92 0.000176108 0.00104292
7.925 8.7031e-05 0.00102701
7.93 8.58982e-05 0.00102607
7.935 9.10569e-05 0.00103103
7.94 8.61093e-05 0.00102209
7.945 8.69764e-05 0.000821954
7.95 6.89243e-05 0.000664068
7.955 7.01166e-05 0.000660022
7.96 7.00377e-05 0.000663943
7.965 8.20016e-05 0.000663985
7.97 7.18943e-05 0.000662892
7.975 7.09735e-05 0.000662925
7.98 7.39738e-05 0.000684064
7.985 7.00259e-05 0.000662931
7.99 7.39865e-05 0.000663077
7.995 6.99867e-05 0.000662892
8 6.90796e-05 0.000665984
8.005 7.60526e-05 0.000671997
8.01 7.49194e-05 0.000664056
8.015 7.00981e-05 0.000661003
8.02 6.99199e-05 0.000663063
8.025 6.99065e-05 0.00067305
8.03 6.88998e-05 0.000678043
8.035 6.90322e-05 0.000660891
8.04 6.89861e-05 0.000658891
8.045 6.9079e-05 0.000664938
8.05 7.0086e-05 0.000665991
8.055 6.89935e-05 0.000662898
8.06 6.90999e-05 0.000681959
8.065 6.99339e-05 0.000682077
8.07 6.90232e-05 0.000663882
8.075 6.99703e-05 0.000679114
8.08 9.00923e-05 0.00097897
8.085 7.79458e-05 0.000679983
8.09 9.78928e-05 0.0011679
8.095 7.10466e-05 0.000680998
8.1 6.89202e-05 0.000679017
8.105 6.80921e-05 0.000665904
8.11 6.88934e-05 0.00066099
8.115 7.01117e-05 0.000670017
8.12 6.99322e-05 0.000685076
8.125 7.00838e-05 0.000672989
8.13 6.90635e-05 0.000692922
8.135 6.89767e-05 0.000683074
8.14 6.80492e-05 0.0006831
8.145 6.80821e-05 0.000668941
8.15 6.80292e-05 0.00066708
8.155 7.00362e-05 0.000674941
8.16 6.9076e-05 0.000690934
8.165 6.90917e-05 0.00066995
8.17 6.88862e-05 0.000665983
8.175 6.80716e-05 0.000878884
8.18 8.6956e-05 0.00111898
8.185 8.50647e-05 0.000948949
8.19 6.90812e-05 0.00068394
8.195 6.89549e-05 0.000684052
8.2 6.89877e-05 0.000670085
8.205 6.88885e-05 0.000683986
8.21 6.90141e-05 0.000678111
8.215 6.89013e-05 0.000673998
8.22 6.89874e-05 0.000696084
8.225 6.69999e-05 0.000671051
8.23 6.79865e-05 0.000675037
8.235 6.70262e-05 0.000673031
8.24 6.79271e-05 0.000671978
8.245 6.70594e-05 0.000667064
8.25 6.80201e-05 0.000679071
8.255 6.69073e-05 0.000684912
8.26 6.80261e-05 0.000690077
8.265 6.99232e-05 0.000734113
8.27 7.09865e-05 0.000722938
8.275 7.20565e-05 0.00111705
8.28 8.10319e-05 0.00103202
8.285 8.60312e-05 0.00103996
8.29 8.50225e-05 0.00103491
8.295 8.5954e-05 0.00104093
8.3 8.50256e-05 0.00103291
8.305 8.38914e-05 0.00103397
8.31 8.38975e-05 0.00105002
8.315 8.50006e-05 0.00103293
8.32 8.40124e-05 0.0010329
8.325 8.90236e-05 0.00104609
8.33 8.50477e-05 0.00103293
8.335 8.79611e-05 0.00102798
8.34 8.70359e-05 0.00104106
8.345 8.79278e-05 0.00101995
8.35 7.90537e-05 0.000953899
8.355 8.90531e-05 0.00103888
8.36 8.79461e-05 0.00101997
8.365 8.71103e-05 0.0010389
8.37 8.81049e-05 0.00103289
8.375 8.69652e-05 0.00103794
8.38 8.80096e-05 0.00105403
8.385 8.78823e-05 0.00103091
8.39 8.69404e-05 0.00103392
8.395 8.78921e-05 0.00103996
8.4 7.59242e-05 0.000673107
8.405 7.19108e-05 0.000667908
8.41 7.98838e-05 0.000669014
8.415 7.40917e-05 0.000668944
8.42 7.69437e-05 0.00118093
8.425 8.39042e-05 0.00162398
8.43 0.000167964 0.00134912
8.435 8.80295e-05 0.00103505
8.44 8.70277e-05 0.000889005
8.445 7.29935e-05 0.000668037
8.45 7.10331e-05 0.000667031
8.455 7.19531e-05 0.000675951
8.46 7.10652e-05 0.000682016
8.465 7.0898e-05 0.000668088
8.47 7.29444e-05 0.000668988
8.475 7.20441e-05 0.000675042
8.48 7.10555e-05 0.000683053
8.485 7.41008e-05 0.000691953
8.49 7.39868e-05 0.000714077
8.495 7.39314e-05 0.000971022
8.5 9.58956e-05 0.00111005
8.505 9.60291e-05 0.00102495
8.51 9.60712e-05 0.000996988
8.515 8.89846e-05 0.000975054
8.52 8.49387e-05 0.000976062
8.525 8.60838e-05 0.00110901
8.53 8.80783e-05 0.000975102
8.535 8.70381e-05 0.000997062
8.54 8.79639e-05 0.000989988
8.545 8.89034e-05 0.000970973
8.55 9.1088e-05 0.000974012
8.555 9.51089e-05 0.00097798
8.56 9.50902e-05 0.00108396
8.565 9.89797e-05 0.000992036
8.57 0.000111931 0.00103011
8.575 0.000126975 0.000975898
8.58 0.000121903 0.00102907
8.585 0.000211037 0.00138104
8.59 0.000103999 0.00103909
8.595 0.000103023 0.00103207
8.6 0.000101961 0.00104892
