0 27 0.00589871
0.005 27 0.00589978
0.01 27 0.00590308
0.015 27 0.00590872
0.02 27 0.00591672
0.025 27 0.00592706
0.03 27 0.00593974
0.035 27 0.00595475
0.04 27 0.00597205
0.045 27 0.00599166
0.05 27 0.00601353
0.055 27 0.00603767
0.06 27 0.00606406
0.065 27 0.00609268
0.07 27 0.00612351
0.075 27 0.00615655
0.08 27 0.00619177
0.085 27 0.00622916
0.09 27 0.00626871
0.095 27 0.0063104
0.1 27 0.00635421
0.105 27 0.00640014
0.11 27 0.00644816
0.115 26 0.00649827
0.12 26 0.00655044
0.125 26 0.00660466
0.13 25 0.00666093
0.135 25 0.00671922
0.14 25 0.00676351
0.145 25 0.00680652
0.15 25 0.00685111
0.155 25 0.00689726
0.16 25 0.00694496
0.165 25 0.0069942
0.17 25 0.00704497
0.175 25 0.00709726
0.18 25 0.00715106
0.185 25 0.00720637
0.19 25 0.00726316
0.195 25 0.00732144
0.2 25 0.00738118
0.205 25 0.00744239
0.21 25 0.00750504
0.215 25 0.00756914
0.22 25 0.00763466
0.225 25 0.00770161
0.23 25 0.00776997
0.235 25 0.00783972
0.24 25 0.00791087
0.245 25 0.0079834
0.25 25 0.0080573
0.255 25 0.00813256
0.26 24 0.00820917
0.265 24 0.00828713
0.27 24 0.00836642
0.275 24 0.00844702
0.28 24 0.00852895
0.285 24 0.00861217
0.29 24 0.00869669
0.295 24 0.00878249
0.3 24 0.00886956
0.305 24 0.0089579
0.31 24 0.00904749
0.315 24 0.00913833
0.32 23 0.0092304
0.325 23 0.00932369
0.33 23 0.0094182
0.335 23 0.00951392
0.34 23 0.00961083
0.345 23 0.00970893
0.35 22 0.0098082
0.355 21 0.00990864
0.36 21 0.0100102
0.365 20 0.010113
0.37 19 0.0102169
0.375 19 0.0103219
0.38 19 0.010428
0.385 19 0.0105352
0.39 19 0.0106436
0.395 19 0.010753
0.4 19 0.0108635
0.405 18 0.010975
0.41 18 0.0110876
0.415 18 0.0112013
0.42 18 0.011316
0.425 17 0.0114317
0.43 17 0.0115485
0.435 18 0.0116662
0.44 18 0.011785
0.445 18 0.0119047
0.45 18 0.0120254
0.455 18 0.0121471
0.46 18 0.0122697
0.465 18 0.0123933
0.47 18 0.0125178
0.475 18 0.0126432
0.48 18 0.0127695
0.485 17 0.0128967
0.49 17 0.0130249
0.495 16 0.0131539
0.5 16 0.0132837
0.505 16 0.0134145
0.51 16 0.0135461
0.515 16 0.0136785
0.52 16 0.0138117
0.525 16 0.0138037
0.53 16 0.0137823
0.535 14 0.013761
0.54 14 0.01374
0.545 14 0.013719
0.55 13 0.0136983
0.555 13 0.0136777
0.56 12 0.0136574
0.565 12 0.0136371
0.57 12 0.0136171
0.575 12 0.0135973
0.58 12 0.0135777
0.585 12 0.0135583
0.59 12 0.013539
0.595 12 0.01352
0.6 12 0.0135012
0.605 12 0.0134827
0.61 12 0.0134643
0.615 12 0.0134462
0.62 12 0.0134283
0.625 12 0.0134107
0.63 10 0.0133932
0.635 9 0.0133761
0.64 9 0.0133592
0.645 9 0.0133425
0.65 9 0.0133261
0.655 9 0.0133099
0.66 9 0.013294
0.665 9 0.0132784
0.67 9 0.013263
0.675 9 0.0132479
0.68 9 0.0132331
0.685 9 0.0132186
0.69 8 0.0132043
0.695 8 0.0131903
0.7 8 0.0131766
0.705 8 0.0131632
0.71 7 0.0131501
0.715 7 0.0131377
0.72 7 0.0131263
0.725 7 0.0131153
0.73 7 0.0131047
0.735 7 0.0130943
0.74 6 0.0130843
0.745 6 0.0130745
0.75 6 0.0130651
0.755 6 0.0130559
0.76 6 0.0130471
0.765 6 0.0130386
0.77 6 0.0130304
0.775 6 0.0130225
0.78 6 0.0130149
0.785 6 0.0130076
0.79 6 0.0130006
0.795 6 0.0129939
0.8 6 0.0129876
0.805 6 0.0129816
0.81 6 0.0129758
0.815 6 0.0129704
0.82 6 0.0129653
0.825 6 0.0129605
0.83 6 0.012956
0.835 6 0.0129519
0.84 6 0.012948
0.845 6 0.0129445
0.85 6 0.0129412
0.855 6 0.0129383
0.86 6 0.0129357
0.865 6 0.0129333
0.87 6 0.0129313
0.875 6 0.0129296
0.88 6 0.0129282
0.885 6 0.0129271
0.89 6 0.0129263
0.895 6 0.0129258
0.9 6 0.0129256
0.905 6 0.0129257
0.91 5 0.0129261
0.915 5 0.0129267
0.92 5 0.0129277
0.925 5 0.0129289
0.93 6 0.0129305
0.935 6 0.0129323
0.94 6 0.0129344
0.945 6 0.0129368
0.95 6 0.0129394
0.955 6 0.0129424
0.96 6 0.0129456
0.965 6 0.012949
0.97 6 0.0129527
0.975 6 0.0129566
0.98 6 0.0129608
0.985 6 0.0129651
0.99 6 0.0129697
0.995 7 0.0129745
1 7 0.0129795
1.005 7 0.0129846
1.01 7 0.01299
1.015 7 0.0129956
1.02 7 0.0130013
1.025 7 0.0130073
1.03 7 0.0130134
1.035 7 0.0130197
1.04 7 0.0130261
1.045 7 0.0130328
1.05 7 0.0130396
1.055 7 0.0130466
1.06 7 0.0130537
1.065 7 0.013061
1.07 7 0.0130685
1.075 7 0.0130762
1.08 6 0.013084
1.085 6 0.0130919
1.09 6 0.0131
1.095 6 0.0131083
1.1 6 0.0131167
1.105 6 0.0131253
1.11 6 0.013134
1.115 6 0.0131429
1.12 6 0.0131519
1.125 6 0.0131611
1.13 6 0.0131704
1.135 6 0.0131798
1.14 6 0.0131894
1.145 6 0.0131991
1.15 7 0.013209
1.155 7 0.013219
1.16 7 0.0132291
1.165 7 0.0132394
1.17 7 0.0132498
1.175 6 0.0132603
1.18 6 0.013271
1.185 6 0.0132818
1.19 6 0.0132927
1.195 6 0.0133037
1.2 6 0.0133149
1.205 6 0.0133262
1.21 6 0.0133376
1.215 6 0.0133492
1.22 6 0.0133608
1.225 6 0.0133726
1.23 6 0.0133845
1.235 6 0.0133965
1.24 6 0.0134086
1.245 6 0.0134209
1.25 6 0.0134332
1.255 6 0.0134457
1.26 6 0.0134583
1.265 6 0.013471
1.27 6 0.0134838
1.275 6 0.0134967
1.28 6 0.0135098
1.285 6 0.0135229
1.29 6 0.0135362
1.295 6 0.0135495
1.3 6 0.013563
1.305 6 0.0135766
1.31 6 0.0135902
1.315 6 0.013604
1.32 7 0.0136179
1.325 7 0.0136319
1.33 7 0.013646
1.335 7 0.0136602
1.34 7 0.0136745
1.345 7 0.0136889
1.35 7 0.0137034
1.355 7 0.013718
1.36 7 0.0137327
1.365 7 0.0137475
1.37 7 0.0137624
1.375 7 0.0137774
1.38 8 0.0137925
1.385 8 0.0138077
1.39 8 0.013823
1.395 8 0.0138384
1.4 8 0.0138539
1.405 8 0.0138694
1.41 8 0.0138851
1.415 8 0.0139009
1.42 8 0.0139168
1.425 8 0.0139327
1.43 8 0.0139488
1.435 7 0.013965
1.44 7 0.0139812
1.445 7 0.0139976
1.45 7 0.014014
1.455 7 0.0140306
1.46 7 0.0140472
1.465 7 0.0140639
1.47 7 0.0140808
1.475 7 0.0140977
1.48 7 0.0141147
1.485 7 0.0141318
1.49 7 0.014149
1.495 7 0.0141663
1.5 7 0.0141837
1.505 7 0.0142012
1.51 7 0.0142188
1.515 7 0.0142365
1.52 7 0.0142543
1.525 7 0.0142722
1.53 7 0.0142901
1.535 7 0.0143082
1.54 7 0.0143264
1.545 7 0.0143447
1.55 7 0.014363
1.555 7 0.0143815
1.56 7 0.0144
1.565 7 0.0144187
1.57 7 0.0144375
1.575 7 0.0144563
1.58 7 0.0144753
1.585 8 0.0144943
1.59 8 0.0145135
1.595 8 0.0145327
1.6 8 0.0145521
1.605 8 0.0145715
1.61 8 0.0145911
1.615 8 0.0146108
1.62 8 0.0146305
1.625 8 0.0146504
1.63 8 0.0146704
1.635 8 0.0146905
1.64 8 0.0147106
1.645 8 0.0147309
1.65 8 0.0147513
1.655 8 0.0147718
1.66 8 0.0147924
1.665 8 0.0148132
1.67 8 0.014834
1.675 8 0.0148549
1.68 8 0.014876
1.685 8 0.0148972
1.69 8 0.0149184
1.695 8 0.0149398
1.7 8 0.0149613
1.705 8 0.014983
1.71 8 0.0150047
1.715 8 0.0150266
1.72 8 0.0150485
1.725 8 0.0150706
1.73 8 0.0150928
1.735 8 0.0151152
1.74 9 0.0151376
1.745 9 0.0151602
1.75 9 0.0151829
1.755 9 0.0152057
1.76 9 0.0152287
1.765 9 0.0152517
1.77 9 0.0152749
1.775 9 0.0152983
1.78 9 0.0153217
1.785 9 0.0153453
1.79 10 0.0153691
1.795 10 0.0153929
1.8 10 0.0154169
1.805 10 0.0154411
1.81 10 0.0154653
1.815 10 0.0154897
1.82 10 0.0155143
1.825 10 0.015539
1.83 10 0.0155638
1.835 10 0.0155888
1.84 9 0.0156139
1.845 9 0.0156392
1.85 9 0.0156646
1.855 9 0.0156902
1.86 9 0.0157159
1.865 9 0.0157417
1.87 9 0.0157678
1.875 9 0.0157939
1.88 9 0.0158203
1.885 9 0.0158468
1.89 9 0.0158734
1.895 9 0.0159002
1.9 9 0.0159272
1.905 9 0.0159544
1.91 9 0.0159817
1.915 9 0.0160091
1.92 9 0.0160368
1.925 8 0.0160646
1.93 8 0.0160926
1.935 8 0.0161208
1.94 8 0.0161492
1.945 8 0.0161777
1.95 8 0.0162064
1.955 8 0.0162353
1.96 8 0.0162644
1.965 8 0.0162937
1.97 8 0.0163192
1.975 8 0.0163169
1.98 8 0.0163148
1.985 8 0.0163129
1.99 8 0.0163113
1.995 8 0.0163099
2 8 0.0163088
2.005 8 0.0163079
2.01 8 0.0163072
2.015 8 0.0163068
2.02 8 0.0163066
2.025 8 0.0163066
2.03 9 0.0163069
2.035 9 0.0163074
2.04 9 0.0163082
2.045 9 0.0163092
2.05 9 0.0163105
2.055 9 0.016312
2.06 9 0.0163137
2.065 9 0.0163157
2.07 9 0.0163022
2.075 9 0.016274
2.08 9 0.0162459
2.085 9 0.0162182
2.09 9 0.0161906
2.095 9 0.0161632
2.1 9 0.016136
2.105 9 0.016109
2.11 9 0.0160822
2.115 9 0.0160557
2.12 9 0.0160293
2.125 9 0.0160032
2.13 9 0.0159773
2.135 9 0.0159516
2.14 9 0.0159261
2.145 9 0.0159008
2.15 10 0.0158758
2.155 9 0.0158509
2.16 9 0.0158263
2.165 9 0.0158019
2.17 9 0.0157777
2.175 9 0.0157537
2.18 10 0.01573
2.185 10 0.0157065
2.19 10 0.0156832
2.195 10 0.0156601
2.2 10 0.0156372
2.205 10 0.0156146
2.21 10 0.0155922
2.215 10 0.01557
2.22 10 0.0155481
2.225 10 0.0155263
2.23 10 0.0155049
2.235 10 0.0154836
2.24 10 0.0154626
2.245 10 0.0154418
2.25 10 0.0154212
2.255 10 0.0154008
2.26 10 0.0153807
2.265 10 0.0153609
2.27 10 0.0153412
2.275 10 0.0153218
2.28 10 0.0153026
2.285 10 0.0152837
2.29 10 0.015265
2.295 10 0.0152466
2.3 10 0.0152283
2.305 10 0.0152103
2.31 10 0.0151926
2.315 10 0.0151751
2.32 10 0.0151578
2.325 10 0.0151408
2.33 11 0.015124
2.335 11 0.0151075
2.34 11 0.0150912
2.345 11 0.0150751
2.35 11 0.0150593
2.355 11 0.0150437
2.36 11 0.0150284
2.365 11 0.0150133
2.37 11 0.0149984
2.375 11 0.0149838
2.38 11 0.0149695
2.385 11 0.0149554
2.39 11 0.0149415
2.395 11 0.0149279
2.4 11 0.0149145
2.405 11 0.0149014
2.41 11 0.0148885
2.415 11 0.0148759
2.42 11 0.0148635
2.425 12 0.0148514
2.43 12 0.0148395
2.435 12 0.0148279
2.44 12 0.0148165
2.445 12 0.0148053
2.45 11 0.0147945
2.455 11 0.0147838
2.46 11 0.0147734
2.465 11 0.0147633
2.47 11 0.0147534
2.475 11 0.0147438
2.48 11 0.0147344
2.485 12 0.0147253
2.49 12 0.0147164
2.495 12 0.0147077
2.5 12 0.0146994
2.505 12 0.0146912
2.51 12 0.0146833
2.515 12 0.0146757
2.52 13 0.0146683
2.525 13 0.0146612
2.53 13 0.0146543
2.535 13 0.0146477
2.54 13 0.0146413
2.545 13 0.0146352
2.55 13 0.0146294
2.555 13 0.0146237
2.56 13 0.0146184
2.565 13 0.0146133
2.57 13 0.0145925
2.575 13 0.0145547
2.58 13 0.0145173
2.585 13 0.01448
2.59 13 0.014443
2.595 13 0.0144063
2.6 13 0.0143697
2.605 13 0.0143334
2.61 13 0.0142974
2.615 13 0.0142616
2.62 13 0.014226
2.625 13 0.0141907
2.63 13 0.0141556
2.635 13 0.0141207
2.64 13 0.0140861
2.645 13 0.0140518
2.65 13 0.0140177
2.655 13 0.0139838
2.66 13 0.0139501
2.665 12 0.0139168
2.67 12 0.0138836
2.675 12 0.0138507
2.68 12 0.013818
2.685 13 0.0137856
2.69 13 0.0137534
2.695 12 0.0137214
2.7 12 0.0136897
2.705 12 0.0136582
2.71 12 0.0136269
2.715 12 0.0135959
2.72 12 0.0135651
2.725 12 0.0135346
2.73 12 0.0135043
2.735 12 0.0134742
2.74 12 0.0134444
2.745 12 0.0134148
2.75 12 0.0133855
2.755 12 0.0133564
2.76 12 0.0133276
2.765 12 0.013299
2.77 12 0.0132706
2.775 12 0.0132425
2.78 12 0.0132147
2.785 12 0.0131871
2.79 13 0.0131597
2.795 13 0.0131326
2.8 13 0.0131057
2.805 13 0.013079
2.81 13 0.013049
2.815 13 0.012992
2.82 13 0.0129353
2.825 13 0.0128789
2.83 13 0.0128228
2.835 13 0.012767
2.84 13 0.0127116
2.845 13 0.0126564
2.85 13 0.0126015
2.855 13 0.012547
2.86 13 0.0124927
2.865 13 0.0124387
2.87 13 0.0123851
2.875 14 0.0123317
2.88 14 0.0122787
2.885 14 0.012226
2.89 13 0.0121735
2.895 13 0.0121214
2.9 14 0.0120696
2.905 14 0.012018
2.91 14 0.0119668
2.915 14 0.0119159
2.92 14 0.0118652
2.925 14 0.0118149
2.93 14 0.0117649
2.935 14 0.0117152
2.94 14 0.0116658
2.945 14 0.0116167
2.95 14 0.0115679
2.955 14 0.0115194
2.96 14 0.0114712
2.965 14 0.0114233
2.97 14 0.0113757
2.975 14 0.0113285
2.98 14 0.0112815
2.985 14 0.0112348
2.99 14 0.0111885
2.995 15 0.0111424
3 15 0.0110966
3.005 15 0.0110512
3.01 15 0.0110061
3.015 15 0.0109612
3.02 15 0.0109167
3.025 16 0.0108724
3.03 16 0.0108285
3.035 16 0.0107849
3.04 16 0.0107416
3.045 17 0.0106986
3.05 17 0.0106559
3.055 17 0.0106135
3.06 17 0.0105714
3.065 17 0.0105296
3.07 17 0.0104882
3.075 17 0.010447
3.08 17 0.0104061
3.085 17 0.0103656
3.09 17 0.0103253
3.095 17 0.0102854
3.1 17 0.0102458
3.105 17 0.0102065
3.11 17 0.0101674
3.115 17 0.0101287
3.12 17 0.0100903
3.125 17 0.0100523
3.13 17 0.0100145
3.135 17 0.009977
3.14 17 0.00993984
3.145 17 0.00990298
3.15 17 0.00986643
3.155 17 0.0098302
3.16 17 0.00979427
3.165 17 0.00975865
3.17 17 0.00972334
3.175 17 0.00968834
3.18 17 0.00965366
3.185 18 0.00961928
3.19 18 0.00958521
3.195 18 0.00955145
3.2 18 0.009518
3.205 18 0.00948486
3.21 18 0.00945204
3.215 18 0.00941952
3.22 18 0.00938731
3.225 18 0.00935542
3.23 18 0.00932384
3.235 18 0.00929257
3.24 19 0.00926161
3.245 19 0.00923096
3.25 19 0.00920062
3.255 19 0.0091706
3.26 19 0.00914089
3.265 19 0.00911149
3.27 19 0.0090824
3.275 19 0.00905362
3.28 19 0.00902516
3.285 19 0.00899701
3.29 19 0.00896918
3.295 19 0.00894165
3.3 19 0.00891444
3.305 19 0.00888755
3.31 19 0.00886096
3.315 19 0.00883469
3.32 19 0.00880874
3.325 19 0.00878309
3.33 19 0.00875776
3.335 19 0.00873275
3.34 19 0.00870805
3.345 19 0.00868366
3.35 19 0.00865959
3.355 19 0.00863584
3.36 19 0.00861239
3.365 19 0.00858927
3.37 19 0.00856646
3.375 19 0.00854396
3.38 19 0.00852178
3.385 19 0.00849991
3.39 19 0.00847836
3.395 19 0.00845712
3.4 19 0.0084362
3.405 19 0.0084156
3.41 19 0.00839531
3.415 19 0.00837533
3.42 19 0.00835568
3.425 19 0.00833634
3.43 19 0.00831731
3.435 19 0.0082986
3.44 19 0.00828021
3.445 19 0.00826214
3.45 19 0.00824438
3.455 19 0.00822693
3.46 19 0.00820981
3.465 19 0.008193
3.47 19 0.00817651
3.475 19 0.00816033
3.48 19 0.00814447
3.485 19 0.00812893
3.49 20 0.00811371
3.495 20 0.0080988
3.5 20 0.00808421
3.505 20 0.00806994
3.51 20 0.00805598
3.515 20 0.00804235
3.52 20 0.00802903
3.525 20 0.00801603
3.53 19 0.00800334
3.535 19 0.00799097
3.54 19 0.00797893
3.545 18 0.00796719
3.55 18 0.00795578
3.555 17 0.00794468
3.56 17 0.00793391
3.565 17 0.00792345
3.57 17 0.0079133
3.575 17 0.00790348
3.58 17 0.00789397
3.585 17 0.00788479
3.59 17 0.00787592
3.595 17 0.00786736
3.6 17 0.00785913
3.605 17 0.00785121
3.61 17 0.00784362
3.615 17 0.00783634
3.62 17 0.00782938
3.625 17 0.00782273
3.63 17 0.00781641
3.635 17 0.0078104
3.64 17 0.00780471
3.645 17 0.00779934
3.65 17 0.00779429
3.655 17 0.00778955
3.66 17 0.00778513
3.665 17 0.00778103
3.67 17 0.00777725
3.675 17 0.00777379
3.68 17 0.00777064
3.685 17 0.00776782
3.69 16 0.00776531
3.695 16 0.00776311
3.7 16 0.00776124
3.705 16 0.00775968
3.71 16 0.00775844
3.715 16 0.00775752
3.72 16 0.00775692
3.725 16 0.00775663
3.73 17 0.00775666
3.735 17 0.00775701
3.74 16 0.00775767
3.745 16 0.00775865
3.75 16 0.00775995
3.755 16 0.00776157
3.76 16 0.0077635
3.765 16 0.00776481
3.77 16 0.00773806
3.775 16 0.00771175
3.78 16 0.00768588
3.785 16 0.00766045
3.79 16 0.00763546
3.795 16 0.00761091
3.8 16 0.0075868
3.805 16 0.00756314
3.81 16 0.00753991
3.815 16 0.00751712
3.82 16 0.00749476
3.825 16 0.00747284
3.83 16 0.00745134
3.835 16 0.00743026
3.84 16 0.0074096
3.845 16 0.00738936
3.85 16 0.00736952
3.855 16 0.0073501
3.86 16 0.00733109
3.865 16 0.00731247
3.87 16 0.00729426
3.875 16 0.00727644
3.88 16 0.00725901
3.885 16 0.00724196
3.89 16 0.0072253
3.895 16 0.00720902
3.9 16 0.00719312
3.905 16 0.00717758
3.91 16 0.00716242
3.915 16 0.00714761
3.92 16 0.00713317
3.925 16 0.00711908
3.93 16 0.00710535
3.935 16 0.00709196
3.94 16 0.00707892
3.945 16 0.00706621
3.95 16 0.00705385
3.955 16 0.00704181
3.96 16 0.0070301
3.965 16 0.00701872
3.97 16 0.00700765
3.975 17 0.00699691
3.98 17 0.00698647
3.985 17 0.00697634
3.99 17 0.00696652
3.995 17 0.006957
4 17 0.00694777
4.005 17 0.00693883
4.01 17 0.00693019
4.015 17 0.00692182
4.02 17 0.00691374
4.025 17 0.00690593
4.03 18 0.0068984
4.035 18 0.00689113
4.04 18 0.00688412
4.045 18 0.00687738
4.05 18 0.00687089
4.055 18 0.00686466
4.06 18 0.00685867
4.065 18 0.00685293
4.07 18 0.00684742
4.075 18 0.00684216
4.08 18 0.00683712
4.085 18 0.00683232
4.09 18 0.00682773
4.095 18 0.00682337
4.1 18 0.00681922
4.105 18 0.00681529
4.11 18 0.00681156
4.115 18 0.00680804
4.12 18 0.00680472
4.125 18 0.0068016
4.13 18 0.00679866
4.135 18 0.00679592
4.14 18 0.00679336
4.145 18 0.00679098
4.15 18 0.00678878
4.155 18 0.00678675
4.16 18 0.00678489
4.165 18 0.0067832
4.17 18 0.00678166
4.175 18 0.00678028
4.18 18 0.00677906
4.185 18 0.00677799
4.19 18 0.00677706
4.195 18 0.00677627
4.2 18 0.00677562
4.205 18 0.0067751
4.21 18 0.00677471
4.215 18 0.00677445
4.22 17 0.00677431
4.225 17 0.00677429
4.23 17 0.00677438
4.235 17 0.00677459
4.24 17 0.0067749
4.245 17 0.00677531
4.25 17 0.00677582
4.255 17 0.00677643
4.26 17 0.00677713
4.265 17 0.00677791
4.27 17 0.00677878
4.275 16 0.00677973
4.28 16 0.00678075
4.285 16 0.00678185
4.29 16 0.00678301
4.295 16 0.00678424
4.3 16 0.00678553
4.305 16 0.00678688
4.31 16 0.00678828
4.315 16 0.00678973
4.32 16 0.00679123
4.325 16 0.00679277
4.33 16 0.00679434
4.335 16 0.00679595
4.34 16 0.00679759
4.345 16 0.00679926
4.35 16 0.00680095
4.355 16 0.00680267
4.36 16 0.00680439
4.365 16 0.00680613
4.37 16 0.00680788
4.375 16 0.00680963
4.38 15 0.00681139
4.385 15 0.00681314
4.39 15 0.00681488
4.395 15 0.00681662
4.4 15 0.00681834
4.405 15 0.00682004
4.41 15 0.00682172
4.415 15 0.00682338
4.42 15 0.00682501
4.425 15 0.00682661
4.43 15 0.00682818
4.435 15 0.0068297
4.44 15 0.00683118
4.445 15 0.00683262
4.45 15 0.00683401
4.455 15 0.00683534
4.46 15 0.00683662
4.465 15 0.00683783
4.47 15 0.00683898
4.475 15 0.00684007
4.48 15 0.00684108
4.485 15 0.00684202
4.49 15 0.00684288
4.495 15 0.00684366
4.5 15 0.00684435
4.505 15 0.00684496
4.51 14 0.00684547
4.515 14 0.00684589
4.52 14 0.0068462
4.525 14 0.00684642
4.53 14 0.00684653
4.535 14 0.00684653
4.54 14 0.00684641
4.545 14 0.00684618
4.55 14 0.00684583
4.555 14 0.00684535
4.56 14 0.00684475
4.565 14 0.00684402
4.57 14 0.00684315
4.575 14 0.00684215
4.58 14 0.00684101
4.585 14 0.00683972
4.59 14 0.00683828
4.595 14 0.00683669
4.6 14 0.00683495
4.605 14 0.00683305
4.61 14 0.00683099
4.615 14 0.00682877
4.62 14 0.00682638
4.625 14 0.00682381
4.63 14 0.00682107
4.635 14 0.00681816
4.64 14 0.00681506
4.645 13 0.00681178
4.65 13 0.0068083
4.655 13 0.00680464
4.66 13 0.00680078
4.665 13 0.00679673
4.67 13 0.00679247
4.675 13 0.00678801
4.68 13 0.00678334
4.685 13 0.00677846
4.69 13 0.00677336
4.695 13 0.00676805
4.7 13 0.00676251
4.705 13 0.00675675
4.71 13 0.00675076
4.715 13 0.00674454
4.72 13 0.00673809
4.725 13 0.0067314
4.73 13 0.00671316
4.735 13 0.0066865
4.74 13 0.00665959
4.745 13 0.00663243
4.75 13 0.00660502
4.755 13 0.00657732
4.76 13 0.00654933
4.765 13 0.00652105
4.77 13 0.00649249
4.775 13 0.00646366
4.78 13 0.00643455
4.785 13 0.00640518
4.79 13 0.00637555
4.795 13 0.00634567
4.8 13 0.00631553
4.805 13 0.00628515
4.81 13 0.00625452
4.815 13 0.00622365
4.82 13 0.00619255
4.825 13 0.00616122
4.83 13 0.00612966
4.835 13 0.00609788
4.84 13 0.00606588
4.845 13 0.00603367
4.85 13 0.00600124
4.855 13 0.00596861
4.86 13 0.00593578
4.865 13 0.00590274
4.87 13 0.00586951
4.875 13 0.00583609
4.88 13 0.00580249
4.885 13 0.0057687
4.89 14 0.00573473
4.895 14 0.00570058
4.9 14 0.00566626
4.905 14 0.00563177
4.91 14 0.00559712
4.915 14 0.00556231
4.92 14 0.00552734
4.925 14 0.00549221
4.93 14 0.00545694
4.935 14 0.00542152
4.94 14 0.00538595
4.945 14 0.00535025
4.95 14 0.00531442
4.955 15 0.00527845
4.96 15 0.00524235
4.965 15 0.00520613
4.97 15 0.0051698
4.975 15 0.00513334
4.98 15 0.00509678
4.985 15 0.0050601
4.99 15 0.00502332
4.995 16 0.00498644
5 16 0.00494947
5.005 16 0.0049124
5.01 17 0.00487524
5.015 17 0.00483799
5.02 17 0.00480066
5.025 17 0.00476326
5.03 18 0.00472578
5.035 18 0.00468823
5.04 18 0.00465061
5.045 18 0.00461294
5.05 18 0.0045752
5.055 18 0.00453741
5.06 18 0.00449957
5.065 18 0.00446168
5.07 18 0.00442374
5.075 18 0.00438577
5.08 18 0.00434776
5.085 18 0.00430972
5.09 18 0.00427166
5.095 18 0.00423357
5.1 19 0.00419546
5.105 19 0.00415733
5.11 19 0.0041192
5.115 19 0.00408105
5.12 19 0.0040429
5.125 19 0.00400475
5.13 19 0.00396661
5.135 19 0.00392847
5.14 19 0.00389035
5.145 19 0.00385224
5.15 19 0.00381415
5.155 19 0.00377608
5.16 19 0.00373804
5.165 19 0.00370004
5.17 19 0.00366207
5.175 19 0.00362414
5.18 19 0.00358625
5.185 19 0.00354842
5.19 19 0.00351063
5.195 19 0.0034729
5.2 19 0.00343523
5.205 19 0.00339762
5.21 19 0.00336009
5.215 20 0.00332264
5.22 20 0.00328527
5.225 20 0.00324801
5.23 20 0.00321085
5.235 20 0.0031738
5.24 20 0.00313688
5.245 20 0.00310008
5.25 20 0.00306342
5.255 20 0.0030269
5.26 20 0.00299053
5.265 20 0.00295431
5.27 20 0.00291826
5.275 20 0.00288237
5.28 20 0.00284665
5.285 20 0.00281112
5.29 20 0.00277576
5.295 20 0.0027406
5.3 20 0.00270564
5.305 20 0.00267088
5.31 20 0.00263633
5.315 20 0.00260199
5.32 20 0.00256787
5.325 20 0.00253397
5.33 21 0.00250031
5.335 21 0.00246688
5.34 21 0.00243369
5.345 21 0.00240075
5.35 21 0.00236806
5.355 21 0.00233563
5.36 21 0.00230346
5.365 21 0.00227156
5.37 21 0.00223993
5.375 21 0.00220858
5.38 21 0.00217751
5.385 21 0.00214673
5.39 21 0.00211625
5.395 21 0.00208606
5.4 21 0.00205617
5.405 21 0.0020266
5.41 21 0.00199733
5.415 21 0.00196838
5.42 21 0.00193976
5.425 21 0.00191146
5.43 21 0.0018835
5.435 21 0.00185587
5.44 21 0.00182859
5.445 21 0.00180165
5.45 21 0.00177506
5.455 21 0.00174882
5.46 21 0.00172295
5.465 21 0.00169744
5.47 21 0.0016723
5.475 21 0.00164753
5.48 21 0.00162314
5.485 21 0.00159913
5.49 21 0.00157551
5.495 21 0.00155228
5.5 21 0.00152944
5.505 21 0.00150701
5.51 21 0.00148497
5.515 21 0.00146334
5.52 21 0.00144213
5.525 21 0.00142132
5.53 22 0.00140094
5.535 22 0.00138098
5.54 22 0.00136145
5.545 22 0.00134234
5.55 22 0.00132367
5.555 22 0.00130544
5.56 22 0.00128765
5.565 23 0.00127031
5.57 23 0.00125342
5.575 23 0.00123698
5.58 23 0.00122099
5.585 23 0.00120558
5.59 23 0.00119127
5.595 23 0.00117801
5.6 23 0.00116573
5.605 23 0.00115439
5.61 23 0.00114394
5.615 23 0.00113434
5.62 23 0.00112553
5.625 23 0.0011175
5.63 23 0.00111018
5.635 23 0.00110356
5.64 23 0.00109759
5.645 22 0.00109224
5.65 22 0.00108748
5.655 22 0.00108329
5.66 22 0.00107963
5.665 22 0.00107647
5.67 22 0.00107381
5.675 22 0.0010716
5.68 21 0.00106983
5.685 21 0.00106848
5.69 21 0.00106753
5.695 21 0.00106695
5.7 21 0.00106674
5.705 21 0.00106687
5.71 21 0.00106733
5.715 21 0.0010681
5.72 21 0.00106917
5.725 21 0.00107052
5.73 21 0.00107215
5.735 21 0.00107403
5.74 21 0.00107616
5.745 21 0.00107853
5.75 21 0.00108112
5.755 21 0.00108393
5.76 20 0.00108695
5.765 20 0.00109016
5.77 21 0.00109357
5.775 21 0.00109715
5.78 21 0.0011009
5.785 21 0.00110482
5.79 21 0.00110888
5.795 21 0.00111308
5.8 21 0.00111741
5.805 21 0.00112186
5.81 21 0.00112642
5.815 21 0.00113109
5.82 21 0.00113586
5.825 21 0.00114072
5.83 21 0.00114567
5.835 21 0.00115071
5.84 21 0.00115582
5.845 21 0.00116101
5.85 21 0.00116626
5.855 21 0.00117258
5.86 21 0.00117996
5.865 21 0.00118833
5.87 21 0.00119765
5.875 21 0.00120785
5.88 21 0.00121889
5.885 21 0.00123071
5.89 21 0.00124329
5.895 21 0.00125658
5.9 21 0.00127055
5.905 21 0.00128517
5.91 21 0.00130041
5.915 21 0.00131625
5.92 20 0.00133266
5.925 20 0.00134963
5.93 20 0.00136713
5.935 20 0.00138515
5.94 20 0.00140367
5.945 20 0.00142268
5.95 20 0.00144216
5.955 20 0.0014621
5.96 20 0.00148248
5.965 20 0.00150331
5.97 20 0.00152456
5.975 20 0.00154623
5.98 20 0.00156831
5.985 20 0.00159079
5.99 20 0.00161367
5.995 20 0.00163693
6 20 0.00166057
6.005 20 0.00168458
6.01 20 0.00170896
6.015 20 0.00173371
6.02 20 0.00174648
6.025 20 0.00172921
6.03 20 0.00171223
6.035 20 0.00169555
6.04 20 0.00167915
6.045 20 0.00166303
6.05 20 0.00164719
6.055 20 0.00163163
6.06 21 0.00161632
6.065 21 0.00160128
6.07 21 0.0015865
6.075 21 0.00157196
6.08 22 0.00155768
6.085 22 0.00154364
6.09 22 0.00152983
6.095 22 0.00151627
6.1 22 0.00150293
6.105 23 0.00148982
6.11 23 0.00147693
6.115 23 0.00146426
6.12 23 0.00145181
6.125 23 0.00143957
6.13 23 0.00142753
6.135 23 0.00141571
6.14 23 0.00140408
6.145 23 0.00139265
6.15 23 0.00138141
6.155 23 0.00137037
6.16 23 0.00135951
6.165 23 0.00134884
6.17 23 0.00133835
6.175 23 0.00132803
6.18 23 0.0013179
6.185 23 0.00130793
6.19 23 0.00129813
6.195 23 0.0012885
6.2 23 0.00127904
6.205 23 0.00126973
6.21 23 0.00126058
6.215 23 0.00125159
6.22 23 0.00124275
6.225 23 0.00123406
6.23 23 0.00122552
6.235 23 0.00121712
6.24 23 0.00120887
6.245 23 0.00120075
6.25 23 0.00119278
6.255 23 0.00118494
6.26 23 0.00117723
6.265 23 0.00116966
6.27 23 0.00116221
6.275 23 0.00115489
6.28 23 0.0011477
6.285 22 0.00114063
6.29 22 0.00113368
6.295 22 0.00112685
6.3 21 0.00112014
6.305 21 0.00111371
6.31 21 0.00110778
6.315 21 0.00110232
6.32 21 0.00109731
6.325 21 0.00109274
6.33 21 0.00108857
6.335 21 0.0010848
6.34 21 0.00108141
6.345 21 0.00107838
6.35 21 0.00107569
6.355 22 0.00107332
6.36 22 0.00107125
6.365 22 0.00106943
6.37 21 0.00106782
6.375 22 0.00106639
6.38 22 0.0010651
6.385 22 0.00106394
6.39 22 0.00106287
6.395 22 0.00106188
6.4 22 0.00106094
6.405 22 0.00106004
6.41 22 0.00105916
6.415 22 0.0010583
6.42 22 0.00105743
6.425 22 0.00105656
6.43 22 0.00105566
6.435 22 0.00105475
6.44 22 0.00105381
6.445 22 0.00105283
6.45 22 0.00105183
6.455 22 0.00105078
6.46 22 0.0010497
6.465 22 0.00104858
6.47 22 0.00104743
6.475 22 0.00104624
6.48 22 0.00104502
6.485 22 0.00104377
6.49 22 0.00104249
6.495 22 0.00104119
6.5 22 0.00103988
6.505 21 0.00103855
6.51 21 0.00103721
6.515 21 0.00103587
6.52 21 0.00103454
6.525 21 0.00103321
6.53 21 0.00103191
6.535 21 0.00103064
6.54 21 0.0010294
6.545 21 0.0010282
6.55 21 0.00102706
6.555 21 0.00102598
6.56 21 0.00102497
6.565 21 0.00102405
6.57 21 0.00102322
6.575 21 0.00102249
6.58 21 0.00102188
6.585 21 0.0010214
6.59 21 0.00102106
6.595 21 0.0010209
6.6 21 0.00102094
6.605 21 0.0010212
6.61 21 0.00102169
6.615 21 0.00102239
6.62 21 0.00102331
6.625 21 0.00102443
6.63 21 0.00102574
6.635 21 0.00102723
6.64 21 0.00102889
6.645 21 0.00103068
6.65 21 0.00103258
6.655 21 0.00103459
6.66 21 0.00103666
6.665 21 0.00103878
6.67 21 0.00104091
6.675 20 0.00104304
6.68 20 0.00104514
6.685 20 0.00104717
6.69 20 0.00104911
6.695 20 0.00105094
6.7 20 0.00105261
6.705 20 0.00105415
6.71 20 0.00105559
6.715 20 0.001057
6.72 19 0.00105844
6.725 19 0.00105999
6.73 19 0.00106173
6.735 20 0.00106371
6.74 21 0.00106599
6.745 22 0.00106865
6.75 22 0.00107173
6.755 22 0.0010753
6.76 22 0.00107939
6.765 22 0.00108405
6.77 22 0.00108934
6.775 22 0.0010953
6.78 22 0.00110197
6.785 22 0.00110938
6.79 22 0.00111758
6.795 22 0.0011266
6.8 22 0.00113647
6.805 22 0.00114724
6.81 22 0.00115894
6.815 22 0.00117159
6.82 22 0.00118523
6.825 22 0.00119989
6.83 22 0.00121561
6.835 23 0.0012324
6.84 23 0.00125031
6.845 23 0.00126937
6.85 25 0.0012896
6.855 25 0.00131102
6.86 25 0.00133366
6.865 25 0.00135761
6.87 25 0.0013843
6.875 25 0.00141346
6.88 25 0.00144484
6.885 25 0.00146317
6.89 26 0.00144266
6.895 26 0.0014269
6.9 27 0.00141548
6.905 27 0.00140802
6.91 27 0.00140418
6.915 27 0.00140366
6.92 27 0.00140616
6.925 27 0.00141145
6.93 27 0.00141927
6.935 27 0.00142943
6.94 27 0.00144173
6.945 28 0.00145599
6.95 27 0.00147206
6.955 27 0.00148979
6.96 27 0.00150905
6.965 26 0.00152972
6.97 26 0.00155169
6.975 26 0.00157486
6.98 26 0.00159915
6.985 27 0.00162448
6.99 27 0.00165077
6.995 27 0.00167796
7 27 0.001706
7.005 27 0.00173483
7.01 27 0.00176441
7.015 27 0.00180192
7.02 27 0.00184787
7.025 27 0.0018888
7.03 27 0.00192544
7.035 27 0.00195841
7.04 26 0.00198825
7.045 26 0.00201543
7.05 26 0.00204032
7.055 26 0.00206324
7.06 26 0.00208448
7.065 26 0.00210424
7.07 26 0.00212274
7.075 26 0.00214011
7.08 26 0.00215648
7.085 25 0.00217197
7.09 25 0.00218667
7.095 25 0.00220067
7.1 25 0.00219995
7.105 25 0.00214266
7.11 25 0.00208746
7.115 25 0.00203429
7.12 25 0.00198307
7.125 25 0.00193375
7.13 25 0.00188625
7.135 25 0.00184052
7.14 24 0.00179649
7.145 24 0.0017541
7.15 24 0.00171328
7.155 24 0.00167399
7.16 24 0.00163616
7.165 24 0.00159974
7.17 24 0.00156468
7.175 24 0.00153093
7.18 24 0.00149843
7.185 24 0.00146715
7.19 24 0.00143703
7.195 24 0.00140803
7.2 24 0.00138012
7.205 24 0.00135325
7.21 24 0.00132739
7.215 24 0.00130249
7.22 23 0.00127822
7.225 23 0.00125436
7.23 24 0.00123097
7.235 24 0.00120808
7.24 24 0.00118573
7.245 24 0.00116394
7.25 24 0.00114274
7.255 24 0.00112214
7.26 24 0.00110214
7.265 24 0.00108276
7.27 25 0.001064
7.275 25 0.00104587
7.28 25 0.00102836
7.285 25 0.00101148
7.29 25 0.000995218
7.295 25 0.000979578
7.3 26 0.000964555
7.305 27 0.000950145
7.31 27 0.000936343
7.315 27 0.000923146
7.32 27 0.000910549
7.325 27 0.000898547
7.33 28 0.000887137
7.335 28 0.000876313
7.34 28 0.000866074
7.345 27 0.000856415
7.35 28 0.000847338
7.355 28 0.000838843
7.36 28 0.000830929
7.365 28 0.000823593
7.37 28 0.000816833
7.375 28 0.000810649
7.38 28 0.000805832
7.385 28 0.000802968
7.39 28 0.000801933
7.395 28 0.000802612
7.4 28 0.0008049
7.405 28 0.000808699
7.41 28 0.00081392
7.415 28 0.000820481
7.42 28 0.000806438
7.425 28 0.000781449
7.43 28 0.000759495
7.435 28 0.000740353
7.44 28 0.000723817
7.445 28 0.000709701
7.45 28 0.000697833
7.455 28 0.000688055
7.46 28 0.000680224
7.465 28 0.00067421
7.47 28 0.000669893
7.475 28 0.000667164
7.48 28 0.000665925
7.485 28 0.000666085
7.49 27 0.000667562
7.495 27 0.000670282
7.5 27 0.000674179
7.505 27 0.000679191
7.51 27 0.000685264
7.515 27 0.000692349
7.52 27 0.000700403
7.525 27 0.000709386
7.53 27 0.000719265
7.535 27 0.000730009
7.54 27 0.000741592
7.545 27 0.000753992
7.55 27 0.00076719
7.555 27 0.000781171
7.56 27 0.000795923
7.565 27 0.000811436
7.57 26 0.000827704
7.575 26 0.000844723
7.58 26 0.000862494
7.585 26 0.000881019
7.59 26 0.000900303
7.595 26 0.000920352
7.6 26 0.000941179
7.605 26 0.000962795
7.61 26 0.000985208
7.615 26 0.00100842
7.62 26 0.00103243
7.625 26 0.00105724
7.63 26 0.00108285
7.635 26 0.00110925
7.64 27 0.0011641
7.645 27 0.00122319
7.65 27 0.00128643
7.655 27 0.00135375
7.66 26 0.00142507
7.665 26 0.00150035
7.67 26 0.00157955
7.675 26 0.00166265
7.68 26 0.00174965
7.685 26 0.00184058
7.69 25 0.00193548
7.695 24 0.00200975
7.7 24 0.00205747
7.705 24 0.00210722
7.71 24 0.00215902
7.715 23 0.00221292
7.72 22 0.00226898
7.725 22 0.00232727
7.73 22 0.00238789
7.735 22 0.00245097
7.74 22 0.00251665
7.745 22 0.00258511
7.75 22 0.00265656
7.755 21 0.00273123
7.76 20 0.00280943
7.765 20 0.00289101
7.77 20 0.00297527
7.775 20 0.00306276
7.78 19 0.00315415
7.785 19 0.00325017
7.79 19 0.00335171
7.795 19 0.00345977
7.8 19 0.00357559
7.805 19 0.0036665
7.81 19 0.00372808
7.815 19 0.00376533
7.82 19 0.00378238
7.825 17 0.00378269
7.83 17 0.00377078
7.835 17 0.00363186
7.84 18 0.00350102
7.845 18 0.00338523
7.85 18 0.00328316
7.855 18 0.00319356
7.86 18 0.00311525
7.865 18 0.00304716
7.87 19 0.00298821
7.875 20 0.00293741
7.88 20 0.00289383
7.885 20 0.00285652
7.89 20 0.00282464
7.895 21 0.00279749
7.9 20 0.00277446
7.905 20 0.00275502
7.91 20 0.00273871
7.915 20 0.00272516
7.92 20 0.00271403
7.925 20 0.00270502
7.93 20 0.00269789
7.935 20 0.00269241
7.94 20 0.00268841
7.945 20 0.0026857
7.95 20 0.00268416
7.955 20 0.00268365
7.96 20 0.00268408
7.965 20 0.00268533
7.97 20 0.00268734
7.975 20 0.00269002
7.98 20 0.00269332
7.985 20 0.00269718
7.99 20 0.00270155
7.995 20 0.00270639
8 20 0.00271166
8.005 20 0.00271733
8.01 20 0.00272336
8.015 20 0.00272975
8.02 20 0.00273645
8.025 20 0.00274346
8.03 20 0.00275075
8.035 20 0.00275832
8.04 20 0.00276614
8.045 20 0.00277422
8.05 20 0.00278253
8.055 20 0.00279108
8.06 19 0.00279985
8.065 19 0.00280885
8.07 19 0.00281806
8.075 19 0.00282748
8.08 18 0.00283712
8.085 18 0.00284696
8.09 18 0.00285702
8.095 18 0.00286728
8.1 18 0.00287775
8.105 18 0.00288843
8.11 18 0.00289933
8.115 18 0.00291044
8.12 18 0.00292176
8.125 18 0.00293331
8.13 18 0.00294508
8.135 18 0.00295708
8.14 18 0.00296932
8.145 17 0.00298179
8.15 17 0.00299451
8.155 17 0.00300747
8.16 17 0.0030207
8.165 17 0.00303419
8.17 17 0.00304794
8.175 17 0.00306198
8.18 17 0.0030763
8.185 17 0.00309091
8.19 17 0.00310583
8.195 17 0.00312105
8.2 17 0.0031366
8.205 17 0.00315248
8.21 17 0.0031687
8.215 17 0.00318527
8.22 17 0.00320219
8.225 17 0.0032195
8.23 17 0.00323718
8.235 17 0.00325526
8.24 17 0.00327374
8.245 16 0.00329265
8.25 17 0.00331198
8.255 17 0.00333176
8.26 17 0.003352
8.265 17 0.00337271
8.27 17 0.00339391
8.275 16 0.00341561
8.28 16 0.00343782
8.285 15 0.00346056
8.29 15 0.00348385
8.295 14 0.0035077
8.3 14 0.00353212
8.305 14 0.00355715
8.31 14 0.00358278
8.315 14 0.00360904
8.32 14 0.00363594
8.325 14 0.00366351
8.33 14 0.00369176
8.335 14 0.00372071
8.34 14 0.00375038
8.345 14 0.00378078
8.35 15 0.00381195
8.355 15 0.00384389
8.36 15 0.00387663
8.365 15 0.0039102
8.37 15 0.0039446
8.375 15 0.00397986
8.38 14 0.00401601
8.385 13 0.00405306
8.39 13 0.00409105
8.395 13 0.00412998
8.4 13 0.00416839
8.405 13 0.00420465
8.41 13 0.00423881
8.415 13 0.00427094
8.42 12 0.00430109
8.425 12 0.00432933
8.43 12 0.00435571
8.435 12 0.0043803
8.44 11 0.00440314
8.445 11 0.00442429
8.45 11 0.00444381
8.455 11 0.00446176
8.46 11 0.00447817
8.465 11 0.00449312
8.47 11 0.00450664
8.475 11 0.0045188
8.48 11 0.00452964
8.485 11 0.00453921
8.49 11 0.00454756
8.495 11 0.00455474
8.5 11 0.0045608
8.505 11 0.00456579
8.51 11 0.00456976
8.515 11 0.00457275
8.52 11 0.00457481
8.525 10 0.00457598
8.53 10 0.00457632
8.535 10 0.00457586
8.54 10 0.00457466
8.545 10 0.00457276
8.55 10 0.0045702
8.555 10 0.00456717
8.56 10 0.0045644
8.565 10 0.00456285
8.57 10 0.00456343
8.575 10 0.00456705
8.58 10 0.00457453
8.585 10 0.00458665
8.59 10 0.00460416
8.595 10 0.00462776
8.6 10 0.00465814
