0 0.595378 0.131282 0.431551 0.367975 -1.81126 -0.116953 1.10455 -0.791788 -0.463687 1.45625 0.349066 0.174533 0 -0.523599 -1.39626 0 
0 0.441533 0.137853 0.333545 0.427377 -1.80618 -0.400332 0.734434 -0.932357 -1.06135 1.31761 0.349066 0.174533 0 -0.523599 -1.39626 0 
0 0.55325 -0.153002 0.122356 0.376065 -1.30404 -0.296372 0.992563 -0.692657 -0.686014 0.862213 0.349066 0.174533 0 -0.523599 -1.39626 0 
1 0.254308 0.0632213 0.17543 -0.231465 0.349066 -0.174533 0 -0.523599 1.39626 0 -1.86303 0.513902 -1.43671 -0.894603 -0.0878335 0.19079 
1 0.343645 -0.0769527 0.318668 -0.0574276 0.349066 -0.174533 0 -0.523599 1.39626 0 -1.73995 -0.0592224 -0.738595 -0.691595 0.504639 0.44461 
1 0.296181 -0.223435 0.238633 -0.499457 0.349066 -0.174533 0 -0.523599 1.39626 0 -1.64979 0.452742 -0.425181 -1.27313 0.639058 1.0228 
1 0.379288 -0.1907 0.489095 -0.353564 0.349066 -0.174533 0 -0.523599 1.39626 0 -1.64751 -0.0177859 0.204241 -1.07409 1.27126 1.02623 
1 0.294436 -0.0874616 0.355058 -0.334183 0.349066 -0.174533 0 -0.523599 1.39626 0 -1.98934 0.0177188 0.345388 -0.759732 0.440537 1.50068 
1 0.325592 -0.0701768 0.445783 -0.384469 0.349066 -0.174533 0 -0.523599 1.39626 0 -1.66734 0.255554 -0.0317734 -1.32635 0.699851 1.16494 
1 0.334657 -0.0474569 0.470297 -0.135649 0.349066 -0.174533 0 -0.523599 1.39626 0 -1.74648 0.131236 -0.655183 -1.01001 0.114243 0.290134 
