0 0.013272 0.00151635 0.744755
0.005 0.0132718 0.00151656 0.744755
0.01 0.0132714 0.00151717 0.744753
0.015 0.0132713 0.00151807 0.744749
0.02 0.0132714 0.00151917 0.744744
0.025 0.0132718 0.00152039 0.744737
0.03 0.0132725 0.0015217 0.744729
0.035 0.0132734 0.00152305 0.74472
0.04 0.0132745 0.00152443 0.744709
0.045 0.0132758 0.00152582 0.744696
0.05 0.0132774 0.00152722 0.744682
0.055 0.0132792 0.00152862 0.744666
0.06 0.0132811 0.00153 0.744649
0.065 0.0132833 0.00153138 0.744631
0.07 0.0132857 0.00153276 0.744611
0.075 0.0132883 0.00153412 0.744589
0.08 0.0132911 0.00153548 0.744566
0.085 0.013294 0.00153682 0.744542
0.09 0.0132972 0.00153817 0.744517
0.095 0.0133005 0.0015395 0.74449
0.1 0.0133041 0.00154084 0.744461
0.105 0.0133078 0.00154217 0.744431
0.11 0.0133117 0.00154351 0.7444
0.115 0.0133158 0.00154484 0.744368
0.12 0.0133201 0.00154619 0.744334
0.125 0.0133246 0.00154753 0.744299
0.13 0.0133292 0.00154889 0.744262
0.135 0.013334 0.00155026 0.744225
0.14 0.013339 0.00155164 0.744186
0.145 0.0133442 0.00155303 0.744146
0.15 0.0133495 0.00155445 0.744104
0.155 0.0133551 0.00155588 0.744062
0.16 0.0133607 0.00155733 0.744018
0.165 0.0133666 0.00155881 0.743973
0.17 0.0133726 0.00156031 0.743926
0.175 0.0133788 0.00156185 0.743879
0.18 0.0133852 0.00156341 0.74383
0.185 0.0133917 0.001565 0.74378
0.19 0.0133983 0.00156663 0.74373
0.195 0.0134052 0.0015683 0.743678
0.2 0.0134122 0.00157 0.743624
0.205 0.0134193 0.00157175 0.74357
0.21 0.0134266 0.00157354 0.743515
0.215 0.0134341 0.00157537 0.743458
0.22 0.0134417 0.00157726 0.743401
0.225 0.0134494 0.00157919 0.743343
0.23 0.0134573 0.00158118 0.743283
0.235 0.0134654 0.00158322 0.743222
0.24 0.0134736 0.00158532 0.743161
0.245 0.0134819 0.00158747 0.743098
0.25 0.0134904 0.00158969 0.743035
0.255 0.0134991 0.00159197 0.74297
0.26 0.0135078 0.00159432 0.742905
0.265 0.0135167 0.00159673 0.742838
0.27 0.0135258 0.00159922 0.742771
0.275 0.013535 0.00160177 0.742703
0.28 0.0135443 0.0016044 0.742634
0.285 0.0135537 0.00160711 0.742564
0.29 0.0135633 0.00160989 0.742493
0.295 0.013573 0.00161275 0.742421
0.3 0.0135828 0.0016157 0.742348
0.305 0.0135928 0.00161873 0.742275
0.31 0.0136029 0.00162184 0.742201
0.315 0.0136131 0.00162504 0.742125
0.32 0.0136234 0.00162833 0.74205
0.325 0.0136338 0.00163171 0.741973
0.33 0.0136444 0.00163519 0.741895
0.335 0.0136551 0.00163876 0.741817
0.34 0.0136659 0.00164242 0.741738
0.345 0.0136768 0.00164618 0.741659
0.35 0.0136878 0.00165005 0.741578
0.355 0.0136989 0.00165401 0.741497
0.36 0.0137102 0.00165808 0.741415
0.365 0.0137215 0.00166225 0.741333
0.37 0.013733 0.00166653 0.74125
0.375 0.0137446 0.00167091 0.741166
0.38 0.0137562 0.00167541 0.741081
0.385 0.013768 0.00168001 0.740996
0.39 0.0137798 0.00168472 0.740911
0.395 0.0137918 0.00168955 0.740824
0.4 0.0138038 0.00169449 0.740737
0.405 0.013816 0.00169955 0.74065
0.41 0.0138282 0.00170472 0.740562
0.415 0.0138406 0.00171002 0.740473
0.42 0.013853 0.00171543 0.740384
0.425 0.0138655 0.00172095 0.740295
0.43 0.0138781 0.0017266 0.740205
0.435 0.0138908 0.00173237 0.740114
0.44 0.0139035 0.00173827 0.740023
0.445 0.0139164 0.00174428 0.739931
0.45 0.0139293 0.00175043 0.739839
0.455 0.0139423 0.00175669 0.739747
0.46 0.0139554 0.00176308 0.739654
0.465 0.0139685 0.0017696 0.739561
0.47 0.0139817 0.00177624 0.739467
0.475 0.013995 0.00178301 0.739373
0.48 0.0140084 0.00178991 0.739278
0.485 0.0140218 0.00179693 0.739184
0.49 0.0140353 0.00180409 0.739089
0.495 0.0140488 0.00181137 0.738993
0.5 0.0140624 0.00181878 0.738897
0.505 0.0140761 0.00182632 0.738801
0.51 0.0140898 0.00183399 0.738705
0.515 0.0141036 0.00184178 0.738608
0.52 0.0141175 0.00184971 0.738511
0.525 0.0141313 0.00185777 0.738414
0.53 0.0141453 0.00186595 0.738317
0.535 0.0141592 0.00187427 0.738219
0.54 0.0141733 0.00188271 0.738121
0.545 0.0141873 0.00189128 0.738024
0.55 0.0142014 0.00189998 0.737925
0.555 0.0142156 0.00190881 0.737827
0.56 0.0142298 0.00191776 0.737729
0.565 0.014244 0.00192684 0.73763
0.57 0.0142582 0.00193605 0.737531
0.575 0.0142725 0.00194538 0.737432
0.58 0.0142868 0.00195484 0.737333
0.585 0.0143011 0.00196442 0.737234
0.59 0.0143155 0.00197413 0.737135
0.595 0.0143298 0.00198396 0.737036
0.6 0.0143442 0.00199391 0.736937
0.605 0.0143586 0.00200398 0.736838
0.61 0.0143731 0.00201417 0.736739
0.615 0.0143875 0.00202448 0.73664
0.62 0.0144019 0.00203491 0.736541
0.625 0.0144164 0.00204545 0.736441
0.63 0.0144308 0.00205611 0.736342
0.635 0.0144453 0.00206689 0.736243
0.64 0.0144597 0.00207777 0.736144
0.645 0.0144742 0.00208877 0.736046
0.65 0.0144886 0.00209988 0.735947
0.655 0.014503 0.0021111 0.735848
0.66 0.0145175 0.00212242 0.73575
0.665 0.0145319 0.00213385 0.735652
0.67 0.0145462 0.00214538 0.735553
0.675 0.0145606 0.00215702 0.735455
0.68 0.014575 0.00216875 0.735358
0.685 0.0145893 0.00218059 0.73526
0.69 0.0146036 0.00219252 0.735163
0.695 0.0146178 0.00220455 0.735066
0.7 0.0146321 0.00221667 0.734969
0.705 0.0146463 0.00222888 0.734872
0.71 0.0146604 0.00224117 0.734776
0.715 0.0146746 0.00225356 0.73468
0.72 0.0146886 0.00226603 0.734584
0.725 0.0147027 0.00227859 0.734489
0.73 0.0147166 0.00229122 0.734394
0.735 0.0147305 0.00230393 0.734299
0.74 0.0147444 0.00231672 0.734205
0.745 0.0147582 0.00232959 0.734111
0.75 0.014772 0.00234252 0.734018
0.755 0.0147856 0.00235552 0.733925
0.76 0.0147993 0.00236859 0.733832
0.765 0.0148128 0.00238173 0.73374
0.77 0.0148263 0.00239493 0.733648
0.775 0.0148397 0.00240819 0.733557
0.78 0.014853 0.00242151 0.733466
0.785 0.0148662 0.0024349 0.733376
0.79 0.0148794 0.00244836 0.733286
0.795 0.0148924 0.00246188 0.733196
0.8 0.0149055 0.00247546 0.733107
0.805 0.0149184 0.0024891 0.733019
0.81 0.0149313 0.0025028 0.732931
0.815 0.0149441 0.00251655 0.732843
0.82 0.0149569 0.00253036 0.732756
0.825 0.0149696 0.00254422 0.732669
0.83 0.0149823 0.00255812 0.732582
0.835 0.0149949 0.00257207 0.732496
0.84 0.0150074 0.00258606 0.732411
0.845 0.0150199 0.00260009 0.732325
0.85 0.0150323 0.00261416 0.732241
0.855 0.0150447 0.00262826 0.732156
0.86 0.015057 0.00264239 0.732072
0.865 0.0150693 0.00265655 0.731989
0.87 0.0150815 0.00267073 0.731905
0.875 0.0150937 0.00268494 0.731822
0.88 0.0151059 0.00269916 0.73174
0.885 0.015118 0.00271341 0.731658
0.89 0.01513 0.00272767 0.731576
0.895 0.0151421 0.00274194 0.731494
0.9 0.015154 0.00275623 0.731413
0.905 0.015166 0.00277052 0.731333
0.91 0.0151779 0.00278481 0.731252
0.915 0.0151897 0.00279911 0.731172
0.92 0.0152016 0.00281341 0.731092
0.925 0.0152134 0.00282771 0.731013
0.93 0.0152251 0.00284201 0.730934
0.935 0.0152369 0.0028563 0.730855
0.94 0.0152486 0.00287058 0.730777
0.945 0.0152603 0.00288485 0.730699
0.95 0.0152719 0.00289911 0.730621
0.955 0.0152836 0.00291336 0.730543
0.96 0.0152952 0.00292758 0.730466
0.965 0.0153067 0.00294179 0.730389
0.97 0.0153183 0.00295598 0.730312
0.975 0.0153299 0.00297015 0.730236
0.98 0.0153414 0.00298429 0.73016
0.985 0.0153529 0.00299841 0.730084
0.99 0.0153644 0.00301249 0.730008
0.995 0.0153759 0.00302655 0.729933
1 0.0153873 0.00304057 0.729858
1.005 0.0153988 0.00305457 0.729783
1.01 0.0154103 0.00306852 0.729708
1.015 0.0154217 0.00308244 0.729634
1.02 0.0154331 0.00309632 0.72956
1.025 0.0154446 0.00311016 0.729486
1.03 0.015456 0.00312395 0.729412
1.035 0.0154674 0.00313771 0.729339
1.04 0.0154788 0.00315141 0.729266
1.045 0.0154903 0.00316507 0.729193
1.05 0.0155017 0.00317868 0.72912
1.055 0.0155131 0.00319225 0.729047
1.06 0.0155245 0.00320575 0.728975
1.065 0.015536 0.00321921 0.728902
1.07 0.0155474 0.00323261 0.72883
1.075 0.0155589 0.00324596 0.728758
1.08 0.0155704 0.00325924 0.728686
1.085 0.0155818 0.00327247 0.728615
1.09 0.0155933 0.00328564 0.728543
1.095 0.0156049 0.00329875 0.728472
1.1 0.0156164 0.00331179 0.728401
1.105 0.0156279 0.00332477 0.72833
1.11 0.0156395 0.00333769 0.728259
1.115 0.0156511 0.00335053 0.728188
1.12 0.0156627 0.00336331 0.728118
1.125 0.0156743 0.00337603 0.728047
1.13 0.015686 0.00338867 0.727977
1.135 0.0156977 0.00340124 0.727907
1.14 0.0157094 0.00341374 0.727837
1.145 0.0157212 0.00342616 0.727767
1.15 0.015733 0.00343851 0.727697
1.155 0.0157448 0.00345079 0.727627
1.16 0.0157566 0.00346299 0.727557
1.165 0.0157685 0.00347511 0.727487
1.17 0.0157805 0.00348715 0.727418
1.175 0.0157925 0.00349912 0.727348
1.18 0.0158045 0.003511 0.727279
1.185 0.0158165 0.00352281 0.727209
1.19 0.0158286 0.00353453 0.72714
1.195 0.0158408 0.00354617 0.727071
1.2 0.015853 0.00355773 0.727001
1.205 0.0158652 0.0035692 0.726932
1.21 0.0158775 0.00358059 0.726863
1.215 0.0158899 0.00359189 0.726794
1.22 0.0159023 0.00360311 0.726725
1.225 0.0159148 0.00361424 0.726655
1.23 0.0159273 0.00362528 0.726586
1.235 0.0159399 0.00363624 0.726517
1.24 0.0159525 0.0036471 0.726448
1.245 0.0159652 0.00365788 0.726379
1.25 0.015978 0.00366857 0.72631
1.255 0.0159909 0.00367917 0.726241
1.26 0.0160038 0.00368968 0.726172
1.265 0.0160168 0.0037001 0.726102
1.27 0.0160298 0.00371042 0.726033
1.275 0.0160429 0.00372066 0.725964
1.28 0.0160561 0.0037308 0.725895
1.285 0.0160694 0.00374085 0.725825
1.29 0.0160828 0.00375081 0.725756
1.295 0.0160962 0.00376068 0.725687
1.3 0.0161097 0.00377045 0.725617
1.305 0.0161233 0.00378013 0.725547
1.31 0.016137 0.00378972 0.725478
1.315 0.0161508 0.00379921 0.725408
1.32 0.0161646 0.00380861 0.725338
1.325 0.0161786 0.00381792 0.725268
1.33 0.0161926 0.00382713 0.725198
1.335 0.0162068 0.00383625 0.725128
1.34 0.016221 0.00384528 0.725058
1.345 0.0162353 0.00385421 0.724988
1.35 0.0162497 0.00386305 0.724918
1.355 0.0162643 0.00387179 0.724847
1.36 0.0162789 0.00388045 0.724776
1.365 0.0162936 0.00388901 0.724706
1.37 0.0163085 0.00389747 0.724635
1.375 0.0163234 0.00390585 0.724564
1.38 0.0163384 0.00391413 0.724493
1.385 0.0163536 0.00392232 0.724421
1.39 0.0163689 0.00393042 0.72435
1.395 0.0163842 0.00393843 0.724278
1.4 0.0163997 0.00394635 0.724206
1.405 0.0164153 0.00395418 0.724134
1.41 0.0164311 0.00396192 0.724062
1.415 0.0164469 0.00396957 0.72399
1.42 0.0164629 0.00397713 0.723918
1.425 0.016479 0.0039846 0.723845
1.43 0.0164952 0.00399199 0.723772
1.435 0.0165115 0.00399929 0.723699
1.44 0.016528 0.0040065 0.723626
1.445 0.0165446 0.00401363 0.723552
1.45 0.0165613 0.00402067 0.723478
1.455 0.0165782 0.00402763 0.723404
1.46 0.0165952 0.00403451 0.72333
1.465 0.0166123 0.00404131 0.723256
1.47 0.0166296 0.00404802 0.723181
1.475 0.016647 0.00405466 0.723107
1.48 0.0166646 0.00406121 0.723031
1.485 0.0166823 0.00406769 0.722956
1.49 0.0167001 0.00407409 0.722881
1.495 0.0167181 0.00408042 0.722805
1.5 0.0167362 0.00408667 0.722729
1.505 0.0167545 0.00409285 0.722652
1.51 0.0167729 0.00409896 0.722576
1.515 0.0167914 0.00410499 0.722499
1.52 0.0168102 0.00411096 0.722422
1.525 0.016829 0.00411686 0.722344
1.53 0.0168481 0.00412269 0.722266
1.535 0.0168672 0.00412846 0.722188
1.54 0.0168866 0.00413415 0.72211
1.545 0.0169061 0.00413976 0.722031
1.55 0.0169257 0.00414529 0.721952
1.555 0.0169454 0.00415072 0.721873
1.56 0.0169653 0.00415606 0.721794
1.565 0.0169853 0.00416129 0.721715
1.57 0.0170053 0.00416641 0.721635
1.575 0.0170255 0.00417143 0.721555
1.58 0.0170458 0.00417633 0.721475
1.585 0.0170661 0.00418111 0.721395
1.59 0.0170865 0.00418578 0.721314
1.595 0.017107 0.00419033 0.721234
1.6 0.0171276 0.00419476 0.721154
1.605 0.0171482 0.00419907 0.721073
1.61 0.0171689 0.00420324 0.720992
1.615 0.0171897 0.0042073 0.720912
1.62 0.0172104 0.00421122 0.720831
1.625 0.0172313 0.00421501 0.720751
1.63 0.0172521 0.00421867 0.72067
1.635 0.017273 0.00422219 0.72059
1.64 0.017294 0.00422557 0.720509
1.645 0.0173149 0.00422881 0.720429
1.65 0.0173359 0.00423192 0.720349
1.655 0.0173569 0.00423488 0.720269
1.66 0.0173778 0.00423769 0.720189
1.665 0.0173988 0.00424035 0.720109
1.67 0.0174198 0.00424286 0.720029
1.675 0.0174408 0.00424522 0.71995
1.68 0.0174617 0.00424743 0.719871
1.685 0.0174827 0.00424947 0.719792
1.69 0.0175036 0.00425136 0.719713
1.695 0.0175245 0.00425308 0.719635
1.7 0.0175454 0.00425464 0.719557
1.705 0.0175662 0.00425603 0.719479
1.71 0.017587 0.00425725 0.719402
1.715 0.0176077 0.00425829 0.719325
1.72 0.0176284 0.00425916 0.719248
1.725 0.0176491 0.00425985 0.719172
1.73 0.0176696 0.00426036 0.719096
1.735 0.0176901 0.00426068 0.71902
1.74 0.0177106 0.00426081 0.718945
1.745 0.0177309 0.00426076 0.718871
1.75 0.0177512 0.00426051 0.718796
1.755 0.0177714 0.00426006 0.718723
1.76 0.0177915 0.00425942 0.71865
1.765 0.0178115 0.00425857 0.718577
1.77 0.0178314 0.00425752 0.718505
1.775 0.0178513 0.00425626 0.718434
1.78 0.017871 0.00425479 0.718363
1.785 0.0178906 0.00425311 0.718293
1.79 0.01791 0.0042512 0.718223
1.795 0.0179294 0.00424908 0.718154
1.8 0.0179487 0.00424673 0.718086
1.805 0.0179678 0.00424415 0.718018
1.81 0.0179867 0.00424135 0.717952
1.815 0.0180056 0.00423831 0.717885
1.82 0.0180243 0.00423503 0.71782
1.825 0.0180429 0.00423152 0.717755
1.83 0.0180613 0.00422776 0.717691
1.835 0.0180796 0.00422376 0.717628
1.84 0.0180977 0.00421952 0.717566
1.845 0.0181157 0.00421505 0.717504
1.85 0.0181336 0.00421036 0.717443
1.855 0.0181513 0.00420546 0.717383
1.86 0.0181689 0.00420036 0.717324
1.865 0.0181865 0.00419506 0.717266
1.87 0.0182039 0.00418957 0.717208
1.875 0.0182212 0.00418389 0.717151
1.88 0.0182384 0.00417803 0.717095
1.885 0.0182555 0.00417199 0.71704
1.89 0.0182725 0.00416577 0.716985
1.895 0.0182895 0.00415939 0.716931
1.9 0.0183063 0.00415283 0.716878
1.905 0.0183231 0.00414611 0.716826
1.91 0.0183397 0.00413922 0.716775
1.915 0.0183563 0.00413217 0.716724
1.92 0.0183728 0.00412497 0.716674
1.925 0.0183893 0.00411761 0.716624
1.93 0.0184056 0.0041101 0.716576
1.935 0.0184219 0.00410244 0.716528
1.94 0.018438 0.00409463 0.71648
1.945 0.0184541 0.00408667 0.716434
1.95 0.0184702 0.00407858 0.716388
1.955 0.0184861 0.00407034 0.716343
1.96 0.018502 0.00406197 0.716298
1.965 0.0185178 0.00405345 0.716254
1.97 0.0185335 0.00404481 0.716211
1.975 0.0185492 0.00403604 0.716169
1.98 0.0185648 0.00402714 0.716127
1.985 0.0185803 0.00401811 0.716085
1.99 0.0185957 0.00400896 0.716045
1.995 0.0186111 0.00399968 0.716005
2 0.0186264 0.00399029 0.715965
2.005 0.0186416 0.00398078 0.715926
2.01 0.0186568 0.00397116 0.715888
2.015 0.0186719 0.00396142 0.71585
2.02 0.018687 0.00395158 0.715813
2.025 0.0187019 0.00394163 0.715777
2.03 0.0187169 0.00393157 0.715741
2.035 0.0187317 0.00392141 0.715706
2.04 0.0187465 0.00391115 0.715671
2.045 0.0187612 0.0039008 0.715637
2.05 0.0187759 0.00389034 0.715603
2.055 0.0187905 0.0038798 0.71557
2.06 0.0188051 0.00386916 0.715537
2.065 0.0188196 0.00385843 0.715505
2.07 0.018834 0.00384762 0.715473
2.075 0.0188484 0.00383672 0.715442
2.08 0.0188628 0.00382574 0.715412
2.085 0.018877 0.00381468 0.715382
2.09 0.0188913 0.00380354 0.715352
2.095 0.0189054 0.00379233 0.715323
2.1 0.0189196 0.00378104 0.715294
2.105 0.0189336 0.00376969 0.715266
2.11 0.0189476 0.00375826 0.715238
2.115 0.0189616 0.00374677 0.715211
2.12 0.0189755 0.00373521 0.715184
2.125 0.0189894 0.0037236 0.715158
2.13 0.0190032 0.00371192 0.715132
2.135 0.019017 0.00370019 0.715106
2.14 0.0190307 0.0036884 0.715081
2.145 0.0190444 0.00367655 0.715056
2.15 0.019058 0.00366466 0.715032
2.155 0.0190716 0.00365272 0.715008
2.16 0.0190852 0.00364073 0.714985
2.165 0.0190987 0.00362869 0.714961
2.17 0.0191121 0.00361662 0.714939
2.175 0.0191256 0.0036045 0.714916
2.18 0.0191389 0.00359235 0.714894
2.185 0.0191523 0.00358016 0.714872
2.19 0.0191656 0.00356794 0.714851
2.195 0.0191788 0.00355568 0.71483
2.2 0.019192 0.0035434 0.714809
2.205 0.0192052 0.00353109 0.714789
2.21 0.0192183 0.00351875 0.714769
2.215 0.0192314 0.00350639 0.714749
2.22 0.0192444 0.00349401 0.71473
2.225 0.0192574 0.00348162 0.714711
2.23 0.0192704 0.0034692 0.714692
2.235 0.0192833 0.00345677 0.714673
2.24 0.0192962 0.00344433 0.714655
2.245 0.0193091 0.00343188 0.714637
2.25 0.0193219 0.00341942 0.714619
2.255 0.0193347 0.00340696 0.714602
2.26 0.0193475 0.00339449 0.714585
2.265 0.0193602 0.00338202 0.714568
2.27 0.0193728 0.00336955 0.714551
2.275 0.0193855 0.00335708 0.714534
2.28 0.0193981 0.00334462 0.714518
2.285 0.0194107 0.00333216 0.714502
2.29 0.0194232 0.00331971 0.714486
2.295 0.0194357 0.00330728 0.71447
2.3 0.0194481 0.00329485 0.714455
2.305 0.0194606 0.00328244 0.71444
2.31 0.019473 0.00327005 0.714424
2.315 0.0194853 0.00325767 0.714409
2.32 0.0194977 0.00324532 0.714395
2.325 0.0195099 0.00323299 0.71438
2.33 0.0195222 0.00322068 0.714366
2.335 0.0195344 0.00320841 0.714351
2.34 0.0195466 0.00319616 0.714337
2.345 0.0195588 0.00318394 0.714323
2.35 0.0195709 0.00317175 0.714309
2.355 0.019583 0.0031596 0.714295
2.36 0.019595 0.00314749 0.714281
2.365 0.019607 0.00313541 0.714268
2.37 0.019619 0.00312338 0.714254
2.375 0.019631 0.00311139 0.714241
2.38 0.0196429 0.00309944 0.714228
2.385 0.0196548 0.00308755 0.714214
2.39 0.0196666 0.0030757 0.714201
2.395 0.0196784 0.0030639 0.714188
2.4 0.0196902 0.00305215 0.714175
2.405 0.0197019 0.00304046 0.714162
2.41 0.0197136 0.00302883 0.714149
2.415 0.0197253 0.00301726 0.714136
2.42 0.0197369 0.00300574 0.714123
2.425 0.0197485 0.00299429 0.71411
2.43 0.0197601 0.00298291 0.714097
2.435 0.0197716 0.00297159 0.714084
2.44 0.0197831 0.00296034 0.714071
2.445 0.0197946 0.00294916 0.714058
2.45 0.019806 0.00293805 0.714046
2.455 0.0198174 0.00292702 0.714033
2.46 0.0198287 0.00291606 0.71402
2.465 0.01984 0.00290519 0.714007
2.47 0.0198513 0.00289439 0.713994
2.475 0.0198625 0.00288367 0.71398
2.48 0.0198737 0.00287304 0.713967
2.485 0.0198848 0.0028625 0.713954
2.49 0.0198959 0.00285204 0.713941
2.495 0.019907 0.00284167 0.713927
2.5 0.019918 0.0028314 0.713914
2.505 0.019929 0.00282121 0.7139
2.51 0.01994 0.00281113 0.713887
2.515 0.0199509 0.00280114 0.713873
2.52 0.0199617 0.00279125 0.713859
2.525 0.0199725 0.00278146 0.713845
2.53 0.0199833 0.00277177 0.713831
2.535 0.019994 0.00276219 0.713817
2.54 0.0200047 0.00275271 0.713802
2.545 0.0200153 0.00274334 0.713788
2.55 0.0200259 0.00273409 0.713773
2.555 0.0200365 0.00272494 0.713758
2.56 0.020047 0.00271591 0.713743
2.565 0.0200574 0.00270699 0.713728
2.57 0.0200678 0.00269819 0.713713
2.575 0.0200782 0.00268951 0.713697
2.58 0.0200885 0.00268095 0.713681
2.585 0.0200987 0.00267251 0.713665
2.59 0.0201089 0.0026642 0.713649
2.595 0.0201191 0.00265602 0.713633
2.6 0.0201291 0.00264796 0.713616
2.605 0.0201392 0.00264003 0.713599
2.61 0.0201492 0.00263223 0.713582
2.615 0.0201591 0.00262456 0.713565
2.62 0.020169 0.00261703 0.713547
2.625 0.0201788 0.00260963 0.713529
2.63 0.0201885 0.00260238 0.713511
2.635 0.0201982 0.00259526 0.713493
2.64 0.0202078 0.00258828 0.713474
2.645 0.0202174 0.00258145 0.713455
2.65 0.0202269 0.00257476 0.713436
2.655 0.0202364 0.00256821 0.713416
2.66 0.0202458 0.00256182 0.713396
2.665 0.0202551 0.00255557 0.713376
2.67 0.0202643 0.00254947 0.713356
2.675 0.0202735 0.00254352 0.713335
2.68 0.0202826 0.00253773 0.713313
2.685 0.0202916 0.0025321 0.713292
2.69 0.0203006 0.00252662 0.71327
2.695 0.0203095 0.00252129 0.713248
2.7 0.0203183 0.00251613 0.713225
2.705 0.0203271 0.00251113 0.713202
2.71 0.0203357 0.00250629 0.713179
2.715 0.0203443 0.00250161 0.713155
2.72 0.0203529 0.0024971 0.713131
2.725 0.0203613 0.00249276 0.713106
2.73 0.0203696 0.00248858 0.713081
2.735 0.0203779 0.00248457 0.713056
2.74 0.0203861 0.00248074 0.71303
2.745 0.0203942 0.00247707 0.713004
2.75 0.0204022 0.00247358 0.712977
2.755 0.0204101 0.00247026 0.71295
2.76 0.0204179 0.00246712 0.712922
2.765 0.0204257 0.00246415 0.712894
2.77 0.0204333 0.00246134 0.712866
2.775 0.0204408 0.00245871 0.712837
2.78 0.0204483 0.00245625 0.712808
2.785 0.0204556 0.00245396 0.712778
2.79 0.0204628 0.00245184 0.712748
2.795 0.02047 0.00244988 0.712718
2.8 0.020477 0.00244809 0.712687
2.805 0.020484 0.00244646 0.712656
2.81 0.0204908 0.002445 0.712624
2.815 0.0204976 0.0024437 0.712593
2.82 0.0205042 0.00244256 0.71256
2.825 0.0205107 0.00244158 0.712528
2.83 0.0205172 0.00244075 0.712495
2.835 0.0205235 0.00244009 0.712462
2.84 0.0205298 0.00243958 0.712428
2.845 0.0205359 0.00243922 0.712394
2.85 0.0205419 0.00243902 0.71236
2.855 0.0205479 0.00243897 0.712325
2.86 0.0205537 0.00243907 0.712291
2.865 0.0205595 0.00243932 0.712256
2.87 0.0205651 0.00243971 0.71222
2.875 0.0205706 0.00244025 0.712185
2.88 0.0205761 0.00244094 0.712149
2.885 0.0205814 0.00244176 0.712113
2.89 0.0205867 0.00244273 0.712076
2.895 0.0205918 0.00244384 0.71204
2.9 0.0205969 0.00244508 0.712003
2.905 0.0206018 0.00244646 0.711966
2.91 0.0206067 0.00244798 0.711928
2.915 0.0206115 0.00244962 0.711891
2.92 0.0206161 0.0024514 0.711853
2.925 0.0206207 0.00245331 0.711815
2.93 0.0206252 0.00245535 0.711777
2.935 0.0206295 0.00245751 0.711739
2.94 0.0206338 0.0024598 0.711701
2.945 0.020638 0.00246221 0.711662
2.95 0.0206421 0.00246474 0.711623
2.955 0.0206461 0.00246739 0.711584
2.96 0.02065 0.00247016 0.711545
2.965 0.0206538 0.00247304 0.711506
2.97 0.0206576 0.00247605 0.711467
2.975 0.0206612 0.00247916 0.711428
2.98 0.0206647 0.00248238 0.711388
2.985 0.0206682 0.00248572 0.711349
2.99 0.0206716 0.00248916 0.711309
2.995 0.0206748 0.00249271 0.711269
3 0.020678 0.00249636 0.711229
3.005 0.0206811 0.00250012 0.71119
3.01 0.0206842 0.00250397 0.71115
3.015 0.0206871 0.00250793 0.71111
3.02 0.0206899 0.00251199 0.71107
3.025 0.0206927 0.00251614 0.71103
3.03 0.0206954 0.00252039 0.71099
3.035 0.020698 0.00252473 0.71095
3.04 0.0207005 0.00252916 0.710909
3.045 0.020703 0.00253368 0.710869
3.05 0.0207053 0.00253829 0.710829
3.055 0.0207076 0.00254299 0.710789
3.06 0.0207098 0.00254777 0.710749
3.065 0.020712 0.00255264 0.710709
3.07 0.020714 0.00255758 0.710669
3.075 0.020716 0.00256261 0.710629
3.08 0.0207179 0.00256772 0.710589
3.085 0.0207198 0.00257291 0.71055
3.09 0.0207215 0.00257817 0.71051
3.095 0.0207233 0.00258351 0.71047
3.1 0.0207249 0.00258892 0.710431
3.105 0.0207265 0.0025944 0.710391
3.11 0.020728 0.00259995 0.710352
3.115 0.0207295 0.00260557 0.710312
3.12 0.0207309 0.00261126 0.710273
3.125 0.0207322 0.00261701 0.710234
3.13 0.0207335 0.00262283 0.710195
3.135 0.0207347 0.00262872 0.710157
3.14 0.0207359 0.00263466 0.710118
3.145 0.020737 0.00264066 0.71008
3.15 0.020738 0.00264673 0.710042
3.155 0.0207391 0.00265285 0.710003
3.16 0.02074 0.00265903 0.709966
3.165 0.020741 0.00266526 0.709928
3.17 0.0207418 0.00267155 0.70989
3.175 0.0207427 0.00267789 0.709853
3.18 0.0207435 0.00268429 0.709816
3.185 0.0207443 0.00269073 0.709779
3.19 0.020745 0.00269722 0.709743
3.195 0.0207457 0.00270376 0.709706
3.2 0.0207463 0.00271035 0.70967
3.205 0.020747 0.00271698 0.709634
3.21 0.0207476 0.00272366 0.709599
3.215 0.0207482 0.00273038 0.709563
3.22 0.0207487 0.00273715 0.709528
3.225 0.0207493 0.00274395 0.709494
3.23 0.0207498 0.0027508 0.709459
3.235 0.0207503 0.00275768 0.709425
3.24 0.0207508 0.00276461 0.709391
3.245 0.0207513 0.00277157 0.709358
3.25 0.0207518 0.00277856 0.709325
3.255 0.0207522 0.00278559 0.709292
3.26 0.0207527 0.00279266 0.70926
3.265 0.0207532 0.00279976 0.709227
3.27 0.0207536 0.00280689 0.709196
3.275 0.0207541 0.00281405 0.709164
3.28 0.0207546 0.00282124 0.709133
3.285 0.0207551 0.00282846 0.709103
3.29 0.0207556 0.00283571 0.709073
3.295 0.0207561 0.00284299 0.709043
3.3 0.0207566 0.0028503 0.709014
3.305 0.0207572 0.00285763 0.708985
3.31 0.0207577 0.00286498 0.708956
3.315 0.0207584 0.00287236 0.708928
3.32 0.020759 0.00287976 0.708901
3.325 0.0207597 0.00288719 0.708874
3.33 0.0207604 0.00289464 0.708847
3.335 0.0207611 0.0029021 0.708821
3.34 0.0207619 0.00290959 0.708795
3.345 0.0207627 0.0029171 0.70877
3.35 0.0207636 0.00292463 0.708746
3.355 0.0207645 0.00293217 0.708722
3.36 0.0207655 0.00293973 0.708698
3.365 0.0207665 0.00294731 0.708675
3.37 0.0207676 0.0029549 0.708652
3.375 0.0207688 0.00296251 0.70863
3.38 0.02077 0.00297013 0.708609
3.385 0.0207713 0.00297777 0.708588
3.39 0.0207726 0.00298542 0.708568
3.395 0.0207741 0.00299308 0.708548
3.4 0.0207756 0.00300075 0.708529
3.405 0.0207772 0.00300843 0.708511
3.41 0.0207789 0.00301612 0.708493
3.415 0.0207807 0.00302382 0.708476
3.42 0.0207826 0.00303153 0.708459
3.425 0.0207845 0.00303925 0.708443
3.43 0.0207866 0.00304698 0.708428
3.435 0.0207888 0.00305471 0.708413
3.44 0.0207911 0.00306245 0.708399
3.445 0.0207935 0.00307019 0.708386
3.45 0.020796 0.00307794 0.708373
3.455 0.0207986 0.00308569 0.708362
3.46 0.0208014 0.00309345 0.70835
3.465 0.0208042 0.00310121 0.70834
3.47 0.0208073 0.00310897 0.70833
3.475 0.0208104 0.00311673 0.708321
3.48 0.0208137 0.00312449 0.708313
3.485 0.0208171 0.00313225 0.708305
3.49 0.0208206 0.00314002 0.708298
3.495 0.0208243 0.00314778 0.708292
3.5 0.0208282 0.00315554 0.708287
3.505 0.0208322 0.00316329 0.708283
3.51 0.0208364 0.00317105 0.708279
3.515 0.0208407 0.0031788 0.708276
3.52 0.0208452 0.00318654 0.708274
3.525 0.0208499 0.00319429 0.708273
3.53 0.0208547 0.00320202 0.708273
3.535 0.0208598 0.00320975 0.708273
3.54 0.020865 0.00321747 0.708275
3.545 0.0208704 0.00322519 0.708277
3.55 0.0208759 0.0032329 0.70828
3.555 0.0208817 0.00324059 0.708284
3.56 0.0208877 0.00324828 0.708289
3.565 0.0208939 0.00325596 0.708294
3.57 0.0209002 0.00326363 0.708301
3.575 0.0209068 0.00327129 0.708309
3.58 0.0209136 0.00327893 0.708317
3.585 0.0209207 0.00328656 0.708327
3.59 0.0209279 0.00329418 0.708337
3.595 0.0209354 0.00330178 0.708348
3.6 0.0209431 0.00330937 0.708361
3.605 0.020951 0.00331695 0.708374
3.61 0.0209591 0.0033245 0.708388
3.615 0.0209676 0.00333204 0.708403
3.62 0.0209762 0.00333957 0.70842
3.625 0.0209851 0.00334707 0.708437
3.63 0.0209943 0.00335456 0.708455
3.635 0.0210037 0.00336202 0.708475
3.64 0.0210133 0.00336947 0.708495
3.645 0.0210233 0.00337689 0.708517
3.65 0.0210335 0.0033843 0.708539
3.655 0.0210439 0.00339168 0.708563
3.66 0.0210547 0.00339903 0.708587
3.665 0.0210657 0.00340636 0.708613
3.67 0.021077 0.00341366 0.70864
3.675 0.0210886 0.00342094 0.708667
3.68 0.0211005 0.00342819 0.708696
3.685 0.0211126 0.00343541 0.708726
3.69 0.021125 0.00344261 0.708757
3.695 0.0211376 0.00344978 0.708789
3.7 0.0211506 0.00345692 0.708822
3.705 0.0211638 0.00346404 0.708856
3.71 0.0211773 0.00347114 0.70889
3.715 0.021191 0.0034782 0.708926
3.72 0.021205 0.00348525 0.708963
3.725 0.0212192 0.00349227 0.709001
3.73 0.0212338 0.00349926 0.709039
3.735 0.0212485 0.00350623 0.709079
3.74 0.0212636 0.00351318 0.70912
3.745 0.0212788 0.0035201 0.709161
3.75 0.0212944 0.003527 0.709204
3.755 0.0213102 0.00353388 0.709247
3.76 0.0213262 0.00354073 0.709291
3.765 0.0213425 0.00354756 0.709336
3.77 0.021359 0.00355437 0.709382
3.775 0.0213758 0.00356115 0.709429
3.78 0.0213928 0.00356792 0.709477
3.785 0.0214101 0.00357466 0.709526
3.79 0.0214276 0.00358138 0.709575
3.795 0.0214453 0.00358808 0.709626
3.8 0.0214632 0.00359475 0.709677
3.805 0.0214814 0.00360141 0.709729
3.81 0.0214999 0.00360804 0.709782
3.815 0.0215185 0.00361466 0.709835
3.82 0.0215374 0.00362125 0.70989
3.825 0.0215565 0.00362782 0.709945
3.83 0.0215758 0.00363437 0.710001
3.835 0.0215954 0.0036409 0.710058
3.84 0.0216151 0.00364742 0.710115
3.845 0.0216351 0.00365391 0.710174
3.85 0.0216553 0.00366038 0.710233
3.855 0.0216757 0.00366684 0.710292
3.86 0.0216963 0.00367327 0.710353
3.865 0.0217171 0.00367968 0.710414
3.87 0.0217381 0.00368608 0.710476
3.875 0.0217593 0.00369246 0.710539
3.88 0.0217807 0.00369882 0.710602
3.885 0.0218023 0.00370516 0.710666
3.89 0.0218241 0.00371148 0.710731
3.895 0.0218461 0.00371778 0.710797
3.9 0.0218683 0.00372407 0.710863
3.905 0.0218906 0.00373033 0.710929
3.91 0.0219132 0.00373658 0.710997
3.915 0.0219359 0.00374282 0.711065
3.92 0.0219588 0.00374903 0.711133
3.925 0.0219819 0.00375523 0.711203
3.93 0.0220051 0.00376141 0.711273
3.935 0.0220285 0.00376757 0.711343
3.94 0.0220521 0.00377372 0.711414
3.945 0.0220758 0.00377985 0.711486
3.95 0.0220997 0.00378596 0.711558
3.955 0.0221238 0.00379205 0.711631
3.96 0.022148 0.00379813 0.711704
3.965 0.0221724 0.0038042 0.711778
3.97 0.0221969 0.00381024 0.711852
3.975 0.0222216 0.00381627 0.711927
3.98 0.0222464 0.00382229 0.712003
3.985 0.0222713 0.00382829 0.712079
3.99 0.0222964 0.00383427 0.712155
3.995 0.0223216 0.00384024 0.712232
4 0.022347 0.00384619 0.71231
4.005 0.0223724 0.00385213 0.712388
4.01 0.0223981 0.00385805 0.712466
4.015 0.0224238 0.00386396 0.712545
4.02 0.0224496 0.00386985 0.712624
4.025 0.0224756 0.00387573 0.712704
4.03 0.0225017 0.0038816 0.712784
4.035 0.0225279 0.00388745 0.712865
4.04 0.0225542 0.00389328 0.712946
4.045 0.0225806 0.0038991 0.713027
4.05 0.0226071 0.00390491 0.713109
4.055 0.0226337 0.0039107 0.713191
4.06 0.0226604 0.00391648 0.713274
4.065 0.0226872 0.00392225 0.713357
4.07 0.0227141 0.003928 0.71344
4.075 0.022741 0.00393374 0.713523
4.08 0.0227681 0.00393947 0.713607
4.085 0.0227952 0.00394518 0.713692
4.09 0.0228224 0.00395089 0.713776
4.095 0.0228497 0.00395658 0.713861
4.1 0.022877 0.00396225 0.713946
4.105 0.0229044 0.00396792 0.714032
4.11 0.0229319 0.00397357 0.714118
4.115 0.0229595 0.00397921 0.714204
4.12 0.0229871 0.00398485 0.71429
4.125 0.0230147 0.00399047 0.714377
4.13 0.0230424 0.00399608 0.714464
4.135 0.0230702 0.00400167 0.714551
4.14 0.023098 0.00400726 0.714638
4.145 0.0231258 0.00401284 0.714725
4.15 0.0231537 0.00401841 0.714813
4.155 0.0231816 0.00402397 0.714901
4.16 0.0232095 0.00402952 0.714989
4.165 0.0232375 0.00403506 0.715077
4.17 0.0232655 0.00404059 0.715166
4.175 0.0232935 0.00404611 0.715255
4.18 0.0233215 0.00405162 0.715343
4.185 0.0233496 0.00405713 0.715432
4.19 0.0233776 0.00406263 0.715521
4.195 0.0234057 0.00406812 0.71561
4.2 0.0234338 0.00407361 0.7157
4.205 0.0234619 0.00407908 0.715789
4.21 0.0234899 0.00408456 0.715879
4.215 0.023518 0.00409002 0.715968
4.22 0.0235461 0.00409548 0.716058
4.225 0.0235741 0.00410094 0.716148
4.23 0.0236022 0.00410639 0.716237
4.235 0.0236302 0.00411183 0.716327
4.24 0.0236582 0.00411728 0.716417
4.245 0.0236861 0.00412271 0.716507
4.25 0.0237141 0.00412815 0.716597
4.255 0.023742 0.00413358 0.716687
4.26 0.0237699 0.00413901 0.716777
4.265 0.0237977 0.00414444 0.716867
4.27 0.0238255 0.00414987 0.716957
4.275 0.0238533 0.00415529 0.717047
4.28 0.023881 0.00416072 0.717137
4.285 0.0239086 0.00416614 0.717226
4.29 0.0239362 0.00417157 0.717316
4.295 0.0239638 0.004177 0.717406
4.3 0.0239912 0.00418243 0.717496
4.305 0.0240187 0.00418786 0.717585
4.31 0.024046 0.00419329 0.717675
4.315 0.0240733 0.00419873 0.717764
4.32 0.0241005 0.00420417 0.717853
4.325 0.0241276 0.00420961 0.717942
4.33 0.0241547 0.00421506 0.718031
4.335 0.0241816 0.00422052 0.71812
4.34 0.0242085 0.00422598 0.718209
4.345 0.0242353 0.00423145 0.718298
4.35 0.024262 0.00423693 0.718386
4.355 0.0242886 0.00424242 0.718474
4.36 0.0243151 0.00424791 0.718562
4.365 0.0243415 0.00425342 0.71865
4.37 0.0243677 0.00425893 0.718738
4.375 0.0243939 0.00426446 0.718825
4.38 0.02442 0.00427 0.718912
4.385 0.0244459 0.00427555 0.718999
4.39 0.0244717 0.00428111 0.719086
4.395 0.0244974 0.00428669 0.719173
4.4 0.024523 0.00429227 0.719259
4.405 0.0245484 0.00429787 0.719345
4.41 0.0245737 0.00430347 0.719431
4.415 0.0245989 0.00430907 0.719516
4.42 0.024624 0.00431468 0.719602
4.425 0.0246489 0.00432029 0.719687
4.43 0.0246737 0.00432591 0.719772
4.435 0.0246984 0.00433152 0.719857
4.44 0.024723 0.00433714 0.719941
4.445 0.0247475 0.00434275 0.720025
4.45 0.0247718 0.00434837 0.720109
4.455 0.024796 0.00435398 0.720193
4.46 0.0248201 0.0043596 0.720277
4.465 0.0248441 0.00436521 0.72036
4.47 0.024868 0.00437082 0.720443
4.475 0.0248917 0.00437642 0.720526
4.48 0.0249154 0.00438202 0.720609
4.485 0.0249389 0.00438762 0.720691
4.49 0.0249624 0.00439322 0.720774
4.495 0.0249857 0.0043988 0.720856
4.5 0.0250089 0.00440439 0.720938
4.505 0.025032 0.00440996 0.721019
4.51 0.025055 0.00441553 0.721101
4.515 0.0250779 0.0044211 0.721182
4.52 0.0251007 0.00442665 0.721263
4.525 0.0251235 0.0044322 0.721344
4.53 0.0251461 0.00443774 0.721425
4.535 0.0251686 0.00444327 0.721505
4.54 0.025191 0.00444879 0.721586
4.545 0.0252133 0.0044543 0.721666
4.55 0.0252355 0.0044598 0.721746
4.555 0.0252577 0.00446529 0.721826
4.56 0.0252797 0.00447076 0.721905
4.565 0.0253017 0.00447623 0.721985
4.57 0.0253235 0.00448168 0.722064
4.575 0.0253453 0.00448712 0.722143
4.58 0.025367 0.00449254 0.722222
4.585 0.0253886 0.00449795 0.7223
4.59 0.0254101 0.00450335 0.722379
4.595 0.0254316 0.00450873 0.722457
4.6 0.025453 0.0045141 0.722535
4.605 0.0254742 0.00451944 0.722613
4.61 0.0254954 0.00452477 0.722691
4.615 0.0255166 0.00453009 0.722769
4.62 0.0255376 0.00453538 0.722846
4.625 0.0255586 0.00454066 0.722924
4.63 0.0255795 0.00454592 0.723001
4.635 0.0256003 0.00455116 0.723078
4.64 0.0256211 0.00455637 0.723155
4.645 0.0256418 0.00456157 0.723231
4.65 0.0256624 0.00456675 0.723308
4.655 0.025683 0.0045719 0.723384
4.66 0.0257035 0.00457703 0.723461
4.665 0.0257239 0.00458214 0.723537
4.67 0.0257443 0.00458723 0.723613
4.675 0.0257646 0.00459229 0.723688
4.68 0.0257848 0.00459732 0.723764
4.685 0.025805 0.00460233 0.72384
4.69 0.0258252 0.00460732 0.723915
4.695 0.0258452 0.00461228 0.72399
4.7 0.0258653 0.00461721 0.724065
4.705 0.0258852 0.00462211 0.72414
4.71 0.0259052 0.00462699 0.724215
4.715 0.025925 0.00463183 0.72429
4.72 0.0259448 0.00463665 0.724364
4.725 0.0259646 0.00464144 0.724439
4.73 0.0259843 0.00464619 0.724513
4.735 0.026004 0.00465092 0.724587
4.74 0.0260236 0.00465561 0.724662
4.745 0.0260432 0.00466027 0.724735
4.75 0.0260628 0.0046649 0.724809
4.755 0.0260823 0.00466949 0.724883
4.76 0.0261018 0.00467405 0.724957
4.765 0.0261212 0.00467858 0.72503
4.77 0.0261406 0.00468307 0.725103
4.775 0.02616 0.00468752 0.725177
4.78 0.0261793 0.00469194 0.72525
4.785 0.0261986 0.00469631 0.725323
4.79 0.0262179 0.00470065 0.725396
4.795 0.0262371 0.00470496 0.725469
4.8 0.0262563 0.00470922 0.725541
4.805 0.0262755 0.00471344 0.725614
4.81 0.0262947 0.00471762 0.725687
4.815 0.0263138 0.00472176 0.725759
4.82 0.026333 0.00472586 0.725831
4.825 0.0263521 0.00472991 0.725904
4.83 0.0263711 0.00473393 0.725976
4.835 0.0263902 0.00473789 0.726048
4.84 0.0264092 0.00474181 0.72612
4.845 0.0264283 0.00474569 0.726192
4.85 0.0264473 0.00474952 0.726264
4.855 0.0264663 0.00475331 0.726335
4.86 0.0264853 0.00475704 0.726407
4.865 0.0265043 0.00476073 0.726479
4.87 0.0265232 0.00476437 0.72655
4.875 0.0265422 0.00476796 0.726622
4.88 0.0265612 0.0047715 0.726693
4.885 0.0265801 0.00477499 0.726764
4.89 0.0265991 0.00477842 0.726835
4.895 0.026618 0.00478181 0.726907
4.9 0.026637 0.00478514 0.726978
4.905 0.0266559 0.00478842 0.727049
4.91 0.0266749 0.00479164 0.72712
4.915 0.0266938 0.0047948 0.727191
4.92 0.0267128 0.00479791 0.727261
4.925 0.0267318 0.00480097 0.727332
4.93 0.0267508 0.00480396 0.727403
4.935 0.0267698 0.0048069 0.727474
4.94 0.0267888 0.00480978 0.727544
4.945 0.0268078 0.0048126 0.727615
4.95 0.0268268 0.00481535 0.727685
4.955 0.0268458 0.00481805 0.727756
4.96 0.0268649 0.00482068 0.727826
4.965 0.026884 0.00482325 0.727897
4.97 0.026903 0.00482576 0.727967
4.975 0.0269222 0.0048282 0.728038
4.98 0.0269413 0.00483058 0.728108
4.985 0.0269605 0.00483289 0.728178
4.99 0.0269796 0.00483513 0.728248
4.995 0.0269988 0.0048373 0.728319
5 0.0270181 0.00483941 0.728389
5.005 0.0270373 0.00484145 0.728459
5.01 0.0270566 0.00484342 0.728529
5.015 0.027076 0.00484531 0.728599
5.02 0.0270953 0.00484713 0.728669
5.025 0.0271147 0.00484889 0.728739
5.03 0.0271341 0.00485056 0.728809
5.035 0.0271536 0.00485217 0.728879
5.04 0.0271731 0.00485369 0.728949
5.045 0.0271927 0.00485515 0.729019
5.05 0.0272122 0.00485652 0.729089
5.055 0.0272319 0.00485782 0.729159
5.06 0.0272515 0.00485903 0.729229
5.065 0.0272712 0.00486017 0.729299
5.07 0.027291 0.00486123 0.729369
5.075 0.0273108 0.00486221 0.729439
5.08 0.0273307 0.0048631 0.729509
5.085 0.0273506 0.00486391 0.729579
5.09 0.0273705 0.00486464 0.729649
5.095 0.0273905 0.00486528 0.729719
5.1 0.0274106 0.00486584 0.729789
5.105 0.0274307 0.00486631 0.729859
5.11 0.0274509 0.00486669 0.72993
5.115 0.0274711 0.00486698 0.73
5.12 0.0274914 0.00486719 0.73007
5.125 0.0275118 0.0048673 0.73014
5.13 0.0275322 0.00486734 0.73021
5.135 0.0275527 0.00486732 0.73028
5.14 0.0275733 0.00486723 0.73035
5.145 0.0275939 0.0048671 0.73042
5.15 0.0276147 0.00486691 0.730491
5.155 0.0276354 0.00486668 0.730561
5.16 0.0276563 0.00486642 0.730631
5.165 0.0276772 0.00486611 0.730701
5.17 0.0276982 0.00486577 0.730772
5.175 0.0277193 0.0048654 0.730842
5.18 0.0277404 0.004865 0.730912
5.185 0.0277615 0.00486457 0.730983
5.19 0.0277827 0.00486411 0.731053
5.195 0.027804 0.00486363 0.731124
5.2 0.0278253 0.00486313 0.731194
5.205 0.0278467 0.0048626 0.731265
5.21 0.0278681 0.00486207 0.731335
5.215 0.0278896 0.00486151 0.731406
5.22 0.0279111 0.00486094 0.731477
5.225 0.0279327 0.00486037 0.731547
5.23 0.0279542 0.00485978 0.731618
5.235 0.0279759 0.00485919 0.731689
5.24 0.0279975 0.00485859 0.73176
5.245 0.0280192 0.00485799 0.731831
5.25 0.0280409 0.00485739 0.731902
5.255 0.0280627 0.0048568 0.731973
5.26 0.0280845 0.0048562 0.732044
5.265 0.0281063 0.00485562 0.732115
5.27 0.0281281 0.00485504 0.732186
5.275 0.0281499 0.00485447 0.732258
5.28 0.0281718 0.00485392 0.732329
5.285 0.0281936 0.00485338 0.732401
5.29 0.0282155 0.00485286 0.732472
5.295 0.0282374 0.00485236 0.732544
5.3 0.0282593 0.00485188 0.732616
5.305 0.0282812 0.00485142 0.732687
5.31 0.0283031 0.00485099 0.732759
5.315 0.028325 0.00485059 0.732831
5.32 0.028347 0.00485022 0.732903
5.325 0.0283689 0.00484988 0.732975
5.33 0.0283908 0.00484958 0.733047
5.335 0.0284127 0.00484931 0.73312
5.34 0.0284346 0.00484909 0.733192
5.345 0.0284565 0.0048489 0.733265
5.35 0.0284783 0.00484876 0.733337
5.355 0.0285002 0.00484866 0.73341
5.36 0.028522 0.00484862 0.733483
5.365 0.0285439 0.00484862 0.733555
5.37 0.0285657 0.00484867 0.733628
5.375 0.0285874 0.00484878 0.733702
5.38 0.0286092 0.00484895 0.733775
5.385 0.0286309 0.00484917 0.733848
5.39 0.0286526 0.00484946 0.733921
5.395 0.0286743 0.00484981 0.733995
5.4 0.0286959 0.00485022 0.734068
5.405 0.0287175 0.00485071 0.734142
5.41 0.0287391 0.00485126 0.734216
5.415 0.0287606 0.00485189 0.73429
5.42 0.0287821 0.00485259 0.734364
5.425 0.0288035 0.00485337 0.734438
5.43 0.0288249 0.00485422 0.734513
5.435 0.0288462 0.00485516 0.734587
5.44 0.0288675 0.00485618 0.734662
5.445 0.0288887 0.00485729 0.734736
5.45 0.0289099 0.00485849 0.734811
5.455 0.028931 0.00485977 0.734886
5.46 0.0289521 0.00486115 0.734961
5.465 0.0289731 0.00486262 0.735036
5.47 0.0289941 0.00486419 0.735112
5.475 0.0290149 0.00486586 0.735187
5.48 0.0290358 0.00486763 0.735263
5.485 0.0290565 0.00486951 0.735339
5.49 0.0290772 0.00487149 0.735414
5.495 0.0290978 0.00487358 0.735491
5.5 0.0291183 0.00487578 0.735567
5.505 0.0291387 0.00487809 0.735643
5.51 0.0291591 0.00488051 0.73572
5.515 0.0291794 0.00488306 0.735796
5.52 0.0291996 0.00488572 0.735873
5.525 0.0292197 0.00488851 0.73595
5.53 0.0292397 0.00489142 0.736027
5.535 0.0292597 0.00489445 0.736104
5.54 0.0292795 0.00489762 0.736182
5.545 0.0292993 0.00490091 0.736259
5.55 0.0293189 0.00490434 0.736337
5.555 0.0293385 0.0049079 0.736415
5.56 0.029358 0.0049116 0.736493
5.565 0.0293773 0.00491544 0.736571
5.57 0.0293966 0.00491943 0.73665
5.575 0.0294157 0.00492356 0.736728
5.58 0.0294347 0.00492783 0.736807
5.585 0.0294537 0.00493225 0.736886
5.59 0.0294725 0.00493683 0.736965
5.595 0.0294912 0.00494156 0.737044
5.6 0.0295098 0.00494644 0.737124
5.605 0.0295282 0.00495148 0.737204
5.61 0.0295466 0.00495668 0.737283
5.615 0.0295648 0.00496205 0.737363
5.62 0.0295829 0.00496758 0.737444
5.625 0.0296008 0.00497328 0.737524
5.63 0.0296186 0.00497915 0.737604
5.635 0.0296363 0.00498518 0.737685
5.64 0.0296539 0.0049914 0.737766
5.645 0.0296713 0.00499779 0.737847
5.65 0.0296886 0.00500436 0.737929
5.655 0.0297058 0.00501111 0.73801
5.66 0.0297228 0.00501804 0.738092
5.665 0.0297396 0.00502516 0.738174
5.67 0.0297563 0.00503246 0.738256
5.675 0.0297729 0.00503996 0.738338
5.68 0.0297893 0.00504765 0.738421
5.685 0.0298055 0.00505553 0.738503
5.69 0.0298216 0.00506361 0.738586
5.695 0.0298375 0.00507189 0.73867
5.7 0.0298533 0.00508038 0.738753
5.705 0.0298689 0.00508906 0.738836
5.71 0.0298843 0.00509796 0.73892
5.715 0.0298996 0.00510706 0.739004
5.72 0.0299147 0.00511637 0.739088
5.725 0.0299296 0.00512589 0.739173
5.73 0.0299443 0.00513564 0.739258
5.735 0.0299589 0.00514559 0.739342
5.74 0.0299733 0.00515577 0.739428
5.745 0.0299875 0.00516618 0.739513
5.75 0.0300015 0.0051768 0.739598
5.755 0.0300153 0.00518765 0.739684
5.76 0.0300289 0.00519874 0.73977
5.765 0.0300424 0.00521005 0.739856
5.77 0.0300556 0.0052216 0.739943
5.775 0.0300686 0.00523338 0.740029
5.78 0.0300815 0.00524541 0.740116
5.785 0.0300941 0.00525767 0.740204
5.79 0.0301065 0.00527018 0.740291
5.795 0.0301187 0.00528293 0.740379
5.8 0.0301307 0.00529593 0.740466
5.805 0.0301425 0.00530918 0.740555
5.81 0.0301541 0.00532268 0.740643
5.815 0.0301654 0.00533644 0.740731
5.82 0.0301766 0.00535045 0.74082
5.825 0.0301875 0.00536473 0.740909
5.83 0.0301981 0.00537926 0.740999
5.835 0.0302086 0.00539406 0.741088
5.84 0.0302188 0.00540912 0.741178
5.845 0.0302287 0.00542446 0.741268
5.85 0.0302384 0.00544006 0.741358
5.855 0.0302479 0.00545594 0.741449
5.86 0.0302571 0.00547207 0.74154
5.865 0.0302661 0.00548842 0.741631
5.87 0.0302748 0.00550493 0.741722
5.875 0.0302832 0.00552156 0.741814
5.88 0.0302914 0.00553831 0.741906
5.885 0.0302993 0.00555515 0.741998
5.89 0.0303069 0.00557207 0.74209
5.895 0.0303144 0.00558905 0.742182
5.9 0.0303216 0.00560609 0.742275
5.905 0.0303286 0.00562318 0.742368
5.91 0.0303355 0.00564031 0.742461
5.915 0.0303421 0.00565746 0.742554
5.92 0.0303486 0.00567462 0.742648
5.925 0.0303549 0.0056918 0.742741
5.93 0.0303611 0.00570897 0.742835
5.935 0.0303671 0.00572612 0.742929
5.94 0.030373 0.00574325 0.743023
5.945 0.0303788 0.00576035 0.743117
5.95 0.0303845 0.0057774 0.743211
5.955 0.0303901 0.0057944 0.743306
5.96 0.0303957 0.00581133 0.7434
5.965 0.0304011 0.00582819 0.743495
5.97 0.0304065 0.00584497 0.74359
5.975 0.0304119 0.00586166 0.743684
5.98 0.0304172 0.00587831 0.743779
5.985 0.0304226 0.00589493 0.743874
5.99 0.0304279 0.00591154 0.743969
5.995 0.0304332 0.00592815 0.744064
6 0.0304385 0.00594477 0.744159
6.005 0.0304439 0.00596139 0.744254
6.01 0.0304492 0.00597802 0.744349
6.015 0.0304545 0.00599466 0.744444
6.02 0.0304598 0.00601131 0.74454
6.025 0.0304651 0.00602796 0.744635
6.03 0.0304704 0.00604463 0.74473
6.035 0.0304757 0.00606129 0.744825
6.04 0.0304809 0.00607797 0.74492
6.045 0.0304862 0.00609466 0.745015
6.05 0.0304914 0.00611135 0.74511
6.055 0.0304967 0.00612805 0.745205
6.06 0.0305019 0.00614476 0.7453
6.065 0.0305072 0.00616147 0.745395
6.07 0.0305124 0.00617819 0.74549
6.075 0.0305176 0.00619492 0.745585
6.08 0.0305228 0.00621166 0.74568
6.085 0.0305279 0.0062284 0.745775
6.09 0.0305331 0.00624515 0.74587
6.095 0.0305383 0.00626191 0.745964
6.1 0.0305434 0.00627868 0.746059
6.105 0.0305486 0.00629545 0.746153
6.11 0.0305537 0.00631222 0.746247
6.115 0.0305588 0.00632901 0.746342
6.12 0.0305639 0.0063458 0.746436
6.125 0.0305689 0.0063626 0.74653
6.13 0.030574 0.0063794 0.746624
6.135 0.030579 0.00639621 0.746717
6.14 0.0305841 0.00641303 0.746811
6.145 0.0305891 0.00642986 0.746905
6.15 0.0305941 0.00644669 0.746998
6.155 0.030599 0.00646352 0.747091
6.16 0.030604 0.00648036 0.747184
6.165 0.0306089 0.00649721 0.747277
6.17 0.0306138 0.00651407 0.74737
6.175 0.0306188 0.00653093 0.747462
6.18 0.0306236 0.0065478 0.747555
6.185 0.0306285 0.00656467 0.747647
6.19 0.0306333 0.00658155 0.747739
6.195 0.0306382 0.00659844 0.747831
6.2 0.030643 0.00661533 0.747922
6.205 0.0306478 0.00663223 0.748013
6.21 0.0306525 0.00664914 0.748105
6.215 0.0306573 0.00666605 0.748195
6.22 0.030662 0.00668297 0.748286
6.225 0.0306667 0.00669989 0.748377
6.23 0.0306713 0.00671682 0.748467
6.235 0.030676 0.00673376 0.748557
6.24 0.0306806 0.0067507 0.748646
6.245 0.0306852 0.00676765 0.748736
6.25 0.0306898 0.00678461 0.748825
6.255 0.0306944 0.00680157 0.748914
6.26 0.0306989 0.00681854 0.749003
6.265 0.0307034 0.00683551 0.749091
6.27 0.0307079 0.00685249 0.749179
6.275 0.0307124 0.00686948 0.749267
6.28 0.0307168 0.00688647 0.749354
6.285 0.0307212 0.00690347 0.749441
6.29 0.0307256 0.00692048 0.749528
6.295 0.0307299 0.00693749 0.749615
6.3 0.0307343 0.00695451 0.749701
6.305 0.0307386 0.00697154 0.749787
6.31 0.0307428 0.00698857 0.749872
6.315 0.0307471 0.00700561 0.749957
6.32 0.0307513 0.00702265 0.750042
6.325 0.0307555 0.00703971 0.750127
6.33 0.0307596 0.00705677 0.750211
6.335 0.0307638 0.00707383 0.750294
6.34 0.0307679 0.00709091 0.750378
6.345 0.030772 0.00710799 0.750461
6.35 0.030776 0.00712508 0.750543
6.355 0.03078 0.00714217 0.750626
6.36 0.030784 0.00715927 0.750707
6.365 0.030788 0.00717638 0.750789
6.37 0.0307919 0.0071935 0.75087
6.375 0.0307958 0.00721063 0.75095
6.38 0.0307996 0.00722776 0.75103
6.385 0.0308035 0.0072449 0.75111
6.39 0.0308072 0.00726205 0.751189
6.395 0.030811 0.0072792 0.751268
6.4 0.0308147 0.00729637 0.751347
6.405 0.0308184 0.00731354 0.751425
6.41 0.0308221 0.00733072 0.751502
6.415 0.0308257 0.0073479 0.751579
6.42 0.0308293 0.0073651 0.751656
6.425 0.0308329 0.0073823 0.751732
6.43 0.0308364 0.00739952 0.751807
6.435 0.0308399 0.00741674 0.751883
6.44 0.0308434 0.00743397 0.751957
6.445 0.0308468 0.00745121 0.752031
6.45 0.0308502 0.00746846 0.752105
6.455 0.0308536 0.00748571 0.752178
6.46 0.0308569 0.00750298 0.752251
6.465 0.0308602 0.00752025 0.752323
6.47 0.0308634 0.00753754 0.752394
6.475 0.0308666 0.00755483 0.752465
6.48 0.0308698 0.00757214 0.752536
6.485 0.0308729 0.00758945 0.752606
6.49 0.030876 0.00760677 0.752675
6.495 0.0308791 0.00762411 0.752744
6.5 0.0308821 0.00764145 0.752812
6.505 0.0308851 0.0076588 0.75288
6.51 0.030888 0.00767617 0.752947
6.515 0.0308909 0.00769354 0.753013
6.52 0.0308938 0.00771093 0.753079
6.525 0.0308966 0.00772833 0.753145
6.53 0.0308994 0.00774573 0.753209
6.535 0.0309022 0.00776315 0.753274
6.54 0.0309049 0.00778058 0.753337
6.545 0.0309076 0.00779802 0.7534
6.55 0.0309102 0.00781548 0.753462
6.555 0.0309128 0.00783294 0.753524
6.56 0.0309153 0.00785042 0.753585
6.565 0.0309178 0.00786791 0.753645
6.57 0.0309203 0.00788541 0.753705
6.575 0.0309227 0.00790292 0.753764
6.58 0.0309251 0.00792045 0.753822
6.585 0.0309274 0.00793799 0.75388
6.59 0.0309297 0.00795554 0.753937
6.595 0.0309319 0.00797311 0.753994
6.6 0.0309341 0.00799069 0.754049
6.605 0.0309363 0.00800828 0.754104
6.61 0.0309384 0.00802589 0.754159
6.615 0.0309405 0.00804351 0.754212
6.62 0.0309425 0.00806114 0.754265
6.625 0.0309445 0.00807879 0.754318
6.63 0.0309464 0.00809645 0.754369
6.635 0.0309483 0.00811413 0.75442
6.64 0.0309502 0.00813182 0.75447
6.645 0.0309519 0.00814953 0.754519
6.65 0.0309537 0.00816725 0.754568
6.655 0.0309554 0.00818499 0.754616
6.66 0.030957 0.00820275 0.754663
6.665 0.0309587 0.00822052 0.754709
6.67 0.0309602 0.0082383 0.754754
6.675 0.0309617 0.00825611 0.754799
6.68 0.0309632 0.00827392 0.754843
6.685 0.0309646 0.00829175 0.754886
6.69 0.0309661 0.00830963 0.754928
6.695 0.0309675 0.0083276 0.754969
6.7 0.0309689 0.00834572 0.755008
6.705 0.0309704 0.00836406 0.755046
6.71 0.0309718 0.00838266 0.755082
6.715 0.0309733 0.00840159 0.755116
6.72 0.0309749 0.00842089 0.755148
6.725 0.0309765 0.00844064 0.755178
6.73 0.0309781 0.00846088 0.755205
6.735 0.0309799 0.00848166 0.75523
6.74 0.0309817 0.00850305 0.755253
6.745 0.0309835 0.0085251 0.755272
6.75 0.0309855 0.00854786 0.755289
6.755 0.0309875 0.00857139 0.755302
6.76 0.0309896 0.00859574 0.755312
6.765 0.0309918 0.00862097 0.755319
6.77 0.0309941 0.00864714 0.755322
6.775 0.0309965 0.00867429 0.755322
6.78 0.030999 0.00870248 0.755317
6.785 0.0310015 0.00873177 0.755309
6.79 0.0310042 0.00876221 0.755296
6.795 0.0310069 0.00879385 0.755279
6.8 0.0310097 0.00882675 0.755258
6.805 0.0310125 0.00886096 0.755231
6.81 0.0310154 0.00889653 0.7552
6.815 0.0310183 0.00893351 0.755164
6.82 0.0310212 0.00897196 0.755123
6.825 0.0310241 0.00901193 0.755076
6.83 0.031027 0.00905348 0.755024
6.835 0.0310298 0.00909661 0.754967
6.84 0.0310325 0.00914124 0.754906
6.845 0.0310351 0.00918717 0.75484
6.85 0.0310375 0.00923421 0.754771
6.855 0.0310397 0.00928216 0.754699
6.86 0.0310418 0.00933084 0.754623
6.865 0.0310437 0.00938004 0.754546
6.87 0.0310453 0.00942959 0.754466
6.875 0.0310468 0.00947929 0.754385
6.88 0.031048 0.00952895 0.754303
6.885 0.031049 0.0095784 0.754221
6.89 0.0310498 0.00962745 0.754138
6.895 0.0310504 0.00967591 0.754055
6.9 0.0310507 0.00972359 0.753973
6.905 0.0310509 0.00977031 0.753893
6.91 0.031051 0.00981589 0.753814
6.915 0.0310509 0.00986014 0.753737
6.92 0.0310507 0.00990288 0.753662
6.925 0.0310505 0.00994391 0.753591
6.93 0.0310502 0.00998306 0.753522
6.935 0.0310499 0.0100201 0.753458
6.94 0.0310497 0.0100549 0.753398
6.945 0.0310495 0.0100873 0.753342
6.95 0.0310494 0.010117 0.753292
6.955 0.0310495 0.0101439 0.753247
6.96 0.0310498 0.0101678 0.753209
6.965 0.0310503 0.0101884 0.753176
6.97 0.031051 0.0102056 0.753151
6.975 0.031052 0.0102192 0.753133
6.98 0.0310533 0.010229 0.753123
