0 0.000222999 0.0133069
0.005 0.000165919 0.00223903
0.01 0.000212882 0.0164801
0.015 0.000176042 0.0016659
0.02 0.000155105 0.00164294
0.025 0.000301896 0.0112409
0.03 0.00025195 0.00242199
0.035 0.000169914 0.00464497
0.04 0.000169967 0.00186102
0.045 0.000144991 0.00162203
0.05 0.000164974 0.00207903
0.055 0.000134096 0.00344591
0.06 0.000299075 0.00192695
0.065 0.000177923 0.00182511
0.07 0.000151882 0.00176801
0.075 0.000160047 0.00164811
0.08 0.000166974 0.00190289
0.085 0.000167955 0.00178692
0.09 0.000124906 0.00161398
0.095 0.00028007 0.00183797
0.1 0.000190993 0.00168707
0.105 0.000154938 0.00249501
0.11 0.000128949 0.00165596
0.115 0.000164073 0.00159909
0.12 0.000155055 0.00153008
0.125 0.000162893 0.0055291
0.13 0.000155989 0.00159011
0.135 0.000202895 0.014104
0.14 0.000200118 0.00181789
0.145 0.000177044 0.00155094
0.15 0.000198105 0.00158407
0.155 0.000157008 0.00156289
0.16 0.000133064 0.00155503
0.165 0.000328973 0.00230305
0.17 0.000173966 0.00161897
0.175 0.000168955 0.00165096
0.18 0.000206069 0.00158593
0.185 0.000196945 0.799696
0.19 0.000227073 0.00315395
0.195 0.000161945 0.00173411
0.2 0.000173928 0.00638188
0.205 0.000147985 0.00156593
0.21 0.000303116 0.00542789
0.215 0.000284952 0.0017389
0.22 0.000327025 0.00172701
0.225 0.000206009 0.00152706
0.23 0.000180891 0.00216898
0.235 0.000159955 0.00174702
0.24 0.000202079 0.00165195
0.245 0.000167996 0.00153791
0.25 0.000222079 0.00195192
0.255 0.00022501 0.00165799
0.26 0.000158 0.00156397
0.265 0.000146949 0.00159789
0.27 0.000214013 0.00216296
0.275 0.000258018 0.0061611
0.28 0.000248064 0.00160292
0.285 0.000163006 0.00154097
0.29 0.00014794 0.00149193
0.295 0.000225885 0.00386991
0.3 0.000161113 0.00153799
0.305 0.000159096 0.00158512
0.31 0.000135968 0.00147612
0.315 0.000131883 0.00166408
0.32 0.000123908 0.00166593
0.325 0.000146086 0.00658898
0.33 0.000151009 0.0014709
0.335 0.000147108 0.00147805
0.34 0.000172114 0.00160702
0.345 0.000197945 0.0018141
0.35 0.000112102 0.00185209
0.355 0.000198914 0.00182388
0.36 0.000143997 0.00155004
0.365 0.000933034 0.00215096
0.37 0.000155908 0.00142303
0.375 0.000162943 0.00162791
0.38 0.000149897 0.00139598
0.385 0.000126114 0.00136604
0.39 0.000117901 0.00150488
0.395 0.000196027 0.0120971
0.4 0.000202979 0.00160089
0.405 0.000122108 0.00141508
0.41 0.00012993 0.00133204
0.415 9.89417e-05 0.00139904
0.42 0.000138986 0.00531003
0.425 0.000159048 0.00145907
0.43 0.000152993 0.022199
0.435 0.000145037 0.00160589
0.44 0.000191115 0.00141395
0.445 0.00019997 0.00144998
0.45 0.000103047 0.0015571
0.455 0.000159969 0.00144704
0.46 0.000114119 0.00619796
0.465 0.000164001 0.00158002
0.47 0.000247934 0.00147702
0.475 0.000127911 0.00608412
0.48 0.000146048 0.00148594
0.485 0.000111058 0.00134896
0.49 0.000160001 0.00197107
0.495 0.000148014 0.001373
0.5 0.000141911 0.0014591
0.505 0.000144075 0.00131412
0.51 0.0001221 0.00133308
0.515 0.000157973 0.00143995
0.52 0.000142916 0.00416191
0.525 0.000415063 0.00137807
0.53 0.000146052 0.0019999
0.535 0.000136929 0.00618488
0.54 0.000143078 0.00132103
0.545 0.000165901 0.00140901
0.55 0.000163076 0.00507104
0.555 0.000145917 0.00147505
0.56 0.000165918 0.00129103
0.565 0.000142975 0.00183997
0.57 0.000130912 0.00137907
0.575 0.00057209 0.00187593
0.58 0.000137038 0.00127099
0.585 9.79063e-05 0.00157492
0.59 0.000230031 0.001509
0.595 0.000131109 0.00126003
0.6 0.000130072 0.00703294
0.605 0.000265055 0.00354898
0.61 0.000142034 0.00132598
0.615 0.000213014 0.00165891
0.62 0.000164933 0.00126799
0.625 9.90338e-05 0.0012349
0.63 0.000148888 0.00123111
0.635 0.000101006 0.00160692
0.64 0.000155016 0.00139809
0.645 0.000133993 0.00129305
0.65 0.000138975 0.00129307
0.655 0.000138081 0.00124004
0.66 9.6961e-05 0.00133992
0.665 0.000118091 0.00129088
0.67 0.000698945 0.00151899
0.675 0.000125988 0.00128091
0.68 0.000159918 0.00126899
0.685 0.000164088 0.0012411
0.69 9.99401e-05 0.00129809
0.695 0.00012698 0.00120795
0.7 0.000148969 0.00144
0.705 0.000607999 0.00155908
0.71 0.000150926 0.00195205
0.715 0.000150915 0.00121604
0.72 0.000142051 0.001211
0.725 0.000101937 0.00119694
0.73 0.000175013 0.00130706
0.735 0.000199891 0.0013179
0.74 0.000111051 0.00119399
0.745 8.80273e-05 0.0012971
0.75 0.000123909 0.00120898
0.755 8.88963e-05 0.00166901
0.76 0.00012698 0.00134395
0.765 0.000147961 0.00130595
0.77 0.000221942 0.00138907
0.775 0.000112044 0.00120303
0.78 0.000215928 0.00127497
0.785 0.000107053 0.001333
0.79 0.000151925 0.0026301
0.795 0.000116948 0.00115093
0.8 8.20584e-05 0.00126304
0.805 0.000127004 0.00125597
0.81 8.99771e-05 0.0013679
0.815 9.19432e-05 0.00118596
0.82 0.000233018 0.00134994
0.825 0.000224008 0.00154099
0.83 0.000148045 0.00139603
0.835 9.50142e-05 0.00118793
0.84 0.000120088 0.00149897
0.845 0.000163983 0.00137604
0.85 9.81095e-05 0.00125793
0.855 0.00011394 0.00120702
0.86 0.000120086 0.00131597
0.865 0.000103886 0.00114298
0.87 8.00242e-05 0.00966396
0.875 0.00013392 0.00129397
0.88 0.000105987 0.0174879
0.885 0.000128938 0.001208
0.89 0.000110118 0.00118801
0.895 9.20546e-05 0.00128002
0.9 0.000152961 0.00126694
0.905 0.000279926 0.00126707
0.91 0.000109066 0.00124392
0.915 0.000104028 0.00126008
0.92 0.000138118 0.00128488
0.925 0.00010995 0.00123409
0.93 0.000170986 0.00123009
0.935 9.51034e-05 0.00157097
0.94 0.000119073 0.00118791
0.945 0.000119087 0.00126912
0.95 0.000142016 0.00131196
0.955 0.000108943 0.00118099
0.96 0.000222001 0.00235908
0.965 0.000163886 0.0012609
0.97 9.90895e-05 0.00266295
0.975 0.00013404 0.0012391
0.98 0.000125886 0.00367205
0.985 0.000154899 0.00276697
0.99 0.00014805 0.00121104
0.995 0.000108059 0.0017111
1 0.000124109 0.00698299
1.005 0.000121901 0.00181412
1.01 0.000120052 0.00280494
1.015 0.000128955 0.00123802
1.02 0.000136048 0.00130296
1.025 0.000127976 0.00121599
1.03 0.000143038 0.00136303
1.035 0.000129083 0.00243891
1.04 0.000131062 0.00131598
1.045 0.000119986 0.00117706
1.05 0.000129059 0.00120907
1.055 0.0001029 0.00125695
1.06 0.000115097 0.00121194
1.065 0.000206102 0.00256492
1.07 0.000129063 0.00121189
1.075 9.19753e-05 0.00119999
1.08 0.000123962 0.00124708
1.085 0.000124059 0.00123489
1.09 0.000141948 0.0012749
1.095 0.000139904 0.00729895
1.1 0.000134984 0.00315404
1.105 0.000132026 0.00120699
1.11 0.000146934 0.00190811
1.115 0.000121915 0.00159189
1.12 0.000133909 0.00219492
1.125 0.000180021 0.00150606
1.13 0.000118016 0.00118705
1.135 0.000120984 0.00121611
1.14 0.000127891 0.00208891
1.145 0.000164914 0.00231797
1.15 0.000138017 0.00128602
1.155 0.000192044 0.00187492
1.16 0.00013991 0.001272
1.165 0.000356064 0.00815597
1.17 0.000140074 0.00132593
1.175 0.000137923 0.00127292
1.18 0.00012407 0.0014609
1.185 0.000598079 0.00148493
1.19 0.00101011 0.00748303
1.195 0.000130939 0.00127009
1.2 0.000113039 0.00670303
1.205 0.000141089 0.00132099
1.21 0.000128018 0.00176403
1.215 0.000138047 0.00127905
1.22 0.000240027 0.00184699
1.225 0.000171966 0.0102071
1.23 0.000136011 0.00123292
1.235 0.000100919 0.00123007
1.24 0.000143989 0.00131103
1.245 0.000137929 0.00124793
1.25 0.000145005 0.00129509
1.255 0.000305965 0.00711488
1.26 0.00020391 0.00186811
1.265 0.00014002 0.00215011
1.27 0.000164057 0.00331107
1.275 0.000449074 0.083682
1.28 0.000166954 0.0142011
1.285 0.000145019 0.00165011
1.29 0.000117903 0.00124193
1.295 0.000177008 0.00141691
1.3 0.000147996 0.00116498
1.305 9.39e-05 0.00115496
1.31 0.000103086 0.0086529
1.315 0.000441047 0.00719007
1.32 0.000144011 0.00124005
1.325 0.000136091 0.001304
1.33 0.000173003 0.00153296
1.335 0.000160117 0.00125995
1.34 0.000201016 0.00153208
1.345 0.000153955 0.00124898
1.35 0.000132045 0.00121301
1.355 9.19197e-05 0.00116894
1.36 0.000143933 0.00116197
1.365 9.2035e-05 0.00114901
1.37 0.000101016 0.00181897
1.375 0.000193094 0.0132141
1.38 0.000151938 0.00130511
1.385 0.000131946 0.00124391
1.39 0.000113997 0.00115208
1.395 0.000336089 0.00132896
1.4 0.000146048 0.00246594
1.405 0.000133898 0.00119391
1.41 9.3078e-05 0.0011969
1.415 0.000134081 0.00123409
1.42 0.000118022 0.00134205
1.425 0.000105965 0.00114011
1.43 0.000108019 0.00530706
1.435 0.000143943 0.00160198
1.44 0.00014296 0.00116495
1.445 0.000167893 0.00131509
1.45 0.000131931 0.00125889
1.455 0.000135012 0.00122511
1.46 0.000122033 0.00122106
1.465 0.000179063 0.0012871
1.47 0.000177905 0.0130521
1.475 0.000162911 0.00151693
1.48 0.000137036 0.00210699
1.485 0.00144791 0.00148509
1.49 0.00172705 0.00256799
1.495 0.00016804 0.001268
1.5 0.00012289 0.00128891
1.505 0.000153083 0.00135206
1.51 0.000149118 0.00139591
1.515 0.000104959 0.0014231
1.52 0.000153988 0.00134902
1.525 0.000182903 0.0117661
1.53 0.000178071 0.00132402
1.535 0.000151956 0.00130289
1.54 0.000148057 0.00133805
1.545 0.000148077 0.00159307
1.55 0.000186981 0.00143011
1.555 0.000128945 0.00618901
1.56 0.000168964 0.00141697
1.565 0.000120889 0.0381171
1.57 0.000171902 0.00631209
1.575 0.000239086 0.001238
1.58 0.000110919 0.0012081
1.585 9.9898e-05 0.005413
1.59 0.00013992 0.00124301
1.595 0.000151075 0.00126096
1.6 0.000310077 0.00661194
1.605 0.000140933 0.00715107
1.61 0.000137073 0.00125603
1.615 0.000111023 0.00650092
1.62 0.000902022 0.00550789
1.625 0.000130977 0.00142889
1.63 0.000217984 0.00142412
1.635 0.00013493 0.00126303
1.64 0.000158939 0.00120096
1.645 0.000180982 0.00719407
1.65 0.000160019 0.00134109
1.655 0.000122015 0.00543299
1.66 0.000155109 0.00567894
1.665 0.000228928 0.0057919
1.67 0.000178072 0.00191002
1.675 0.000129916 0.00128998
1.68 0.000149019 0.00142905
1.685 0.000157083 0.00620396
1.69 0.000162974 0.00251694
1.695 0.000180107 0.00299391
1.7 0.000177103 0.001588
1.705 0.000193936 0.00149896
1.71 0.000186956 0.00164208
1.715 0.000200015 0.00153303
1.72 0.000199091 0.00157606
1.725 0.000186934 0.00154101
1.73 0.000218096 0.00224899
1.735 0.00095905 0.025678
1.74 0.000195953 0.00162902
1.745 0.000209927 0.0440771
1.75 0.000298101 0.00223189
1.755 0.000205908 0.00179896
1.76 0.00019304 0.00186197
1.765 0.000500028 0.00183911
1.77 0.000197925 0.00180408
1.775 0.000236027 0.00330704
1.78 0.000213913 0.0018971
1.785 0.000218066 0.00181296
1.79 0.000258027 0.0019441
1.795 0.000215004 0.004567
1.8 0.000219088 0.00205003
1.805 0.000271079 0.00196904
1.81 0.000282899 0.00341894
1.815 0.000351884 0.00190002
1.82 0.000223917 0.00181009
1.825 0.000864902 0.031494
1.83 0.000266889 0.00418991
1.835 0.000223983 0.00262792
1.84 0.000246065 0.00198906
1.845 0.000442935 0.00222205
1.85 0.000336047 0.00262692
1.855 0.000220071 0.00187506
1.86 0.000222078 0.00675492
1.865 0.00109291 0.0019779
1.87 0.000219089 0.00174503
1.875 0.000249114 0.00206901
1.88 0.000217992 0.00182308
1.885 0.000220898 0.00178993
1.89 0.00016698 0.00170709
1.895 0.000213984 0.0249729
1.9 0.000213989 0.00185694
1.905 0.000234919 0.00193788
1.91 0.000190094 0.0218661
1.915 0.000331074 0.001864
1.92 0.000281963 0.00170709
1.925 0.00015594 0.00165201
1.93 0.000150106 0.0016029
1.935 0.000201997 0.0019401
1.94 0.000214901 0.00168289
1.945 0.000158995 0.012268
1.95 0.000199995 0.00198396
1.955 0.000224893 0.00196011
1.96 0.000188096 0.00181903
1.965 0.00344707 0.00216206
1.97 0.000207952 0.0019151
1.975 0.000233048 0.0101799
1.98 0.000214046 0.055711
1.985 0.000425017 0.00672896
1.99 0.012303 0.00173903
1.995 0.000180901 0.00177599
2 0.000268084 0.023888
2.005 0.000214937 0.00919593
2.01 0.00023504 0.00754601
2.015 0.000205989 0.033221
2.02 0.000207067 0.00571593
2.025 0.000224902 0.00652888
2.03 0.000208976 0.00163193
2.035 0.000192938 0.00565106
2.04 0.000208058 0.00188596
2.045 0.000189107 0.00172104
2.05 0.000206043 0.0018381
2.055 0.000226024 0.00177305
2.06 0.000237909 0.00168301
2.065 0.000191979 0.0016391
2.07 0.000176053 0.0015661
2.075 0.000238899 0.0020071
2.08 0.000233941 0.0114551
2.085 0.000337954 0.00145592
2.09 0.000183927 0.00153591
2.095 0.0001629 0.00153611
2.1 0.000241971 0.00161802
2.105 0.00026393 0.00163005
2.11 0.000181024 0.00170511
2.115 0.000197986 0.00170595
2.12 0.000185991 0.00161507
2.125 0.000163884 0.00168309
2.13 0.000174914 0.00156796
2.135 0.000291969 0.00154195
2.14 0.000256025 0.00167394
2.145 0.000188882 0.0018211
2.15 0.000144026 0.00155907
2.155 0.000206897 0.001766
2.16 0.000183979 0.00167492
2.165 0.000178935 0.00161693
2.17 0.000181973 0.0276131
2.175 0.000181003 0.00157709
2.18 0.000217906 0.010139
2.185 0.000169063 0.00163407
2.19 0.000376108 0.00152893
2.195 0.000173943 0.00172694
2.2 0.000189004 0.00154298
2.205 0.000200977 0.00150104
2.21 0.000195057 0.00649408
2.215 0.000340109 0.00186898
2.22 0.000199903 0.00161092
2.225 0.000175945 0.00169604
2.23 0.000314979 0.00832988
2.235 0.000185956 0.014601
2.24 0.000191069 0.0033059
2.245 0.000187982 0.00358992
2.25 0.000178065 0.00172001
2.255 0.000206975 0.00161607
2.26 0.00018099 0.00204108
2.265 0.000289985 0.00177392
2.27 0.00020296 0.00153911
2.275 0.000180089 0.00153089
2.28 0.000504979 0.0025191
2.285 0.0001891 0.00154308
2.29 0.000285969 0.00154291
2.295 0.000331039 0.00186392
2.3 0.000204092 0.00205105
2.305 0.000178069 0.00153402
2.31 0.000163049 0.00160202
2.315 0.000245078 0.00170608
2.32 0.000192937 0.0016461
2.325 0.000183922 0.00161791
2.33 0.000172906 0.0014791
2.335 0.00020607 0.00318488
2.34 0.000166008 0.00146307
2.345 0.000207023 0.00153788
2.35 0.000143956 0.002299
2.355 0.000222051 0.0719289
2.36 0.000168931 0.00162894
2.365 0.000167953 0.00229991
2.37 0.000173015 0.00139397
2.375 0.000247051 0.0015661
2.38 0.000299973 0.0016389
2.385 0.000168001 0.030612
2.39 0.000171938 0.00176808
2.395 0.000182937 0.00147512
2.4 0.000161978 0.0072209
2.405 0.000163901 0.00263192
2.41 0.000144992 0.00188803
2.415 0.000178047 0.00147999
2.42 0.000167046 0.00145196
2.425 0.000174015 0.00145502
2.43 0.000183886 0.00145311
2.435 0.000214022 0.00185797
2.44 0.000508102 0.00509889
2.445 0.000206964 0.00957306
2.45 0.000314038 0.00259589
2.455 0.000171008 0.00142311
2.46 0.000163099 0.00139107
2.465 0.000177983 0.00196393
2.47 0.000192006 0.0105979
2.475 0.000199971 0.062457
2.48 0.000168001 0.00143396
2.485 0.000185922 0.001374
2.49 0.000129963 0.00138007
2.495 0.000220899 0.00139993
2.5 0.000210918 0.00178396
2.505 0.000220055 0.00127804
2.51 0.000160892 0.00586601
2.515 0.000149933 0.023745
2.52 0.000194965 0.00152999
2.525 0.000160002 0.00339007
2.53 0.000168015 0.00193498
2.535 0.000169048 0.00140806
2.54 0.000172013 0.00131697
2.545 0.000158085 0.00135301
2.55 0.000165017 0.00139108
2.555 0.00016201 0.00130293
2.56 0.000111882 0.00529806
2.565 0.000133925 0.00128798
2.57 0.000106992 0.00133199
2.575 0.000148887 0.00131492
2.58 0.000113015 0.001245
2.585 0.000144041 0.00130308
2.59 0.000215939 0.00135798
2.595 0.00012111 0.00130704
2.6 0.000158886 0.00131291
2.605 0.000112113 0.0012551
2.61 0.000108061 0.00112806
2.615 0.000129115 0.00149389
2.62 0.000170005 0.00157006
2.625 0.000162908 0.00123707
2.63 0.000130967 0.00115988
2.635 9.3916e-05 0.00111298
2.64 0.000136103 0.00430401
2.645 0.000140023 0.00131312
2.65 0.000123892 0.00138696
2.655 0.000137053 0.00120101
2.66 9.89003e-05 0.001078
2.665 0.000136989 0.0011279
2.67 0.000282883 0.00134993
2.675 0.000136973 0.00135897
2.68 0.000137046 0.001163
2.685 9.39944e-05 0.0010341
2.69 0.000116079 0.00136202
2.695 0.000124077 0.0011511
2.7 8.89256e-05 0.001527
2.705 0.000135931 0.00117808
2.71 0.000101065 0.00157702
2.715 0.000107885 0.00101393
2.72 7.49266e-05 0.00101106
2.725 0.000109964 0.0010531
2.73 7.80284e-05 0.000992066
2.735 0.000111983 0.00106897
2.74 7.20137e-05 0.00132306
2.745 9.40319e-05 0.000798949
2.75 7.09106e-05 0.000810908
2.755 6.79423e-05 0.000822993
2.76 6.59877e-05 0.000730992
2.765 8.19144e-05 0.000700991
2.77 6.40284e-05 0.00070194
2.775 6.1065e-05 0.000665076
2.78 7.10292e-05 0.000665027
2.785 8.79868e-05 0.000768057
2.79 7.69044e-05 0.00108894
2.795 9.69254e-05 0.000992889
2.8 6.80006e-05 0.0010111
2.805 6.79733e-05 0.000971024
2.81 6.50736e-05 0.000974032
2.815 0.000130055 0.00120393
2.82 0.000158083 0.00117706
2.825 8.49871e-05 0.0115849
2.83 0.000113965 0.00116205
2.835 0.000112006 0.004154
2.84 8.90265e-05 0.000997904
2.845 6.60522e-05 0.000967057
2.85 0.000177053 0.00103895
2.855 0.000111041 0.00115598
2.86 8.70606e-05 0.00101408
2.865 7.89947e-05 0.00102289
2.87 9.90377e-05 0.0012019
2.875 7.69395e-05 0.00111298
2.88 8.89124e-05 0.00543403
2.885 0.000114064 0.00104891
2.89 7.1006e-05 0.001066
2.895 7.5949e-05 0.00107489
2.9 9.59509e-05 0.00104291
2.905 6.99322e-05 0.00110508
2.91 0.000102098 0.0010511
2.915 6.89988e-05 0.0010379
2.92 7.90536e-05 0.00109395
2.925 7.89603e-05 0.00116209
2.93 0.00010405 0.0225089
2.935 0.000130099 0.00638197
2.94 9.09517e-05 0.00115592
2.945 8.58906e-05 0.00123111
2.95 0.000159109 0.00237989
2.955 0.000101966 0.00104597
2.96 7.19028e-05 0.0010239
2.965 0.000107072 0.00102107
2.97 8.00377e-05 0.00104393
2.975 0.0001071 0.0026761
2.98 0.000149888 0.00112597
2.985 9.79009e-05 0.00400496
2.99 7.79155e-05 0.001092
2.995 0.000102016 0.00109902
3 8.60578e-05 0.00106804
3.005 0.000119891 0.00120601
3.01 8.00755e-05 0.00112301
3.015 0.000116968 0.00101095
3.02 0.000104974 0.00105207
3.025 7.39335e-05 0.00096907
3.03 0.000105994 0.00108794
3.035 9.98906e-05 0.00114504
3.04 7.59159e-05 0.00811891
3.045 9.60811e-05 0.00120004
3.05 8.8923e-05 0.00103404
3.055 0.00010307 0.00328388
3.06 9.50724e-05 0.00113699
3.065 6.59408e-05 0.000988945
3.07 0.000123105 0.00115389
3.075 7.49443e-05 0.000990081
3.08 9.79643e-05 0.00147197
3.085 8.19163e-05 0.00101495
3.09 6.99485e-05 0.000998092
3.095 6.40138e-05 0.000961925
3.1 9.50274e-05 0.00211694
3.105 8.41103e-05 0.00104599
3.11 9.80684e-05 0.00121389
3.115 6.4951e-05 0.00113791
3.12 0.000101916 0.00118711
3.125 9.80068e-05 0.00111902
3.13 0.000102945 0.00108199
3.135 9.80737e-05 0.00160489
3.14 9.09205e-05 0.00100489
3.145 0.000102076 0.000999079
3.15 6.8098e-05 0.00096491
3.155 9.99923e-05 0.00254609
3.16 0.00011198 0.00105197
3.165 7.09563e-05 0.00113995
3.17 0.000105095 0.00121604
3.175 8.39995e-05 0.00170088
3.18 0.000104036 0.00109089
3.185 9.69259e-05 0.00107294
3.19 6.70913e-05 0.000972096
3.195 6.39928e-05 0.000970097
3.2 6.29543e-05 0.00119301
3.205 7.90789e-05 0.00118092
3.21 8.6072e-05 0.001032
3.215 0.000132085 0.00104909
3.22 7.00377e-05 0.000990943
3.225 6.69843e-05 0.00121104
3.23 9.59565e-05 0.000986112
3.235 6.59822e-05 0.000970987
3.24 9.81099e-05 0.00115593
3.245 6.98809e-05 0.00129807
3.25 9.89458e-05 0.00115205
3.255 8.59144e-05 0.00114908
3.26 8.61089e-05 0.00117609
3.265 7.98946e-05 0.00102002
3.27 7.19259e-05 0.00370892
3.275 0.0001259 0.00100806
3.28 6.49671e-05 0.00117693
3.285 9.31058e-05 0.00101593
3.29 6.5955e-05 0.00104591
3.295 7.00518e-05 0.00110296
3.3 0.000103107 0.00104492
3.305 0.000147991 0.00108603
3.31 0.000107934 0.00108598
3.315 6.79337e-05 0.00107903
3.32 6.88947e-05 0.00107504
3.325 0.000107 0.001122
3.33 8.10713e-05 0.0224551
3.335 9.10235e-05 0.00103099
3.34 6.50943e-05 0.000989006
3.345 0.000104002 0.0011011
3.35 0.000133908 0.00402996
3.355 9.20848e-05 0.0010941
3.36 6.69871e-05 0.000969991
3.365 9.79597e-05 0.00116197
3.37 0.000103048 0.0010361
3.375 0.000113928 0.00123101
3.38 7.90849e-05 0.00103093
3.385 0.000129046 0.00100611
3.39 0.000141022 0.00105992
3.395 7.30157e-05 0.00109306
3.4 0.000135056 0.00108092
3.405 9.38947e-05 0.001102
3.41 0.00010602 0.020064
3.415 8.80982e-05 0.00102493
3.42 6.309e-05 0.000966955
3.425 6.31044e-05 0.00101292
3.43 8.69714e-05 0.00105499
3.435 6.88941e-05 0.00108099
3.44 9.30273e-05 0.00100404
3.445 6.494e-05 0.00096409
3.45 0.000313018 0.00248602
3.455 0.000566082 0.0120659
3.46 9.30293e-05 0.00304609
3.465 9.90393e-05 0.0011189
3.47 9.19615e-05 0.00104598
3.475 6.89032e-05 0.00105005
3.48 0.000133892 0.00138099
3.485 0.000110095 0.00108399
3.49 0.000117949 0.00115498
3.495 9.79445e-05 0.001088
3.5 7.09902e-05 0.00108794
3.505 7.09004e-05 0.00102609
3.51 0.000115912 0.00140104
3.515 9.11113e-05 0.00114104
3.52 0.000104012 0.00105211
3.525 7.40186e-05 0.00112811
3.53 8.79186e-05 0.00112594
3.535 0.000139083 0.00222289
3.54 0.000113079 0.00109612
3.545 9.10321e-05 0.001129
3.55 7.19592e-05 0.001058
3.555 9.19502e-05 0.00105392
3.56 0.000133117 0.00162789
3.565 9.9899e-05 0.012062
3.57 9.80798e-05 0.0010409
3.575 7.49246e-05 0.00101811
3.58 9.2944e-05 0.00111296
3.585 0.000106039 0.00180699
3.59 0.000100005 0.00109692
3.595 0.00012807 0.00131009
3.6 0.000247081 0.00168889
3.605 0.00015301 0.00115999
3.61 0.000201085 0.00117091
3.615 8.20899e-05 0.00102188
3.62 7.59787e-05 0.00100197
3.625 9.60339e-05 0.001083
3.63 7.41067e-05 0.00151996
3.635 0.000183064 0.00141591
3.64 0.000118063 0.00122509
3.645 0.000125897 0.00117906
3.65 0.00010303 0.00113208
3.655 9.29277e-05 0.00113599
3.66 7.91055e-05 0.001195
3.665 0.000111038 0.00113598
3.67 0.000112053 0.00154404
3.675 0.000115034 0.00115892
3.68 0.000132077 0.00112204
3.685 9.59323e-05 0.0073549
3.69 0.000108028 0.00106202
3.695 8.1077e-05 0.0150961
3.7 0.000155888 0.00121306
3.705 8.39496e-05 0.00115203
3.71 0.000133028 0.00117204
3.715 9.59017e-05 0.00201406
3.72 0.000120038 0.00113392
3.725 9.01093e-05 0.00123003
3.73 0.000125955 0.00111112
3.735 0.000241999 0.00104405
3.74 0.000136035 0.00119694
3.745 0.000134014 0.00165607
3.75 0.000120934 0.0132311
3.755 0.000170956 0.00537606
3.76 0.000111999 0.00116799
3.765 8.69319e-05 0.00112591
3.77 0.000119077 0.00102591
3.775 0.000140908 0.00137905
3.78 0.000122015 0.068723
3.785 0.00011809 0.00113288
3.79 8.60242e-05 0.001219
3.795 0.000119907 0.00121803
3.8 9.19302e-05 0.00112295
3.805 0.00015595 0.00119307
3.81 0.000120968 0.0012039
3.815 9.90892e-05 0.00121095
3.82 0.000160108 0.165922
3.825 0.000132098 0.0597961
3.83 0.000170945 0.00133805
3.835 0.000142969 0.013508
3.84 0.000199024 0.00132999
3.845 0.000144941 0.00124203
3.85 9.8072e-05 0.00113908
3.855 9.41189e-05 0.00139494
3.86 0.000212959 0.0267231
3.865 0.000147019 0.00136296
3.87 0.000138029 0.00130003
3.875 0.000119928 0.00132005
3.88 0.000118013 0.00127404
3.885 0.000148007 0.00128195
3.89 0.000106031 0.00122198
3.895 0.000175932 0.00162203
3.9 0.000118986 0.011456
3.905 0.000132046 0.00121301
3.91 0.000230021 0.00148399
3.915 0.000141925 0.00186611
3.92 0.000136113 0.00126702
3.925 0.000105929 0.0665271
3.93 0.000145025 0.0205201
3.935 0.000154078 0.00190111
3.94 0.000637114 0.00277911
3.945 0.000165995 0.0414091
3.95 0.000183926 0.0686939
3.955 0.000154914 0.00168299
3.96 0.000123019 0.0424951
3.965 0.000194944 0.00208496
3.97 0.00016397 0.00279598
3.975 0.000173943 0.0365959
3.98 0.000235087 0.00166305
3.985 0.000176992 0.00155789
3.99 0.000188979 0.00166001
3.995 0.00015796 0.00153589
4 0.000150022 0.0731091
4.005 0.000192897 0.00158806
4.01 0.000145065 0.0625981
4.015 0.000183039 0.00167098
4.02 0.00017707 0.00175797
4.025 0.000153017 0.067486
4.03 0.000220059 0.00202404
4.035 0.000548027 0.003385
4.04 0.000237969 0.00176388
4.045 0.00013998 0.00973703
4.05 0.000255067 0.00244501
4.055 0.000342054 0.00198702
4.06 0.00022803 0.00189896
4.065 0.000197885 0.050117
4.07 0.000178098 0.00166605
4.075 0.000313931 0.010212
4.08 0.000257011 0.00170904
4.085 0.000178054 0.001883
4.09 0.000315909 0.144615
4.095 0.000189008 0.00164294
4.1 0.000137958 0.033983
4.105 0.000197078 0.00182795
4.11 0.000153088 0.00693207
4.115 0.00018698 0.0793471
4.12 0.000217913 0.00268204
4.125 0.000215005 0.116132
4.13 0.000219105 0.00616404
4.135 0.000199942 0.085429
4.14 0.000250069 0.07055
4.145 0.000223943 0.00575111
4.15 0.000327077 0.00231006
4.155 0.000231926 0.00223899
4.16 0.000277953 0.009202
4.165 0.000208911 0.0021361
4.17 0.000475006 0.00255493
4.175 0.000275081 0.028356
4.18 0.000225098 0.00214308
4.185 0.000231987 0.00216105
4.19 0.000176096 0.010439
4.195 0.00024694 0.022526
4.2 0.000241935 0.00238799
4.205 0.000256003 0.00231299
4.21 0.000239916 0.00222511
4.215 0.000231936 0.003066
4.22 0.000322926 0.00274996
4.225 0.000278027 0.00254508
4.23 0.000257887 0.014646
4.235 0.000267094 0.0136461
4.24 0.000273043 0.0026491
4.245 0.000297996 0.00247602
4.25 0.00124289 0.00297096
4.255 0.000249074 0.00254997
4.26 0.000228086 0.014088
4.265 0.000243997 0.00251895
4.27 0.000229917 0.00247689
4.275 0.000273013 0.122907
4.28 0.000299969 0.113895
4.285 0.000252114 0.0410809
4.29 0.000308919 0.038921
4.295 0.000244045 0.004215
4.3 0.000245104 0.00244806
4.305 0.000273012 0.00762907
4.31 0.000267999 0.00280311
4.315 0.000542909 0.00260008
4.32 0.000212885 0.00862702
4.325 0.000232026 0.00257709
4.33 0.00109809 0.0425011
4.335 0.000302963 0.00470103
4.34 0.000226986 0.0114461
4.345 0.000235968 0.010807
4.35 0.000295083 0.010978
4.355 0.000252886 0.00713302
4.36 0.000304047 0.0162131
4.365 0.000369047 0.00270802
4.37 0.000321095 0.011749
4.375 0.000281997 0.012255
4.38 0.00029195 0.00286893
4.385 0.000320077 0.0109869
4.39 0.00688908 0.00852202
4.395 0.000280953 0.0227059
4.4 0.00028508 0.00747498
4.405 0.000281042 0.00285499
4.41 0.000302963 0.00281198
4.415 0.000339952 0.021464
4.42 0.000281098 0.014976
4.425 0.000302994 0.063653
4.43 0.000289028 0.0377171
4.435 0.000296957 0.0149939
4.44 0.000285054 0.011872
4.445 0.000316957 0.0072081
4.45 0.000426047 0.0155
4.455 0.000325941 0.00273407
4.46 0.000303942 0.045177
4.465 0.000303958 0.00278102
4.47 0.000279037 0.00267909
4.475 0.000339964 0.00699407
4.48 0.000265907 0.0308681
4.485 0.00029898 0.00278605
4.49 0.000269921 0.00278408
4.495 0.000301975 0.181045
4.5 0.000315904 0.00311205
4.505 0.000335066 0.0160539
4.51 0.000291065 0.002718
4.515 0.000305959 0.0668931
4.52 0.000270954 0.00284592
4.525 0.000303119 0.0029319
4.53 0.000330045 0.00296088
4.535 0.000258905 0.105661
4.54 0.000315076 0.0833189
4.545 0.000370896 0.00660501
4.55 0.000341926 0.0153061
4.555 0.000330951 0.00307707
4.56 0.000287036 0.00317303
4.565 0.000322988 0.00295498
4.57 0.000322944 0.00300793
4.575 0.000324918 0.002906
4.58 0.000346885 0.056697
4.585 0.000300093 0.019174
4.59 0.000484978 0.0247399
4.595 0.000311055 0.016294
4.6 0.000298118 0.0030139
4.605 0.000376901 0.00297501
4.61 0.000723908 0.0111759
4.615 0.000295069 0.011818
4.62 0.000316968 0.0185029
4.625 0.000303001 0.00300102
4.63 0.000400965 0.00316199
4.635 0.000313011 0.00806397
4.64 0.000444069 0.00501194
4.645 0.000308061 0.0625161
4.65 0.000301958 0.00343793
4.655 0.000385944 0.035065
4.66 0.000253011 0.0228261
4.665 0.000270115 0.00285603
4.67 0.000420029 0.00320903
4.675 0.000449913 0.0932981
4.68 0.000549943 0.00350596
4.685 0.000346983 0.00295189
4.69 0.00034011 0.161279
4.695 0.000302952 0.091024
4.7 0.00629596 0.0487659
4.705 0.00025302 0.0227991
4.71 0.000437114 0.0187679
4.715 0.000277891 0.00281394
4.72 0.000310922 0.00717907
4.725 0.000320905 0.00308104
4.73 0.000323899 0.0122529
4.735 0.000724071 0.015466
4.74 0.000285073 0.073389
4.745 0.000294949 0.00315807
4.75 0.00027798 0.00311503
4.755 0.000329007 0.018171
4.76 0.000315992 0.0038049
4.765 0.000356964 0.00326091
4.77 0.000311101 0.00332201
4.775 0.000373886 0.0036159
4.78 0.00035296 0.00830191
4.785 0.000276897 0.113559
4.79 0.000332045 0.01969
4.795 0.000276912 0.0318669
4.8 0.000269065 0.0397189
4.805 0.000261908 0.0224689
4.81 0.000304055 0.00274512
4.815 0.000271929 0.00532994
4.82 0.000293041 0.00285402
4.825 0.000233892 0.039935
4.83 0.000270032 0.00290695
4.835 0.000283082 0.0150121
4.84 0.000916104 0.028659
4.845 0.000312011 0.00314997
4.85 0.000403921 0.0205099
4.855 0.000360076 0.00621192
4.86 0.000278081 0.0355249
4.865 0.000247077 0.00274608
4.87 0.000258025 0.0025091
4.875 0.000491044 0.00288495
4.88 0.000489045 0.0071089
4.885 0.000286066 0.036023
4.89 0.000337039 0.133553
4.895 0.000261948 0.00809997
4.9 0.000374917 0.00734293
4.905 0.000292934 0.161817
4.91 0.000440944 0.124779
4.915 0.000255071 0.04849
4.92 0.000300932 0.00249809
4.925 0.000343914 0.0294129
4.93 0.000348056 0.198188
4.935 0.000487058 0.00700306
4.94 0.000295901 0.00736307
4.945 0.000280884 0.00580107
4.95 0.000279966 0.00284211
4.955 0.00181911 0.0361051
4.96 0.000287964 0.00273
4.965 0.000302908 0.021646
4.97 0.000338086 0.00470705
4.975 0.000258038 0.00274912
4.98 0.00044406 0.00312798
4.985 0.0621731 0.054408
4.99 0.000277052 0.00252106
4.995 0.000303088 0.0026791
5 0.00027804 0.00302909
5.005 0.000285035 0.0775229
5.01 0.000310111 0.11163
5.015 0.000604937 0.183862
5.02 0.000251079 0.00586207
5.025 0.000248969 0.00291011
5.03 0.000304949 0.00268006
5.035 0.00021707 0.00699911
5.04 0.000268099 0.24618
5.045 0.000286911 0.00315709
5.05 0.00028899 0.00281907
5.055 0.000336987 0.003222
5.06 0.000232884 0.011306
5.065 0.000339932 0.00414299
5.07 0.000307057 0.00814302
5.075 0.000309983 0.0185241
5.08 0.000345986 0.00295489
5.085 0.000402042 0.00264892
5.09 0.000290983 0.0508809
5.095 0.000525063 0.00271911
5.1 0.000271008 0.00330202
5.105 0.000324021 0.0198881
5.11 0.000297924 0.0688239
5.115 0.000253079 0.0112249
5.12 0.000427961 0.00394409
5.125 0.000282069 0.0848221
5.13 0.000281006 0.017718
5.135 0.000269906 0.00819706
5.14 0.000619037 0.018034
5.145 0.000288066 0.00278291
5.15 0.00054006 0.00438809
5.155 0.000255004 0.0316159
5.16 0.000826966 0.0185219
5.165 0.000241913 0.010223
5.17 0.00026309 0.00831592
5.175 0.000314021 0.0135431
5.18 0.000273 0.0134201
5.185 0.000301048 0.011389
5.19 0.000483985 0.00334704
5.195 0.000306 0.00283392
5.2 0.000291087 0.00268002
5.205 0.000286072 0.00272406
5.21 0.000262 0.00257002
5.215 0.000456942 0.00273794
5.22 0.000322992 0.00281398
5.225 0.000248031 0.00249208
5.23 0.000376053 0.00274797
5.235 0.000457113 0.00426092
5.24 0.000265041 0.00249097
5.245 0.000546887 0.00434509
5.25 0.000276982 0.00267099
5.255 0.000313014 0.00284706
5.26 0.000530896 0.00322398
5.265 0.000258068 0.00287591
5.27 0.000259996 0.00678393
5.275 0.000256904 0.00275893
5.28 0.000535053 0.00796409
5.285 0.000249009 0.00264791
5.29 0.00024795 0.00289304
5.295 0.00663589 0.00714508
5.3 0.000253032 0.00272192
5.305 0.000274905 0.00268305
5.31 0.00024406 0.00238997
5.315 0.000215986 0.00976702
5.32 0.000304892 0.012559
5.325 0.000246004 0.00257405
5.33 0.000271975 0.00232399
5.335 0.000214023 0.00294297
5.34 0.000300024 0.0344239
5.345 0.000236911 0.00236797
5.35 0.000287118 0.00258411
5.355 0.00034295 0.00604391
5.36 0.000309884 0.00240703
5.365 0.000230114 0.00223304
5.37 0.00019397 0.00225794
5.375 0.000298918 0.00249299
5.38 0.000225043 0.00238498
5.385 0.000283984 0.00469707
5.39 0.00028708 0.00657612
5.395 0.000238092 0.00414296
5.4 0.000216887 0.00201297
5.405 0.000269908 0.00419911
5.41 0.000228076 0.00195296
5.415 0.000398961 0.0136609
5.42 0.000249103 0.00238605
5.425 0.000247031 0.00214808
5.43 0.000370064 0.00547108
5.435 0.000255952 0.00194994
5.44 0.000253959 0.00204209
5.445 0.000248056 0.0113459
5.45 0.00025292 0.002039
5.455 0.000229083 0.00195801
5.46 0.000199081 0.00194705
5.465 0.000838092 0.00253095
5.47 0.000258102 0.0111239
5.475 0.0019671 0.015406
5.48 0.000245956 0.00191595
5.485 0.000198053 0.00936597
5.49 0.000187889 0.00175006
5.495 0.00017698 0.0188339
5.5 0.000187082 0.00200092
5.505 0.00037204 0.00180891
5.51 0.000192892 0.00175506
5.515 0.000172016 0.00161292
5.52 0.000265934 0.00561791
5.525 0.000181942 0.00207408
5.53 0.000199088 0.00213505
5.535 0.000199108 0.00185707
5.54 0.000134005 0.00158206
5.545 0.000260036 0.00268601
5.55 0.000187081 0.00453397
5.555 0.000148052 0.00154004
5.56 0.000205017 0.00159707
5.565 0.000195116 0.0263049
5.57 0.00017998 0.00156002
5.575 0.00013199 0.00160895
5.58 0.000329897 0.00178697
5.585 0.000440028 0.00617495
5.59 0.00017097 0.00169407
5.595 0.000171021 0.00170588
5.6 0.00017905 0.00149104
5.605 0.000160972 0.00158809
5.61 0.000179972 0.00181501
5.615 0.000151916 0.00165309
5.62 0.000161098 0.00970397
5.625 0.000178023 0.00192497
5.63 0.00237396 0.00237088
5.635 0.000180923 0.00154501
5.64 0.000204025 0.00161999
5.645 0.000252934 0.00186802
5.65 0.000196996 0.00355511
5.655 0.000137931 0.00149593
5.66 0.000181994 0.00157989
5.665 0.000161056 0.00148993
5.67 0.000185944 0.00175802
5.675 0.000144902 0.00137199
5.68 0.000116029 0.00132097
5.685 0.000114975 0.00170506
5.69 0.000142054 0.001329
5.695 0.000108967 0.00139006
5.7 0.000193949 0.00141192
5.705 0.000171073 0.00136993
5.71 0.000337 0.00150492
5.715 0.000133999 0.00128305
5.72 0.00015691 0.00130608
5.725 0.000145021 0.00571311
5.73 0.000151028 0.0158129
5.735 0.000158021 0.001345
5.74 0.000125058 0.00124193
5.745 0.000138914 0.00131396
5.75 0.000152956 0.00132594
5.755 0.000102999 0.00141205
5.76 0.000131922 0.00128808
5.765 0.000105995 0.00183194
5.77 0.000178045 0.00211299
5.775 0.000290041 0.00220198
5.78 0.000243941 0.00211609
5.785 0.000162095 0.00136102
5.79 0.000133956 0.00315201
5.795 0.000167049 0.00141996
5.8 0.000173079 0.00334903
5.805 0.000189049 0.00127803
5.81 0.000142049 0.001399
5.815 0.000159936 0.001747
5.82 0.000258917 0.00134604
5.825 0.000165114 0.00922294
5.83 0.000183041 0.00754698
5.835 0.000140937 0.00238808
5.84 0.000155049 0.00176088
5.845 0.000218062 0.001271
5.85 0.000172095 0.001383
5.855 0.000113055 0.00125309
5.86 0.00014789 0.00158312
5.865 0.000150022 0.0012991
5.87 0.000109071 0.00578392
5.875 0.000154893 0.00141909
5.88 0.000125937 0.0013831
5.885 0.000285953 0.00161394
5.89 0.00011792 0.00154895
5.895 0.000215961 0.001984
5.9 0.000181991 0.00236389
5.905 0.000150014 0.0047621
5.91 0.000152067 0.001525
5.915 0.000158958 0.00168898
5.92 0.000170994 0.00183509
5.925 0.000298905 0.00215707
5.93 0.000251898 0.00152694
5.935 0.000170047 0.0015061
5.94 0.000142042 0.00153899
5.945 0.000167039 0.033025
5.95 0.000260106 0.00159604
5.955 0.000186884 0.00166701
5.96 0.000151997 0.00215193
5.965 0.000595926 0.00172193
5.97 0.000182034 0.00162793
5.975 0.000149971 0.00156205
5.98 0.000170913 0.00384301
5.985 0.000185975 0.00162205
5.99 0.000162072 0.00155395
5.995 0.000160034 0.0014041
6 0.000222891 0.00182106
6.005 0.000356996 0.0482679
6.01 0.000160982 0.0015041
6.015 0.000140968 0.00159506
6.02 0.000159967 0.00175403
6.025 0.000153994 0.00195198
6.03 0.000320032 0.00167088
6.035 0.000184021 0.00152501
6.04 0.000186989 0.00843012
6.045 0.000169085 0.00156705
6.05 0.000234012 0.00154993
6.055 0.000164895 0.013797
6.06 0.000173109 0.00167706
6.065 0.000146013 0.00158791
6.07 0.000186953 0.00215708
6.075 0.00019198 0.0016551
6.08 0.00014205 0.00672295
6.085 0.000188082 0.00171006
6.09 0.000169981 0.00163403
6.095 0.000187113 0.002322
6.1 0.000165956 0.00212906
6.105 0.000184118 0.0127961
6.11 0.000281089 0.00274504
6.115 0.000164081 0.00157309
6.12 0.0001601 0.00571793
6.125 0.000187109 0.00235204
6.13 0.000188989 0.00160697
6.135 0.000248987 0.00169389
6.14 0.000146119 0.00337601
6.145 0.000205927 0.00771898
6.15 0.000186055 0.0170809
6.155 0.00020905 0.039848
6.16 0.000212942 0.00165808
6.165 0.000181918 0.00163705
6.17 0.000163917 0.00361989
6.175 0.000223887 0.015676
6.18 0.000204013 0.00197597
6.185 0.000202992 0.00167291
6.19 0.000157946 0.00194192
6.195 0.000234915 0.0207491
6.2 0.000202011 0.0197851
6.205 0.000199955 0.00281597
6.21 0.000173073 0.00182203
6.215 0.000365895 0.00768997
6.22 0.000268091 0.00991396
6.225 0.000218953 0.00180489
6.23 0.000219116 0.00170001
6.235 0.000206898 0.001716
6.24 0.000155907 0.00253803
6.245 0.000211076 0.0124079
6.25 0.000201925 0.014401
6.255 0.00026498 0.00226291
6.26 0.000179095 0.00174209
6.265 0.000194101 0.00208507
6.27 0.000164954 0.00160201
6.275 0.000237118 0.00159594
6.28 0.000181951 0.00165108
6.285 0.000172021 0.00568388
6.29 0.000192996 0.00175992
6.295 0.00016901 0.00387202
6.3 0.000154972 0.00165305
6.305 0.000179887 0.00185493
6.31 0.000265108 0.03159
6.315 0.000333084 0.0107201
6.32 0.000164991 0.00173905
6.325 0.000173968 0.00145697
6.33 0.000137067 0.00145798
6.335 0.000182926 0.00155991
6.34 0.000139017 0.00160207
6.345 0.000187933 0.0021111
6.35 0.00021794 0.0584211
6.355 0.000181033 0.00150088
6.36 0.000181902 0.00154803
6.365 0.000531982 0.00209812
6.37 0.000727944 0.0018791
6.375 0.000498952 0.00193699
6.38 0.000147034 0.00159198
6.385 0.000186913 0.00168604
6.39 0.000161977 0.0018859
6.395 0.000222968 0.00265809
6.4 0.000189091 0.00175807
6.405 0.000262027 0.00177605
6.41 0.000394072 0.00191001
6.415 0.000217084 0.00265993
6.42 0.000193883 0.0018301
6.425 0.000147905 0.00180409
6.43 0.000160087 0.00181811
6.435 0.000158979 0.004271
6.44 0.000266051 0.00244702
6.445 0.000252009 0.00629909
6.45 0.000211992 0.00195508
6.455 0.000164902 0.00175496
6.46 0.000218947 0.00179493
6.465 0.000151957 0.00962389
6.47 0.000176913 0.00186101
6.475 0.000187948 0.00166807
6.48 0.000138903 0.013602
6.485 0.000312019 0.00629498
6.49 0.000248931 0.00183807
6.495 0.000148884 0.00161192
6.5 0.000156068 0.00177395
6.505 0.000265904 0.00223592
6.51 0.000257905 0.00173098
6.515 0.000221919 0.001771
6.52 0.000241004 0.00175701
6.525 0.000190886 0.00194196
6.53 0.000185946 0.010096
6.535 0.000198905 0.00701011
6.54 0.000182946 0.00389908
6.545 0.000228915 0.00166189
6.55 0.000198018 0.00182194
6.555 0.000203006 0.00260092
6.56 0.000189067 0.00291205
6.565 0.000230923 0.00185194
6.57 0.000184015 0.001832
6.575 0.00035794 0.00220193
6.58 0.000254076 0.00183197
6.585 0.000257934 0.00209301
6.59 0.000207069 0.00177693
6.595 0.000229004 0.00193293
6.6 0.000341061 0.00261298
6.605 0.000197901 0.00937606
6.61 0.00023206 0.00204489
6.615 0.000227909 0.00231203
6.62 0.000199107 0.00241307
6.625 0.000243886 0.00199308
6.63 0.000187983 0.00162792
6.635 0.000162983 0.0018849
6.64 0.000205004 0.00187301
6.645 0.000153032 0.00176101
6.65 0.000207085 0.00177195
6.655 0.00015111 0.00994
6.66 0.000314065 0.00182692
6.665 0.000200932 0.00181999
6.67 0.000176904 0.00502204
6.675 0.000216907 0.00221899
6.68 0.000190893 0.00181197
6.685 0.000273928 0.00333203
6.69 0.000239963 0.00202792
6.695 0.000205974 0.00181703
6.7 0.000172013 0.00182392
6.705 0.000206964 0.00224106
6.71 0.000192995 0.00265292
6.715 0.000241958 0.01589
6.72 0.000193899 0.00182811
6.725 0.000615009 0.00227494
6.73 0.000226062 0.0122881
6.735 0.000242933 0.00190208
6.74 0.000263114 0.00212695
6.745 0.000222939 0.00226102
6.75 0.000266938 0.002773
6.755 0.000235986 0.018222
6.76 0.000307904 0.00561391
6.765 0.000239037 0.00612595
6.77 0.000292053 0.0140199
6.775 0.000217882 0.00198701
6.78 0.000229063 0.00214999
6.785 0.000254901 0.01358
6.79 0.00019811 0.00185703
6.795 0.000344064 0.00212107
6.8 0.000237912 0.00193402
6.805 0.00131391 0.00275008
6.81 0.000265908 0.00205612
6.815 0.000205072 0.00210508
6.82 0.000354884 0.00210102
6.825 0.000238003 0.00193511
6.83 0.000372987 0.0168159
6.835 0.000245883 0.00201788
6.84 0.00026289 0.00211996
6.845 0.00027703 0.00213303
6.85 0.00019902 0.00994094
6.855 0.000251991 0.01111
6.86 0.000303118 0.0023199
6.865 0.00030093 0.00454109
6.87 0.000239051 0.021513
6.875 0.00024602 0.00460802
6.88 0.000247034 0.00247189
6.885 0.000226023 0.00230905
6.89 0.000214954 0.00206795
6.895 0.000205012 0.00203506
6.9 0.000211096 0.0021019
6.905 0.000247071 0.00258912
6.91 0.000218094 0.00228411
6.915 0.000211993 0.00189409
6.92 0.000191971 0.00228209
6.925 0.000214989 0.010041
6.93 0.000301987 0.001832
6.935 0.000224088 0.00196702
6.94 0.000197932 0.00178609
6.945 0.000468966 0.00228104
6.95 0.000263963 0.0131601
6.955 0.000243965 0.00206211
6.96 0.000212027 0.0445391
6.965 0.000222886 0.0171821
6.97 0.000193955 0.0205519
6.975 0.000185026 0.00251406
6.98 0.000255957 0.00235794
