0 0.00026204 0.00134402
0.005 0.000160029 0.00151805
0.01 0.000222028 0.00254306
0.015 0.000225086 0.00168302
0.02 0.000277107 0.00165511
0.025 0.000216894 0.00167693
0.03 0.000221088 0.00145288
0.035 0.000167933 0.00102509
0.04 0.000137998 0.001024
0.045 0.000135907 0.00101601
0.05 0.000132042 0.000981004
0.055 0.000133112 0.00102307
0.06 0.000133082 0.00103409
0.065 0.000132943 0.00101991
0.07 0.000132963 0.00100893
0.075 0.000138998 0.001069
0.08 0.000133004 0.000997967
0.085 0.000132118 0.00101308
0.09 0.000134018 0.00101903
0.095 0.000131028 0.0010069
0.1 0.000131103 0.00107202
0.105 0.000132096 0.00100901
0.11 0.000143987 0.00102403
0.115 0.000184902 0.00101789
0.12 0.000143969 0.00101696
0.125 0.000133095 0.00121206
0.13 0.000102074 0.000664031
0.135 0.000104062 0.00066092
0.14 0.000102964 0.000662967
0.145 0.000102103 0.00066406
0.15 0.000172891 0.00285304
0.155 0.000157994 0.000748923
0.16 0.000101928 0.000680885
0.165 9.39495e-05 0.000659013
0.17 0.000122086 0.000911016
0.175 0.000104107 0.000674918
0.18 9.68925e-05 0.000661095
0.185 9.49095e-05 0.000666019
0.19 9.41184e-05 0.000658943
0.195 9.49185e-05 0.000659028
0.2 9.4904e-05 0.00067506
0.205 9.49685e-05 0.000885886
0.21 9.79318e-05 0.000661942
0.215 9.50618e-05 0.000708933
0.22 0.000121097 0.00071798
0.225 0.000101059 0.00065997
0.23 9.39916e-05 0.000665055
0.235 0.000103101 0.000661104
0.24 9.20324e-05 0.000660003
0.245 9.38856e-05 0.000663949
0.25 9.41094e-05 0.000893934
0.255 0.000124101 0.000981885
0.26 0.000120912 0.000679034
0.265 9.50275e-05 0.000659899
0.27 9.39203e-05 0.000657983
0.275 0.000116083 0.00100002
0.28 0.000126035 0.00103391
0.285 0.000100945 0.000673094
0.29 9.69073e-05 0.000659917
0.295 9.29921e-05 0.000659009
0.3 9.30306e-05 0.000685094
0.305 9.29357e-05 0.000660953
0.31 9.49528e-05 0.000661062
0.315 9.49629e-05 0.000662072
0.32 0.000100955 0.000665104
0.325 9.19338e-05 0.00066095
0.33 9.09723e-05 0.000658943
0.335 9.49497e-05 0.000665059
0.34 9.91068e-05 0.000664925
0.345 0.000102883 0.000660932
0.35 9.21068e-05 0.000661077
0.355 9.10526e-05 0.000658977
0.36 9.19714e-05 0.000660988
0.365 8.89297e-05 0.000723999
0.37 9.6012e-05 0.000664929
0.375 9.61025e-05 0.00208702
0.38 0.00021707 0.00122911
0.385 0.000121896 0.00104206
0.39 0.000118011 0.00102299
0.395 0.000118092 0.00102507
0.4 0.000120882 0.001023
0.405 0.000122116 0.00102305
0.41 0.000120119 0.00104296
0.415 0.000163961 0.00104993
0.42 0.000122983 0.00101096
0.425 0.000121013 0.0010189
0.43 0.000120102 0.00101894
0.435 0.000126947 0.00108711
0.44 9.78961e-05 0.000658906
0.445 9.80204e-05 0.00065803
0.45 9.80757e-05 0.000702086
0.455 9.99309e-05 0.000664034
0.46 9.89139e-05 0.000677017
0.465 9.69569e-05 0.00067992
0.47 9.5001e-05 0.00066711
0.475 9.29332e-05 0.00067695
0.48 9.09569e-05 0.000704881
0.485 9.10598e-05 0.000659984
0.49 9.19198e-05 0.00067489
0.495 9.6077e-05 0.000662994
0.5 8.91155e-05 0.000659993
0.505 8.9041e-05 0.000665111
0.51 8.99888e-05 0.000667105
0.515 9.09403e-05 0.000659911
0.52 9.19392e-05 0.00072791
0.525 9.29822e-05 0.000663999
0.53 8.89336e-05 0.00066705
0.535 8.80104e-05 0.00066108
0.54 0.000108917 0.00091496
0.545 0.000115024 0.000963106
0.55 0.000111028 0.000961925
0.555 0.000107988 0.000960985
0.56 0.000107101 0.000805051
0.565 9.20146e-05 0.000658985
0.57 8.70666e-05 0.000660044
0.575 8.69458e-05 0.000660969
0.58 9.00622e-05 0.00067194
0.585 8.6921e-05 0.000658898
0.59 8.70262e-05 0.000664003
0.595 9.68931e-05 0.000685903
0.6 9.39379e-05 0.000671047
0.605 8.99277e-05 0.000661044
0.61 8.59255e-05 0.000667903
0.615 8.70567e-05 0.00067508
0.62 9.3989e-05 0.000677052
0.625 8.7067e-05 0.000660091
0.63 8.60852e-05 0.000659062
0.635 0.000105017 0.000664113
0.64 0.000101003 0.000663913
0.645 8.60414e-05 0.000660019
0.65 8.51071e-05 0.000659992
0.655 8.39998e-05 0.000672076
0.66 8.51107e-05 0.000665995
0.665 8.49311e-05 0.000874054
0.67 0.000113061 0.000900097
0.675 8.70908e-05 0.000671068
0.68 8.49632e-05 0.000661894
0.685 8.40017e-05 0.000659078
0.69 8.40279e-05 0.000663912
0.695 0.000111916 0.0010141
0.7 0.000110999 0.000929895
0.705 8.70534e-05 0.000672031
0.71 8.50185e-05 0.000663949
0.715 8.61168e-05 0.000663048
0.72 8.39306e-05 0.000669007
0.725 8.49895e-05 0.000662112
0.73 8.50471e-05 0.000701932
0.735 8.40889e-05 0.000660927
0.74 8.50088e-05 0.000665893
0.745 8.4114e-05 0.000659952
0.75 8.59536e-05 0.000665885
0.755 8.29583e-05 0.000661989
0.76 8.49313e-05 0.000661101
0.765 0.000105088 0.000683946
0.77 8.69336e-05 0.000666911
0.775 8.60321e-05 0.000661963
0.78 8.50051e-05 0.00066389
0.785 8.59646e-05 0.000664895
0.79 0.000113089 0.00101108
0.795 0.000113026 0.000897015
0.8 8.70624e-05 0.000660086
0.805 8.70151e-05 0.000665992
0.81 8.4074e-05 0.000664912
0.815 8.3908e-05 0.000658985
0.82 8.40595e-05 0.000660898
0.825 8.39196e-05 0.000739996
0.83 9.29749e-05 0.000695992
0.835 8.50258e-05 0.00066091
0.84 8.60643e-05 0.000664995
0.845 8.70769e-05 0.000660054
0.85 8.79505e-05 0.000659974
0.855 8.80557e-05 0.000658079
0.86 8.61146e-05 0.000722092
0.865 8.79394e-05 0.000662963
0.87 8.70978e-05 0.000862075
0.875 0.000125917 0.00139003
0.88 0.000123954 0.00134598
0.885 0.000119094 0.00134388
0.89 0.00012208 0.00132906
0.895 0.000124088 0.00134211
0.9 0.000123088 0.00134911
0.905 0.000123908 0.00132993
0.91 0.000126942 0.0013691
0.915 0.000110092 0.00131894
0.92 0.000123914 0.00127894
0.925 0.000122969 0.00139495
0.93 0.000124932 0.00132105
0.935 0.000101908 0.0011081
0.94 0.000118905 0.000946934
0.945 0.000119929 0.001004
0.95 0.000100023 0.000685888
0.955 9.4081e-05 0.000690906
0.96 9.40844e-05 0.000727909
0.965 9.59816e-05 0.000661899
0.97 0.000104087 0.000783898
0.975 0.000119907 0.000662029
0.98 9.51159e-05 0.000671987
0.985 9.31149e-05 0.000674893
0.99 9.4941e-05 0.00068705
0.995 9.29184e-05 0.000669935
1 9.29162e-05 0.000664933
1.005 9.19807e-05 0.000662997
1.01 9.19062e-05 0.000660115
1.015 9.30509e-05 0.000666114
1.02 9.2095e-05 0.000660065
1.025 9.20804e-05 0.000704051
1.03 9.39516e-05 0.000657015
1.035 0.000127092 0.00103801
1.04 0.000125936 0.00101805
1.045 0.000123997 0.00102307
1.05 0.000123941 0.00102096
1.055 0.000122951 0.00102197
1.06 0.000122902 0.00101812
1.065 0.00012409 0.00102311
1.07 0.000122979 0.00101896
1.075 0.000121968 0.00103194
1.08 0.000121997 0.00102097
1.085 0.000123067 0.00101609
1.09 0.000120898 0.00102802
1.095 0.000121884 0.00101905
1.1 0.000122054 0.00101298
1.105 9.39083e-05 0.000662018
1.11 9.20519e-05 0.000663022
1.115 9.40836e-05 0.000659908
1.12 9.30827e-05 0.000670099
1.125 9.19865e-05 0.000657003
1.13 9.20894e-05 0.00065906
1.135 9.30069e-05 0.000662024
1.14 9.40454e-05 0.000662108
1.145 9.51019e-05 0.000657973
1.15 9.40657e-05 0.00066289
1.155 9.69629e-05 0.000672927
1.16 9.6939e-05 0.000660903
1.165 9.8077e-05 0.000662087
1.17 9.69075e-05 0.000727109
1.175 9.9974e-05 0.000681077
1.18 9.69389e-05 0.000659903
1.185 9.70362e-05 0.000663
1.19 9.69821e-05 0.000663946
1.195 9.59188e-05 0.000665074
1.2 9.69569e-05 0.000661921
1.205 9.80417e-05 0.000667052
1.21 0.000122112 0.000975041
1.215 0.000132095 0.00105406
1.22 0.000228068 0.0014369
1.225 0.000134934 0.00100899
1.23 0.000121936 0.00102091
1.235 0.000128928 0.00102394
1.24 0.000223963 0.00102009
1.245 0.000126978 0.000866901
1.25 9.91037e-05 0.000668922
1.255 9.60798e-05 0.000658997
1.26 9.60054e-05 0.000659923
1.265 9.59148e-05 0.000768071
1.27 9.89079e-05 0.000671964
1.275 9.91053e-05 0.000658923
1.28 9.70691e-05 0.000670079
1.285 0.000104953 0.000691048
1.29 0.000109948 0.00103004
1.295 0.000134115 0.00105389
1.3 0.000111061 0.000688958
1.305 0.000103051 0.000699054
1.31 0.000107034 0.000683984
1.315 0.000111949 0.000694892
1.32 0.000106074 0.000660978
1.325 0.000106003 0.000660953
1.33 0.000100114 0.000665978
1.335 0.000102978 0.000680981
1.34 9.71081e-05 0.000658072
1.345 9.80472e-05 0.000656057
1.35 9.90777e-05 0.000664896
1.355 0.000101116 0.000666027
1.36 0.000103013 0.000666063
1.365 0.000103099 0.000662102
1.37 0.000102057 0.000662014
1.375 0.000125053 0.000871883
1.38 0.000102937 0.00065794
1.385 0.000100081 0.000663945
1.39 0.000101099 0.000666009
1.395 0.000100932 0.00067008
1.4 0.000100087 0.000658998
1.405 0.000100967 0.000662116
1.41 9.99644e-05 0.000662067
1.415 0.000100943 0.000660092
1.42 0.000101021 0.000658932
1.425 0.000112098 0.000658041
1.43 0.000113063 0.000658053
1.435 0.000119086 0.000660115
1.44 0.000114083 0.000670119
1.445 0.000114114 0.000657911
1.45 0.000112972 0.000658007
1.455 0.000114936 0.000713019
1.46 0.000117021 0.000681957
1.465 0.000118932 0.000839007
1.47 0.00016903 0.00100399
1.475 0.000151924 0.000973051
1.48 0.00015306 0.000960995
1.485 0.000157005 0.000957887
1.49 0.000156936 0.000970103
1.495 0.000156888 0.000958008
1.5 0.000156077 0.000955959
1.505 0.000160928 0.000967995
1.51 0.000161919 0.000967033
1.515 0.000161897 0.000970011
1.52 0.000161888 0.00103205
1.525 0.000160981 0.00101205
1.53 0.000164898 0.000963913
1.535 0.000163922 0.000969891
1.54 0.000163 0.000959921
1.545 0.000162044 0.000955919
1.55 0.00016206 0.000958935
1.555 0.00016205 0.00104993
1.56 0.000161933 0.000956047
1.565 0.00016203 0.000962906
1.57 0.000160975 0.000966089
1.575 0.00016398 0.000955948
1.58 0.000165024 0.000960038
1.585 0.000170922 0.000955976
1.59 0.000163059 0.00103698
1.595 0.000151002 0.000664083
1.6 0.000135038 0.000658093
1.605 0.000134048 0.000664057
1.61 0.000120912 0.000753034
1.615 0.000157884 0.00069705
1.62 0.000126044 0.00066392
1.625 0.000123961 0.000675984
1.63 0.000151918 0.000696092
1.635 0.00012894 0.000658955
1.64 0.000128996 0.000668012
1.645 0.000135946 0.000658048
1.65 0.000142986 0.000676981
1.655 0.000138955 0.000662957
1.66 0.000131991 0.000685907
1.665 0.000131007 0.000671115
1.67 0.000130911 0.000689019
1.675 0.000138077 0.000711033
1.68 0.000140006 0.0006571
1.685 0.000143002 0.000665951
1.69 0.000188891 0.000996063
1.695 0.000191937 0.00091601
1.7 0.000196013 0.000831079
1.705 0.000145929 0.000663017
1.71 0.000144097 0.000705093
1.715 0.000146026 0.000706114
1.72 0.000147087 0.000660983
1.725 0.000146107 0.000662957
1.73 0.000146905 0.000667085
1.735 0.00014692 0.000666055
1.74 0.00014789 0.00065607
1.745 0.000151111 0.00066
1.75 0.000155886 0.00066696
1.755 0.000155021 0.000738049
1.76 0.000211993 0.000662039
1.765 0.000155881 0.000669955
1.77 0.000157009 0.000778891
1.775 0.000180902 0.000697942
1.78 0.00024511 0.00102402
1.785 0.00023002 0.00101295
1.79 0.00022211 0.00102095
1.795 0.000307094 0.000987011
1.8 0.000222064 0.0010159
1.805 0.000219075 0.00102797
1.81 0.000223072 0.00101991
1.815 0.000220971 0.001017
1.82 0.000232028 0.00101705
1.825 0.000304052 0.000988068
1.83 0.000226929 0.00102495
1.835 0.000228019 0.00102409
1.84 0.000223949 0.00100507
1.845 0.000226933 0.00101601
1.85 0.000225084 0.00102402
1.855 0.000227045 0.000990117
1.86 0.000217997 0.00102108
1.865 0.000216896 0.00102193
1.87 0.000216933 0.00100602
1.875 0.000219044 0.00101194
1.88 0.000222949 0.000979027
1.885 0.000224964 0.0010099
1.89 0.000225969 0.00101895
1.895 0.000227966 0.00101204
1.9 0.000231096 0.00101007
1.905 0.000252986 0.00084707
1.91 0.000230881 0.0010559
1.915 0.000226937 0.00100296
1.92 0.000225948 0.00101993
1.925 0.000225011 0.00100794
1.93 0.000226022 0.001012
1.935 0.000222888 0.00102297
1.94 0.000219911 0.00105709
1.945 0.000217014 0.00101305
1.95 0.000221912 0.00100494
1.955 0.000214937 0.00101788
1.96 0.000215048 0.00102104
1.965 0.00021692 0.00101596
1.97 0.000222009 0.000971041
1.975 0.000213926 0.000986065
1.98 0.000211117 0.00101112
1.985 0.000207931 0.00102103
1.99 0.000205929 0.00101794
1.995 0.000204074 0.00102199
2 0.000202927 0.00107708
2.005 0.000201103 0.00102112
2.01 0.000194102 0.00102903
2.015 0.000193115 0.001019
2.02 0.000191094 0.00103488
2.025 0.0001911 0.00101789
2.03 0.000188973 0.00101691
2.035 0.000206938 0.000944991
2.04 0.000195104 0.00102808
2.045 0.000191918 0.00103104
2.05 0.000185955 0.00101003
2.055 0.0001781 0.001016
2.06 0.000177019 0.000992113
2.065 0.000260098 0.000993984
2.07 0.000178028 0.00101093
2.075 0.000170941 0.00101704
2.08 0.000169961 0.00101597
2.085 0.000169046 0.000965008
2.09 0.000169094 0.00101906
2.095 0.000166884 0.00101304
2.1 0.000168986 0.00102695
2.105 0.000171933 0.00103203
2.11 0.000172044 0.00101591
2.115 0.000171051 0.000944105
2.12 0.000170975 0.00100203
2.125 0.00016798 0.0010219
2.13 0.000165934 0.00103399
2.135 0.000165939 0.00101605
2.14 0.000168051 0.000984965
2.145 0.000165093 0.00101991
2.15 0.000131043 0.000660913
2.155 0.000157103 0.000691032
2.16 0.000128078 0.000673047
2.165 0.000123095 0.000664071
2.17 0.000123963 0.000698031
2.175 0.00015491 0.000726985
2.18 0.000154909 0.000949937
2.185 0.000121979 0.000666909
2.19 0.00012499 0.000672058
2.195 0.000119053 0.000666082
2.2 0.000120083 0.00065892
2.205 0.00011908 0.000656109
2.21 0.000118958 0.000666987
2.215 0.000122035 0.000666964
2.22 0.000120065 0.000660902
2.225 0.00012001 0.000659085
2.23 0.000117926 0.000678909
2.235 0.000118055 0.000659038
2.24 0.00011896 0.000669989
2.245 0.000118891 0.00098392
2.25 0.000151996 0.00110988
2.255 0.000119008 0.000940084
2.26 0.000153109 0.00100304
2.265 0.000119908 0.00066203
2.27 0.000117992 0.000657021
2.275 0.000117082 0.000757019
2.28 0.000151002 0.00102608
2.285 0.000117044 0.00066198
2.29 0.000113962 0.000673998
2.295 0.000139086 0.000658895
2.3 0.000114096 0.00066394
2.305 0.000117072 0.000661008
2.31 0.000115882 0.000664011
2.315 0.000112065 0.000663008
2.32 0.00011503 0.000662112
2.325 0.000113081 0.000660071
2.33 0.000118083 0.000672066
2.335 0.000114933 0.000659061
2.34 0.000110937 0.000677073
2.345 0.000111114 0.000676011
2.35 0.000111074 0.000662971
2.355 0.000109005 0.000656048
2.36 0.000110909 0.000690044
2.365 0.000156057 0.00101689
2.37 0.000144017 0.000940013
2.375 0.000110985 0.000658882
2.38 0.000107048 0.000670998
2.385 0.000109898 0.000773987
2.39 0.000126075 0.000682952
2.395 0.000109032 0.000661075
2.4 0.000108004 0.000661047
2.405 0.000106047 0.000664997
2.41 0.000104103 0.000655961
2.415 0.000106089 0.000655993
2.42 0.000107114 0.000660064
2.425 0.000107086 0.000685036
2.43 0.000109089 0.000673893
2.435 0.000105986 0.00066589
2.44 0.000136116 0.000985979
2.445 0.000136113 0.000845975
2.45 0.000106978 0.000680928
2.455 0.000103948 0.000667998
2.46 0.000102065 0.000659068
2.465 0.000105004 0.0006601
2.47 0.000103989 0.000674039
2.475 0.000124013 0.000964082
2.48 0.000126958 0.00104288
2.485 0.00011996 0.000895036
2.49 0.00010007 0.000658934
2.495 0.000100975 0.000656932
2.5 0.000105914 0.000804056
2.505 0.000107993 0.000728035
2.51 9.90195e-05 0.000658076
2.515 0.000100072 0.000658936
2.52 0.000116944 0.000977119
2.525 0.000139048 0.00103505
2.53 0.000123963 0.00102199
2.535 0.000120092 0.00102393
2.54 0.000121097 0.000759981
2.545 0.000132932 0.00105494
2.55 0.000126093 0.00102597
2.555 0.000115898 0.00102603
2.56 0.000113927 0.00108996
2.565 0.000120062 0.0010219
2.57 0.000116019 0.00109691
2.575 0.000120921 0.00102604
2.58 0.000115011 0.00102309
2.585 0.000109961 0.00103005
2.59 0.000110019 0.00106611
2.595 0.000112925 0.00111196
2.6 0.000108947 0.000990989
2.605 0.000114071 0.00102411
2.61 0.000110042 0.00102089
2.615 0.000107112 0.00107706
2.62 0.000104881 0.00107298
2.625 0.000105998 0.0010209
2.63 0.000104984 0.00112989
2.635 0.000104018 0.00102907
2.64 0.000369903 0.00106012
2.645 0.000158983 0.001023
2.65 0.000103933 0.00107098
2.655 0.000101897 0.00108509
2.66 0.000103039 0.000984088
2.665 0.000108092 0.0010209
2.67 0.000102935 0.00108594
2.675 0.00010095 0.000937099
2.68 0.000100116 0.00102998
2.685 0.000101074 0.00101303
2.69 9.80729e-05 0.00102208
2.695 9.6097e-05 0.00102301
2.7 9.39697e-05 0.00101903
2.705 9.40481e-05 0.00102011
2.71 9.69468e-05 0.00101491
2.715 9.08906e-05 0.00101505
2.72 8.89542e-05 0.00102702
2.725 8.69307e-05 0.00105991
2.73 8.61061e-05 0.00101504
2.735 8.29716e-05 0.000961002
2.74 7.6937e-05 0.00101693
2.745 7.60617e-05 0.00101701
2.75 7.49591e-05 0.0010161
2.755 6.80727e-05 0.000660885
2.76 6.68851e-05 0.00086589
2.765 6.69153e-05 0.00066092
2.77 6.60477e-05 0.000661006
2.775 6.20873e-05 0.000658098
2.78 6.19158e-05 0.000657927
2.785 7.40358e-05 0.000687888
2.79 7.79218e-05 0.000959959
2.795 7.39495e-05 0.00097704
2.8 7.51094e-05 0.000965007
2.805 6.89066e-05 0.000657004
2.81 6.80798e-05 0.000657892
2.815 6.70201e-05 0.000657024
2.82 6.60463e-05 0.000674051
2.825 6.79872e-05 0.000659038
2.83 7.11004e-05 0.000662052
2.835 6.71062e-05 0.000658111
2.84 7.70713e-05 0.000668108
2.845 7.30623e-05 0.000657914
2.85 6.99223e-05 0.000659066
2.855 6.70454e-05 0.00074805
2.86 7.5981e-05 0.000725925
2.865 6.80463e-05 0.000659097
2.87 6.49785e-05 0.00065889
2.875 6.29108e-05 0.000669015
2.88 6.60025e-05 0.000714961
2.885 7.40441e-05 0.000693896
2.89 6.59005e-05 0.000656097
2.895 6.40169e-05 0.000655882
2.9 6.29548e-05 0.000654059
2.905 6.40261e-05 0.000659892
2.91 6.51042e-05 0.000662016
2.915 6.49167e-05 0.000712067
2.92 7.60554e-05 0.000994
2.925 7.48998e-05 0.000959036
2.93 7.59015e-05 0.00102389
2.935 7.30973e-05 0.000665949
2.94 6.49517e-05 0.000659102
2.945 6.30377e-05 0.000656095
2.95 6.2899e-05 0.000667956
2.955 6.3098e-05 0.000655917
2.96 6.30056e-05 0.000656063
2.965 6.39674e-05 0.000658071
2.97 0.000121086 0.00066197
2.975 6.39599e-05 0.000660064
2.98 6.20268e-05 0.000660038
2.985 6.19275e-05 0.00102094
2.99 8.80263e-05 0.00100805
2.995 6.69588e-05 0.000658963
3 6.51184e-05 0.000657076
3.005 6.38937e-05 0.000664998
3.01 6.40182e-05 0.000667884
3.015 0.000158016 0.00101094
3.02 7.79185e-05 0.000987956
3.025 7.40525e-05 0.000956904
3.03 7.0932e-05 0.00095893
3.035 7.18917e-05 0.000968889
3.04 7.19713e-05 0.000956969
3.045 7.09256e-05 0.000954115
3.05 7.10662e-05 0.00104302
3.055 7.10587e-05 0.00095501
3.06 6.99734e-05 0.000954117
3.065 7.19412e-05 0.000749939
3.07 6.41095e-05 0.000662975
3.075 6.29368e-05 0.000665994
3.08 6.28838e-05 0.000686988
3.085 6.59416e-05 0.0007169
3.09 6.9066e-05 0.000656925
3.095 6.70045e-05 0.000659009
3.1 7.59795e-05 0.00101392
3.105 7.59992e-05 0.00101394
3.11 7.5986e-05 0.00101593
3.115 7.69051e-05 0.0010039
3.12 7.60898e-05 0.00101408
3.125 7.70156e-05 0.00100301
3.13 7.59482e-05 0.00101594
3.135 7.60062e-05 0.00101695
3.14 7.69907e-05 0.00101498
3.145 8.20679e-05 0.00102205
3.15 7.6032e-05 0.00101398
3.155 7.69919e-05 0.00101203
3.16 7.71177e-05 0.00101611
3.165 7.6012e-05 0.001017
3.17 7.70984e-05 0.00103409
3.175 7.89459e-05 0.000968029
3.18 7.80391e-05 0.00101888
3.185 7.59441e-05 0.000923889
3.19 7.59403e-05 0.00101193
3.195 7.61057e-05 0.0010191
3.2 7.70779e-05 0.00100207
3.205 7.69449e-05 0.00101494
3.21 7.59251e-05 0.00101211
3.215 9.09029e-05 0.00101207
3.22 7.70986e-05 0.000974089
3.225 7.60448e-05 0.00101304
3.23 7.69368e-05 0.00101793
3.235 7.7093e-05 0.00101589
3.24 7.70572e-05 0.00102009
3.245 7.8009e-05 0.00101605
3.25 8.09163e-05 0.000942093
3.255 8.09521e-05 0.00102589
3.26 8.00767e-05 0.00101801
3.265 8.09482e-05 0.00101289
3.27 7.99452e-05 0.00102507
3.275 8.00946e-05 0.00101699
3.28 7.90125e-05 0.0010159
3.285 7.99834e-05 0.00101611
3.29 8.10798e-05 0.00101702
3.295 8.10043e-05 0.00102394
3.3 7.99221e-05 0.000991052
3.305 7.9987e-05 0.00101312
3.31 8.09444e-05 0.00102188
3.315 7.99549e-05 0.00101608
3.32 7.2113e-05 0.000659919
3.325 8.00386e-05 0.00100093
3.33 8.31158e-05 0.000996908
3.335 7.69353e-05 0.00105993
3.34 7.39797e-05 0.000956116
3.345 7.30661e-05 0.00095511
3.35 7.30271e-05 0.000962071
3.355 7.29677e-05 0.000956058
3.36 7.29503e-05 0.000955041
3.365 7.39724e-05 0.000961063
3.37 7.39502e-05 0.00103404
3.375 7.40205e-05 0.000954111
3.38 7.40291e-05 0.00102188
3.385 7.39086e-05 0.000955999
3.39 7.59906e-05 0.000958981
3.395 8.50202e-05 0.00100595
3.4 8.39788e-05 0.00104506
3.405 7.19904e-05 0.000666988
3.41 7.19543e-05 0.000749952
3.415 6.7891e-05 0.000660942
3.42 6.7951e-05 0.000751002
3.425 8.00336e-05 0.000974971
3.43 0.000100093 0.000927957
3.435 7.01024e-05 0.000709007
3.44 6.80415e-05 0.000687092
3.445 6.79547e-05 0.000663005
3.45 6.80147e-05 0.000658065
3.455 6.80749e-05 0.000657887
3.46 6.68829e-05 0.000660887
3.465 6.80425e-05 0.000656093
3.47 6.79241e-05 0.000657975
3.475 7.49447e-05 0.000674081
3.48 7.3077e-05 0.000699883
3.485 6.79099e-05 0.000735007
3.49 6.90215e-05 0.000658926
3.495 7.80668e-05 0.000963104
3.5 8.0029e-05 0.00068692
3.505 6.88959e-05 0.000761993
3.51 6.89918e-05 0.000661089
3.515 6.90384e-05 0.000732897
3.52 7.20022e-05 0.000797
3.525 7.11106e-05 0.000680062
3.53 6.90769e-05 0.000670982
3.535 6.90962e-05 0.000656001
3.54 6.81168e-05 0.000664929
3.545 7.30978e-05 0.00065995
3.55 6.99374e-05 0.000658081
3.555 6.9097e-05 0.000658956
3.56 6.91108e-05 0.000660969
3.565 6.7998e-05 0.000666049
3.57 6.89055e-05 0.000657003
3.575 8.08921e-05 0.00101511
3.58 7.40044e-05 0.000692095
3.585 7.21029e-05 0.0006761
3.59 7.70687e-05 0.00065906
3.595 7.30226e-05 0.000678067
3.6 7.30419e-05 0.000660086
3.605 7.29031e-05 0.000730947
3.61 8.69528e-05 0.00074293
3.615 7.40421e-05 0.000667894
3.62 7.28897e-05 0.000675934
3.625 7.28831e-05 0.000662927
3.63 7.40822e-05 0.000690934
3.635 7.48892e-05 0.000669026
3.64 7.60395e-05 0.000668984
3.645 7.48871e-05 0.000662024
3.65 7.50263e-05 0.000658924
3.655 7.70197e-05 0.000677011
3.66 7.7039e-05 0.00074603
3.665 9.88819e-05 0.00101994
3.67 9.89139e-05 0.00103897
3.675 9.79707e-05 0.00102198
3.68 0.000100063 0.00101493
3.685 9.90819e-05 0.0010259
3.69 9.90377e-05 0.00101709
3.695 0.000140067 0.00102712
3.7 0.000102904 0.00102491
3.705 9.69265e-05 0.00102789
3.71 8.49945e-05 0.000671925
3.715 8.09472e-05 0.000664885
3.72 8.30635e-05 0.00102909
3.725 8.30041e-05 0.000661034
3.73 8.29879e-05 0.000660018
3.735 8.00672e-05 0.000659959
3.74 7.99217e-05 0.000662051
3.745 8.01004e-05 0.000664038
3.75 8.09523e-05 0.00066989
3.755 8.20823e-05 0.000659066
3.76 8.10294e-05 0.000662967
3.765 7.99234e-05 0.000770053
3.77 0.000100997 0.000991908
3.775 0.000102916 0.00078892
3.78 8.80021e-05 0.000670026
3.785 8.50542e-05 0.000658939
3.79 8.38951e-05 0.000666972
3.795 8.61177e-05 0.000657049
3.8 8.41042e-05 0.000671942
3.805 8.79427e-05 0.000656966
3.81 8.49689e-05 0.000662092
3.815 9.5995e-05 0.000660912
3.82 8.89737e-05 0.000663043
3.825 9.00788e-05 0.000677957
3.83 8.99581e-05 0.000658074
3.835 9.00836e-05 0.000662961
3.84 9.00961e-05 0.00097402
3.845 0.000115016 0.000694907
3.85 9.30334e-05 0.00066105
3.855 9.19929e-05 0.00065901
3.86 9.00653e-05 0.000687989
3.865 9.48809e-05 0.00065899
3.87 9.79318e-05 0.000999942
3.875 0.000121978 0.00133895
3.88 0.00012204 0.00128797
3.885 0.000122003 0.00131593
3.89 0.000123102 0.00128608
3.895 0.000121069 0.001317
3.9 0.000122951 0.00128893
3.905 0.000132076 0.00131899
3.91 0.000125082 0.00129191
3.915 0.000120996 0.00132112
3.92 0.000120048 0.00130888
3.925 0.000130962 0.00131507
3.93 0.000132973 0.00130694
3.935 0.000118938 0.00124997
3.94 0.000110918 0.000720053
3.945 0.00011593 0.000686105
3.95 0.000113026 0.000661016
3.955 0.000112983 0.000663973
3.96 0.000113008 0.000661998
3.965 0.000111934 0.000666115
3.97 0.000110899 0.000660034
3.975 0.000113102 0.000662092
3.98 0.000117014 0.000743951
3.985 0.000150942 0.00100402
3.99 0.0001189 0.000666929
3.995 0.000121041 0.000666925
4 0.000118959 0.000674988
4.005 0.000118082 0.000660065
4.01 0.000120109 0.000663946
4.015 0.000118093 0.000658076
4.02 0.00012109 0.000659973
4.025 0.000119889 0.00065901
4.03 0.000121072 0.000662955
4.035 0.000121929 0.000683097
4.04 0.000122939 0.000657915
4.045 0.000138882 0.000670884
4.05 0.000123077 0.000662053
4.055 0.000121922 0.00066209
4.06 0.000125046 0.000658114
4.065 0.000123983 0.000665006
4.07 0.000135026 0.000658081
4.075 0.000124997 0.000817066
4.08 0.000133022 0.000658984
4.085 0.000126117 0.00068604
4.09 0.000132027 0.000725943
4.095 0.000125961 0.000664076
4.1 0.000128078 0.000682047
4.105 0.000165067 0.000795889
4.11 0.000136078 0.000660941
4.115 0.000133889 0.000660898
4.12 0.000139003 0.000668005
4.125 0.000134986 0.000665041
4.13 0.00013493 0.000660985
4.135 0.000137005 0.000669915
4.14 0.000169942 0.00068795
4.145 0.000147895 0.000666076
4.15 0.000140064 0.000660112
4.155 0.00014406 0.000670055
4.16 0.000141923 0.000656064
4.165 0.000147973 0.000959915
4.17 0.00014404 0.000667035
4.175 0.000140088 0.000665898
4.18 0.000142886 0.000658073
4.185 0.000143068 0.000665017
4.19 0.000143097 0.000662046
4.195 0.000143882 0.000659116
4.2 0.00014611 0.00077196
4.205 0.000147901 0.000660081
4.21 0.000154056 0.000665037
4.215 0.000150118 0.000721914
4.22 0.000155082 0.00065911
4.225 0.000148945 0.00066798
4.23 0.000148954 0.000659943
4.235 0.00014907 0.000658058
4.24 0.000147907 0.000658087
4.245 0.000171941 0.000683041
4.25 0.000193011 0.000894892
4.255 0.000153064 0.000674999
4.26 0.000149931 0.000666966
4.265 0.000148887 0.000658922
4.27 0.00015698 0.0006591
4.275 0.000150035 0.000660116
4.28 0.000151991 0.000677118
4.285 0.000149913 0.000671948
4.29 0.000188007 0.000853941
4.295 0.000209986 0.00100594
4.3 0.000155045 0.000676073
4.305 0.00014902 0.000671008
4.31 0.000149001 0.00066599
4.315 0.000150925 0.000658052
4.32 0.000150894 0.000668021
4.325 0.000153989 0.00066797
4.33 0.00015609 0.000661926
4.335 0.000154046 0.000665028
4.34 0.000153016 0.000667951
4.345 0.000158904 0.000660117
4.35 0.000174045 0.000656999
4.355 0.000174934 0.000656935
4.36 0.000175048 0.000684049
4.365 0.000174989 0.000841036
4.37 0.000185885 0.000667919
4.375 0.000182038 0.000878886
4.38 0.000175951 0.000702044
4.385 0.000174063 0.000687017
4.39 0.00017202 0.000665882
4.395 0.000175008 0.000657008
4.4 0.000175036 0.000659037
4.405 0.000173004 0.000659959
4.41 0.000188025 0.000672913
4.415 0.000263052 0.00101408
4.42 0.000175992 0.00066604
4.425 0.000231914 0.000668933
4.43 0.000176986 0.00077808
4.435 0.000178931 0.000666925
4.44 0.000271031 0.000687949
4.445 0.000174975 0.000672976
4.45 0.000427 0.00108799
4.455 0.000199111 0.000784031
4.46 0.000174892 0.000691939
4.465 0.000174058 0.000663012
4.47 0.000171013 0.000657113
4.475 0.000172094 0.000660956
4.48 0.000170937 0.000661991
4.485 0.000178011 0.000658912
4.49 0.000173086 0.000661994
4.495 0.000171067 0.000662883
4.5 0.000172956 0.000669103
4.505 0.000174971 0.00106097
4.51 0.000246069 0.000771021
4.515 0.000178951 0.000666899
4.52 0.000221918 0.00129895
4.525 0.000261082 0.000948014
4.53 0.000181044 0.000693084
4.535 0.000219111 0.000846005
4.54 0.000184924 0.000661911
4.545 0.000179918 0.000656912
4.55 0.000178019 0.00065792
4.555 0.00017598 0.000661074
4.56 0.000176902 0.000663042
4.565 0.000175963 0.00066201
4.57 0.000178031 0.000661978
4.575 0.000180038 0.000659032
4.58 0.000181887 0.00072902
4.585 0.000181932 0.000667018
4.59 0.000181933 0.000662019
4.595 0.00018198 0.000666067
4.6 0.000188067 0.000659954
4.605 0.000182068 0.000662916
4.61 0.000178923 0.000737917
4.615 0.000183099 0.00109699
4.62 0.000235965 0.00111493
4.625 0.000231881 0.00103495
4.63 0.000232051 0.00102207
4.635 0.000234917 0.00102307
4.64 0.000238069 0.00102193
4.645 0.000232013 0.00102403
4.65 0.000229065 0.00110494
4.655 0.000209107 0.00101601
4.66 0.000207067 0.00101293
4.665 0.000217114 0.000804914
4.67 0.000174102 0.000669056
4.675 0.00017905 0.000662997
4.68 0.000169958 0.000660966
4.685 0.000174926 0.000725927
4.69 0.000172019 0.000669881
4.695 0.000171928 0.000661028
4.7 0.000176982 0.000664075
4.705 0.00016995 0.000661958
4.71 0.000181011 0.000673051
4.715 0.000167945 0.000664098
4.72 0.000167119 0.000655988
4.725 0.000163114 0.000662036
4.73 0.000162103 0.000733978
4.735 0.000163904 0.00066011
4.74 0.000163038 0.00066496
4.745 0.00016608 0.000660902
4.75 0.000166101 0.00065497
4.755 0.000163097 0.000681018
4.76 0.000212957 0.00103405
4.765 0.000181108 0.000658909
4.77 0.00017893 0.000716116
4.775 0.000237076 0.000999088
4.78 0.000242921 0.000804973
4.785 0.000180982 0.000666022
4.79 0.000166983 0.00066109
4.795 0.000166097 0.000656919
4.8 0.000165907 0.000662968
4.805 0.000167034 0.000662903
4.81 0.000168003 0.000728964
4.815 0.000166028 0.000668897
4.82 0.000166003 0.000671064
4.825 0.000201051 0.000750064
4.83 0.000168002 0.000667917
4.835 0.000166983 0.00066209
4.84 0.000165886 0.000683947
4.845 0.000171112 0.000670927
4.85 0.000166067 0.000665935
4.855 0.000167895 0.000662048
4.86 0.000226029 0.00154401
4.865 0.000227022 0.00101605
4.87 0.000228026 0.0010131
4.875 0.000223931 0.00101506
4.88 0.000225042 0.00102702
4.885 0.000225973 0.00100395
4.89 0.000225036 0.00100002
4.895 0.000225993 0.000996972
4.9 0.000224056 0.000997989
4.905 0.000226994 0.000998066
4.91 0.000226933 0.000983958
4.915 0.000228102 0.00102494
4.92 0.000225961 0.000986986
4.925 0.000222089 0.00101493
4.93 0.000227953 0.000981025
4.935 0.000230011 0.000956937
4.94 0.000229902 0.000984067
4.945 0.000229906 0.00100607
4.95 0.000226974 0.001023
4.955 0.000220044 0.000969984
4.96 0.000225016 0.00100795
4.965 0.000224974 0.000976953
4.97 0.000217892 0.000986977
4.975 0.000218015 0.0010231
4.98 0.000166924 0.000665031
4.985 0.000216992 0.000753032
4.99 0.000164956 0.00065997
4.995 0.000175956 0.000709003
5 0.000174039 0.000666993
5.005 0.000209919 0.00123211
5.01 0.000227943 0.00102601
5.015 0.000213956 0.00101909
5.02 0.000209962 0.00103492
5.025 0.000211006 0.00107501
5.03 0.000209903 0.0010761
5.035 0.000212922 0.00102306
5.04 0.000215915 0.00101991
5.045 0.000206966 0.000725018
5.05 0.00016799 0.000783905
5.055 0.000169948 0.000659002
5.06 0.000164967 0.000658982
5.065 0.000163995 0.000661963
5.07 0.000163017 0.000659985
5.075 0.000190997 0.000676024
5.08 0.000224054 0.00103994
5.085 0.000212006 0.00102405
5.09 0.000228097 0.00101693
5.095 0.000216029 0.00101702
5.1 0.000210982 0.00103098
5.105 0.000212014 0.000734059
5.11 0.000167064 0.000666933
5.115 0.0001709 0.000971954
5.12 0.000231077 0.00100205
5.125 0.000209055 0.00100296
5.13 0.000221103 0.00107209
5.135 0.000217994 0.000998887
5.14 0.000210994 0.00099904
5.145 0.000211907 0.000995953
5.15 0.000210011 0.000992964
5.155 0.000201944 0.001003
5.16 0.000210919 0.00102092
5.165 0.000200912 0.000959925
5.17 0.000200979 0.000955992
5.175 0.000198994 0.000958914
5.18 0.000200902 0.00101892
5.185 0.000205029 0.000960989
5.19 0.000203064 0.000963931
5.195 0.0002041 0.000961014
5.2 0.000203055 0.000959922
5.205 0.000201943 0.000970003
5.21 0.000162051 0.000667926
5.215 0.00016501 0.000662024
5.22 0.000166095 0.000676917
5.225 0.000178943 0.000660891
5.23 0.000168106 0.000670021
5.235 0.000167045 0.000689914
5.24 0.000228109 0.00139694
5.245 0.000161062 0.000935937
5.25 0.000169113 0.000710074
5.255 0.000175936 0.000684984
5.26 0.000199014 0.000957935
5.265 0.000226954 0.00104498
5.27 0.00021802 0.00102011
5.275 0.000209977 0.00099793
5.28 0.000210094 0.00104609
5.285 0.00020911 0.00108706
5.29 0.00020296 0.000961065
5.295 0.000192946 0.00100607
5.3 0.000192899 0.000962018
5.305 0.000193978 0.000962905
5.31 0.000192031 0.00102791
5.315 0.000191959 0.000957032
5.32 0.000191952 0.000968025
5.325 0.000189071 0.00102105
5.33 0.000189904 0.00103388
5.335 0.000189104 0.000961039
5.34 0.000187886 0.00101701
5.345 0.000187064 0.000967905
5.35 0.000184905 0.000957938
5.355 0.000185004 0.000974991
5.36 0.000188116 0.001022
5.365 0.000185088 0.000958075
5.37 0.000241035 0.000962993
5.375 0.000176881 0.00101897
5.38 0.000178012 0.00102691
5.385 0.000181933 0.000862066
5.39 0.000159088 0.000667063
5.395 0.000143924 0.000655919
5.4 0.000141894 0.000664035
5.405 0.000142898 0.000666085
5.41 0.000142059 0.000658962
5.415 0.000140916 0.00067801
5.42 0.000140971 0.000664065
5.425 0.000142092 0.000658994
5.43 0.000141936 0.000659077
5.435 0.000139904 0.000657952
5.44 0.000146049 0.000737899
5.445 0.000133884 0.000655939
5.45 0.000127987 0.000717956
5.455 0.000121075 0.000667958
5.46 0.000119967 0.000689042
5.465 0.000118929 0.000674958
5.47 0.000118004 0.000671033
5.475 0.000116935 0.000657918
5.48 0.000116893 0.000715068
5.485 0.000121087 0.000666017
5.49 0.000119919 0.000659041
5.495 0.00012691 0.000899071
5.5 0.000119987 0.000662063
5.505 0.000115965 0.000669093
5.51 0.000114949 0.000696031
5.515 0.000147109 0.000999051
5.52 0.000147018 0.000763913
5.525 0.000114911 0.000664993
5.53 0.000112902 0.000655938
5.535 0.000111106 0.000665003
5.54 0.000106057 0.000665961
5.545 0.000106022 0.000657926
5.55 0.000105908 0.00065905
5.555 0.000106079 0.000661983
5.56 0.000104998 0.000658093
5.565 0.000108029 0.000810026
5.57 0.000132881 0.00112808
5.575 0.000127974 0.000676943
5.58 0.000103997 0.000660047
5.585 0.000105022 0.000666118
5.59 0.000134081 0.00099609
5.595 0.00013405 0.000894059
5.6 0.000131092 0.00111801
5.605 0.000138991 0.00103899
5.61 0.000129987 0.0010311
5.615 0.00012802 0.00101899
5.62 0.000131089 0.00102196
5.625 0.000127026 0.00102
5.63 0.000128049 0.00102902
5.635 0.000126972 0.0010219
5.64 0.000125961 0.00100608
5.645 0.000109926 0.000834015
5.65 0.000128961 0.00109198
5.655 0.000123907 0.00108693
5.66 0.000127008 0.00102593
5.665 0.00011609 0.00102203
5.67 0.000118027 0.000956009
5.675 0.000113041 0.00072803
5.68 9.59967e-05 0.000666914
5.685 9.20024e-05 0.000660973
5.69 9.21189e-05 0.000725089
5.695 9.20963e-05 0.000668113
5.7 9.19631e-05 0.00065698
5.705 9.29959e-05 0.000680013
5.71 9.3074e-05 0.000719091
5.715 9.01157e-05 0.00071404
5.72 0.000111074 0.000942971
5.725 0.000110047 0.0010179
5.73 0.000107097 0.000960094
5.735 0.000106898 0.000967086
5.74 0.000169048 0.00097201
5.745 9.59311e-05 0.000674087
5.75 9.49166e-05 0.000666026
5.755 9.2112e-05 0.00072489
5.76 9.19154e-05 0.000655886
5.765 9.09459e-05 0.000797108
5.77 0.000101921 0.000664116
5.775 0.000153019 0.000668955
5.78 9.0914e-05 0.000711077
5.785 9.11015e-05 0.000658026
5.79 9.09795e-05 0.000675904
5.795 9.20643e-05 0.000656035
5.8 9.30047e-05 0.000663021
5.805 8.99548e-05 0.000657071
5.81 9.10712e-05 0.000799995
5.815 9.28926e-05 0.000930909
5.82 0.000115893 0.00100102
5.825 0.000113917 0.00101
5.83 0.000107894 0.00100494
5.835 0.000118057 0.00103104
5.84 0.000116105 0.001013
5.845 0.000116902 0.00101188
5.85 0.000119098 0.000777888
5.855 9.30035e-05 0.00066402
5.86 9.20532e-05 0.000660024
5.865 9.2025e-05 0.000659995
5.87 9.79402e-05 0.000665996
5.875 9.89435e-05 0.00066
5.88 9.69006e-05 0.000661103
5.885 9.50249e-05 0.000657896
5.89 9.71031e-05 0.000672113
5.895 0.000101085 0.000848995
5.9 0.000101893 0.000658088
5.905 0.000121112 0.00111104
5.91 0.000100077 0.000657941
5.915 9.89824e-05 0.000692039
5.92 0.00010703 0.00069298
5.925 0.000108902 0.000660991
5.93 0.000108916 0.000663959
5.935 0.000109937 0.000661026
5.94 0.000102975 0.000737978
5.945 0.000106002 0.000657905
5.95 0.000104894 0.00065799
5.955 0.00010311 0.000668113
5.96 0.000103881 0.00066393
5.965 0.00010511 0.000657968
5.97 0.000103943 0.000659039
5.975 0.000104014 0.000669064
5.98 0.000104978 0.000665074
5.985 0.000105041 0.000824945
5.99 0.0001089 0.000660943
5.995 0.000109911 0.000665
6 0.000110068 0.000657965
6.005 0.000124031 0.0006951
6.01 0.000142894 0.00100508
6.015 0.000147957 0.0010389
6.02 0.000114939 0.000662022
6.025 0.000115069 0.000670913
6.03 0.000154912 0.00098894
6.035 0.000139988 0.000956036
6.04 0.000136913 0.000972061
6.045 0.000136952 0.000991907
6.05 0.000136981 0.000954891
6.055 0.000138913 0.000962915
6.06 0.000139095 0.0016349
6.065 0.000139918 0.000961966
6.07 0.000137912 0.000961106
6.075 0.000135921 0.000956023
6.08 0.000153064 0.000955999
6.085 0.000141078 0.000958981
6.09 0.000154101 0.000984891
6.095 0.000152964 0.000955945
6.1 0.000142968 0.000963964
6.105 0.000141033 0.00101689
6.11 0.000153915 0.000972943
6.115 0.000153959 0.000956941
6.12 0.000155896 0.00096397
6.125 0.000155093 0.000959883
6.13 0.000156098 0.000976934
6.135 0.000157088 0.00096397
6.14 0.000155994 0.000955068
6.145 0.000157959 0.000960888
6.15 0.000157911 0.000960078
6.155 0.000172885 0.000999078
6.16 0.000246051 0.000720003
6.165 0.000128916 0.000687932
6.17 0.000131952 0.000659107
6.175 0.000170061 0.00107407
6.18 0.00014406 0.000673101
6.185 0.000131009 0.000658117
6.19 0.000130933 0.000669041
6.195 0.000131075 0.000676945
6.2 0.000131998 0.000659915
6.205 0.000137961 0.000659963
6.21 0.000142031 0.000881934
6.215 0.00013398 0.000657989
6.22 0.000129904 0.000658012
6.225 0.000137901 0.000664095
6.23 0.000130008 0.00065807
6.235 0.000137961 0.000687917
6.24 0.000175883 0.00100393
6.245 0.00017489 0.00078589
6.25 0.000131106 0.000665976
6.255 0.000169961 0.00109097
6.26 0.000165954 0.00101201
6.265 0.000166113 0.00102194
6.27 0.000169033 0.00102099
6.275 0.00016294 0.0010241
6.28 0.00016204 0.00102792
6.285 0.000129965 0.000886073
6.29 0.000133941 0.000655996
6.295 0.000128924 0.000695939
6.3 0.000129946 0.000689054
6.305 0.000130034 0.000658096
6.31 0.000132106 0.000660069
6.315 0.000133117 0.000656079
6.32 0.000133001 0.00067501
6.325 0.000132952 0.000659914
6.33 0.000133113 0.000657076
6.335 0.000135031 0.000671086
6.34 0.000132981 0.00071599
6.345 0.000133102 0.00072311
6.35 0.000136049 0.000697913
6.355 0.00013101 0.000663118
6.36 0.000130974 0.000660082
6.365 0.000129951 0.000663013
6.37 0.000128961 0.000659977
6.375 0.000163937 0.000704905
6.38 0.000178981 0.000708929
6.385 0.000134073 0.000708082
6.39 0.000130022 0.000661084
6.395 0.0001219 0.000663068
6.4 0.000122109 0.000667039
6.405 0.000144934 0.000665975
6.41 0.000129977 0.000660039
6.415 0.000129093 0.000664109
6.42 0.000129018 0.000659033
6.425 0.000128975 0.000666036
6.43 0.000129903 0.000688965
6.435 0.000121979 0.000661909
6.44 0.000129963 0.000662071
6.445 0.00013094 0.000671049
6.45 0.000131004 0.00066592
6.455 0.000131118 0.000656988
6.46 0.000131949 0.000660104
6.465 0.000122059 0.000683035
6.47 0.000122016 0.000659946
6.475 0.000120014 0.000662089
6.48 0.00013693 0.000655886
6.485 0.000120093 0.00066193
6.49 0.000119091 0.000664928
6.495 0.000119929 0.000677005
6.5 0.000120041 0.000668116
6.505 0.000119977 0.000680053
6.51 0.000119087 0.000662116
6.515 0.000117893 0.000666922
6.52 0.000120076 0.000657913
6.525 0.000119074 0.000697103
6.53 0.000118074 0.000659057
6.535 0.000117072 0.000660055
6.54 0.000120885 0.000734007
6.545 0.000123065 0.000663088
6.55 0.000122115 0.00111109
6.555 0.00012005 0.000729887
6.56 0.000158022 0.000974951
6.565 0.000121902 0.00068307
6.57 0.000122089 0.000663019
6.575 0.000124034 0.000657103
6.58 0.000122897 0.000666112
6.585 0.000122067 0.000699996
6.59 0.000123925 0.000664947
6.595 0.000121909 0.000667077
6.6 0.000121039 0.000666923
6.605 0.000120101 0.000658938
6.61 0.00011996 0.000660036
6.615 0.000127977 0.000659946
6.62 0.000116047 0.000670984
6.625 0.000114992 0.000671882
6.63 0.000114987 0.000658116
6.635 0.000113892 0.000658928
6.64 0.000117089 0.000673025
6.645 0.0001209 0.000694022
6.65 0.000129108 0.000667885
6.655 0.000117938 0.000663921
6.66 0.000119969 0.000704091
6.665 0.000120045 0.000657928
6.67 0.000119904 0.000680979
6.675 0.00012096 0.000667082
6.68 0.00011991 0.000772032
6.685 0.000164062 0.000990076
6.69 0.00016201 0.000786886
6.695 0.000123102 0.000663078
6.7 0.000121086 0.000658969
6.705 0.00012099 0.000675919
6.71 0.000121086 0.000657969
6.715 0.000120977 0.000659907
6.72 0.000155934 0.00108305
6.725 0.000163106 0.000782028
6.73 0.000136944 0.000665092
6.735 0.000137093 0.000752003
6.74 0.000138027 0.000671983
6.745 0.000127911 0.000729119
6.75 0.000139932 0.000657981
6.755 0.000139113 0.000664115
6.76 0.000141911 0.000666052
6.765 0.000142119 0.000659067
6.77 0.000163055 0.00102198
6.775 0.000191924 0.000949997
6.78 0.000176966 0.000968059
6.785 0.00013201 0.000706926
6.79 0.000130906 0.000658015
6.795 0.000128923 0.000660939
6.8 0.000143933 0.000662975
6.805 0.000143028 0.000662023
6.81 0.000145004 0.000690046
6.815 0.000145907 0.000662995
6.82 0.000146036 0.000685885
6.825 0.000142939 0.000661888
6.83 0.000153987 0.000697969
6.835 0.000142916 0.000659103
6.84 0.000142959 0.000658908
6.845 0.000140094 0.000663904
6.85 0.000139005 0.000663053
6.855 0.0001471 0.000656996
6.86 0.000140911 0.000667006
6.865 0.000159948 0.000663969
6.87 0.000174082 0.00106408
6.875 0.000157043 0.000680925
6.88 0.000124984 0.000665053
6.885 0.000124061 0.000658083
6.89 0.000123098 0.000659074
6.895 0.000128082 0.000657052
6.9 0.00012502 0.000689089
6.905 0.000123048 0.000660024
6.91 0.000122947 0.000656923
6.915 0.000120077 0.000687914
6.92 0.000155097 0.000753886
6.925 0.000122064 0.000668993
6.93 0.000150954 0.000762035
6.935 0.000127079 0.000849002
6.94 0.000116905 0.00067708
6.945 0.000112922 0.000754911
6.95 0.000116069 0.000818959
6.955 0.000136054 0.00100892
6.96 0.000125103 0.00109293
6.965 0.000112999 0.000659989
6.97 0.000113064 0.000668054
6.975 0.000110101 0.000655998
6.98 0.000119945 0.000660021
