0 0.013272 0.00151635 0.744755
0.005 0.013272 0.00151635 0.744754
0.01 0.013272 0.00151635 0.744752
0.015 0.013272 0.00151635 0.744747
0.02 0.013272 0.00151635 0.744741
0.025 0.013272 0.00151635 0.744732
0.03 0.013272 0.00151635 0.744721
0.035 0.013272 0.00151635 0.744708
0.04 0.013272 0.00151635 0.744693
0.045 0.013272 0.00151635 0.744675
0.05 0.013272 0.00151635 0.744656
0.055 0.013272 0.00151635 0.744634
0.06 0.013272 0.00151635 0.74461
0.065 0.013272 0.00151635 0.744583
0.07 0.013272 0.00151635 0.744555
0.075 0.013272 0.00151635 0.744524
0.08 0.013272 0.00151635 0.744491
0.085 0.013272 0.00151635 0.744456
0.09 0.013272 0.00151635 0.744419
0.095 0.013272 0.00151635 0.74438
0.1 0.013272 0.00151635 0.744339
0.105 0.013272 0.00151635 0.744295
0.11 0.013272 0.00151635 0.74425
0.115 0.013272 0.00151635 0.744202
0.12 0.013272 0.00151635 0.744152
0.125 0.013272 0.00151635 0.744101
0.13 0.013272 0.00151635 0.744047
0.135 0.013272 0.00151635 0.743991
0.14 0.013272 0.00151635 0.743933
0.145 0.013272 0.00151635 0.743874
0.15 0.013272 0.00151635 0.743812
0.155 0.013272 0.00151635 0.743748
0.16 0.013272 0.00151635 0.743683
0.165 0.013272 0.00151635 0.743615
0.17 0.013272 0.00151635 0.743546
0.175 0.013272 0.00151635 0.743475
0.18 0.013272 0.00151635 0.743402
0.185 0.013272 0.00151635 0.743327
0.19 0.013272 0.00151635 0.74325
0.195 0.013272 0.00151635 0.743172
0.2 0.013272 0.00151635 0.743091
0.205 0.013272 0.00151635 0.743009
0.21 0.013272 0.00151635 0.742925
0.215 0.013272 0.00151635 0.74284
0.22 0.013272 0.00151635 0.742753
0.225 0.013272 0.00151635 0.742664
0.23 0.013272 0.00151635 0.742573
0.235 0.013272 0.00151636 0.742481
0.24 0.013272 0.00151636 0.742387
0.245 0.013272 0.00151636 0.742295
0.25 0.013272 0.00151636 0.742201
0.255 0.013272 0.00151636 0.742106
0.26 0.013272 0.00151636 0.74201
0.265 0.013272 0.00151636 0.741913
0.27 0.013272 0.00151636 0.741814
0.275 0.013272 0.00151636 0.741714
0.28 0.013272 0.00151636 0.741613
0.285 0.013272 0.00151636 0.74151
0.29 0.013272 0.00151636 0.741407
0.295 0.013272 0.00151636 0.741301
0.3 0.013272 0.00151636 0.741195
0.305 0.013272 0.00151636 0.741088
0.31 0.013272 0.00151636 0.740979
0.315 0.013272 0.00151636 0.740869
0.32 0.013272 0.00151636 0.740758
0.325 0.013272 0.00151636 0.740646
0.33 0.013272 0.00151636 0.740533
0.335 0.013272 0.00151636 0.740418
0.34 0.013272 0.00151636 0.740303
0.345 0.013272 0.00151636 0.740186
0.35 0.013272 0.00151636 0.740069
0.355 0.013272 0.00151636 0.73995
0.36 0.013272 0.00151636 0.73983
0.365 0.013272 0.00151636 0.73971
0.37 0.013272 0.00151636 0.739588
0.375 0.013272 0.00151636 0.739465
0.38 0.013272 0.00151636 0.739341
0.385 0.013272 0.00151636 0.739217
0.39 0.013272 0.00151636 0.739091
0.395 0.013272 0.00151636 0.738965
0.4 0.013272 0.00151636 0.738837
0.405 0.013272 0.00151636 0.738709
0.41 0.013272 0.00151636 0.73858
0.415 0.013272 0.00151636 0.73845
0.42 0.013272 0.00151636 0.738319
0.425 0.013272 0.00151636 0.738187
0.43 0.013272 0.00151636 0.738055
0.435 0.013272 0.00151636 0.737921
0.44 0.013272 0.00151636 0.737787
0.445 0.013272 0.00151636 0.737652
0.45 0.013272 0.00151636 0.737517
0.455 0.013272 0.00151636 0.73738
0.46 0.013272 0.00151636 0.737243
0.465 0.013272 0.00151636 0.737105
0.47 0.013272 0.00151636 0.736966
0.475 0.013272 0.00151636 0.736827
0.48 0.013272 0.00151636 0.736687
0.485 0.013272 0.00151636 0.736546
0.49 0.013272 0.00151636 0.736405
0.495 0.013272 0.00151636 0.736263
0.5 0.013272 0.00151636 0.73612
0.505 0.013272 0.00151636 0.735977
0.51 0.013272 0.00151636 0.735833
0.515 0.013272 0.00151636 0.735688
0.52 0.013272 0.00151636 0.735543
0.525 0.013272 0.00151636 0.735397
0.53 0.013272 0.00151636 0.735251
0.535 0.013272 0.00151636 0.735104
0.54 0.013272 0.00151636 0.734957
0.545 0.013272 0.00151636 0.734809
0.55 0.013272 0.00151636 0.734661
0.555 0.013272 0.00151636 0.734512
0.56 0.013272 0.00151636 0.734362
0.565 0.013272 0.00151636 0.734212
0.57 0.013272 0.00151636 0.734062
0.575 0.013272 0.00151636 0.733911
0.58 0.013272 0.00151636 0.73376
0.585 0.013272 0.00151636 0.733608
0.59 0.013272 0.00151636 0.733456
0.595 0.013272 0.00151636 0.733304
0.6 0.013272 0.00151636 0.733151
0.605 0.013272 0.00151636 0.732998
0.61 0.013272 0.00151636 0.732844
0.615 0.013272 0.00151636 0.73269
0.62 0.013272 0.00151636 0.732536
0.625 0.013272 0.00151637 0.732381
0.63 0.013272 0.00151637 0.732226
0.635 0.013272 0.00151637 0.732071
0.64 0.013272 0.00151637 0.731915
0.645 0.013272 0.00151637 0.731759
0.65 0.013272 0.00151637 0.731603
0.655 0.013272 0.00151637 0.731447
0.66 0.013272 0.00151637 0.73129
0.665 0.013272 0.00151637 0.731133
0.67 0.013272 0.00151637 0.730976
0.675 0.013272 0.00151637 0.730818
0.68 0.013272 0.00151637 0.730661
0.685 0.013272 0.00151637 0.730503
0.69 0.013272 0.00151637 0.730345
0.695 0.013272 0.00151637 0.730187
0.7 0.013272 0.00151637 0.730028
0.705 0.013272 0.00151637 0.72987
0.71 0.013272 0.00151637 0.729711
0.715 0.013272 0.00151637 0.729552
0.72 0.013272 0.00151637 0.729393
0.725 0.013272 0.00151637 0.729234
0.73 0.013272 0.00151637 0.729075
0.735 0.013272 0.00151637 0.728916
0.74 0.013272 0.00151637 0.728757
0.745 0.013272 0.00151637 0.728597
0.75 0.013272 0.00151637 0.728438
0.755 0.013272 0.00151637 0.728279
0.76 0.013272 0.00151637 0.728119
0.765 0.013272 0.00151637 0.72796
0.77 0.013272 0.00151637 0.7278
0.775 0.013272 0.00151637 0.727641
0.78 0.013272 0.00151637 0.727481
0.785 0.013272 0.00151637 0.727322
0.79 0.013272 0.00151637 0.727163
0.795 0.013272 0.00151637 0.727003
0.8 0.013272 0.00151637 0.726844
0.805 0.013272 0.00151637 0.726685
0.81 0.013272 0.00151637 0.726526
0.815 0.013272 0.00151637 0.726367
0.82 0.013272 0.00151637 0.726208
0.825 0.013272 0.00151637 0.726049
0.83 0.013272 0.00151637 0.725891
0.835 0.013272 0.00151637 0.725732
0.84 0.013272 0.00151637 0.725574
0.845 0.013272 0.00151637 0.725416
0.85 0.013272 0.00151637 0.725258
0.855 0.013272 0.00151637 0.7251
0.86 0.013272 0.00151637 0.724943
0.865 0.013272 0.00151637 0.724785
0.87 0.013272 0.00151637 0.724628
0.875 0.013272 0.00151637 0.724471
0.88 0.013272 0.00151637 0.724315
0.885 0.013272 0.00151637 0.724159
0.89 0.013272 0.00151637 0.724003
0.895 0.013272 0.00151637 0.723847
0.9 0.013272 0.00151637 0.723692
0.905 0.013272 0.00151637 0.723536
0.91 0.013272 0.00151637 0.723382
0.915 0.013272 0.00151637 0.723227
0.92 0.013272 0.00151637 0.723073
0.925 0.013272 0.00151637 0.72292
0.93 0.013272 0.00151637 0.722766
0.935 0.013272 0.00151637 0.722613
0.94 0.013272 0.00151637 0.722461
0.945 0.013272 0.00151637 0.722309
0.95 0.013272 0.00151637 0.722157
0.955 0.013272 0.00151637 0.722006
0.96 0.013272 0.00151637 0.721855
0.965 0.013272 0.00151637 0.721704
0.97 0.013272 0.00151637 0.721554
0.975 0.013272 0.00151637 0.721404
0.98 0.013272 0.00151637 0.721255
0.985 0.013272 0.00151637 0.721106
0.99 0.013272 0.00151637 0.720957
0.995 0.013272 0.00151637 0.720809
1 0.013272 0.00151637 0.720661
1.005 0.013272 0.00151637 0.720514
1.01 0.013272 0.00151637 0.720367
1.015 0.013272 0.00151637 0.72022
1.02 0.013272 0.00151637 0.720074
1.025 0.013272 0.00151637 0.719928
1.03 0.013272 0.00151637 0.719783
1.035 0.013272 0.00151637 0.719638
1.04 0.013272 0.00151637 0.719493
1.045 0.013272 0.00151637 0.719349
1.05 0.013272 0.00151637 0.719205
1.055 0.013272 0.00151637 0.719062
1.06 0.013272 0.00151637 0.718919
1.065 0.013272 0.00151637 0.718776
1.07 0.013272 0.00151637 0.718634
1.075 0.013272 0.00151637 0.718493
1.08 0.013272 0.00151637 0.718351
1.085 0.013272 0.00151637 0.71821
1.09 0.013272 0.00151637 0.71807
1.095 0.013272 0.00151637 0.71793
1.1 0.013272 0.00151637 0.71779
1.105 0.013272 0.00151637 0.71765
1.11 0.013272 0.00151637 0.717512
1.115 0.013272 0.00151637 0.717373
1.12 0.013272 0.00151637 0.717235
1.125 0.013272 0.00151637 0.717097
1.13 0.013272 0.00151637 0.71696
1.135 0.013272 0.00151637 0.716822
1.14 0.013272 0.00151637 0.716686
1.145 0.013272 0.00151637 0.71655
1.15 0.013272 0.00151637 0.716414
1.155 0.013272 0.00151637 0.716278
1.16 0.013272 0.00151637 0.716143
1.165 0.013272 0.00151637 0.716008
1.17 0.013272 0.00151637 0.715874
1.175 0.013272 0.00151637 0.71574
1.18 0.013272 0.00151637 0.715606
1.185 0.013272 0.00151637 0.715473
1.19 0.013272 0.00151637 0.71534
1.195 0.013272 0.00151637 0.715207
1.2 0.013272 0.00151637 0.715075
1.205 0.013272 0.00151637 0.714943
1.21 0.013272 0.00151637 0.714812
1.215 0.013272 0.00151637 0.714681
1.22 0.013272 0.00151637 0.71455
1.225 0.013272 0.00151637 0.714419
1.23 0.013272 0.00151637 0.714289
1.235 0.013272 0.00151637 0.71416
1.24 0.013272 0.00151637 0.71403
1.245 0.013272 0.00151637 0.713901
1.25 0.013272 0.00151637 0.713772
1.255 0.013272 0.00151637 0.713644
1.26 0.013272 0.00151637 0.713516
1.265 0.013272 0.00151637 0.713388
1.27 0.013272 0.00151637 0.713261
1.275 0.013272 0.00151637 0.713133
1.28 0.013272 0.00151637 0.713007
1.285 0.013272 0.00151637 0.71288
1.29 0.013272 0.00151637 0.712754
1.295 0.013272 0.00151637 0.712628
1.3 0.013272 0.00151637 0.712502
1.305 0.013272 0.00151637 0.712377
1.31 0.013272 0.00151637 0.712252
1.315 0.013272 0.00151637 0.712127
1.32 0.013272 0.00151637 0.712003
1.325 0.013272 0.00151637 0.711879
1.33 0.013272 0.00151637 0.711755
1.335 0.013272 0.00151637 0.711631
1.34 0.013272 0.00151637 0.711508
1.345 0.013272 0.00151637 0.711385
1.35 0.013272 0.00151637 0.711262
1.355 0.013272 0.00151637 0.71114
1.36 0.013272 0.00151637 0.711018
1.365 0.013272 0.00151637 0.710896
1.37 0.013272 0.00151637 0.710774
1.375 0.013272 0.00151637 0.710653
1.38 0.013272 0.00151637 0.710532
1.385 0.013272 0.00151637 0.710411
1.39 0.013272 0.00151637 0.71029
1.395 0.013272 0.00151637 0.71017
1.4 0.013272 0.00151637 0.710049
1.405 0.013272 0.00151637 0.709929
1.41 0.013272 0.00151637 0.70981
1.415 0.013272 0.00151637 0.70969
1.42 0.013272 0.00151637 0.709571
1.425 0.013272 0.00151637 0.709452
1.43 0.013272 0.00151637 0.709333
1.435 0.013272 0.00151637 0.709214
1.44 0.013272 0.00151637 0.709096
1.445 0.013272 0.00151637 0.708978
1.45 0.013272 0.00151637 0.70886
1.455 0.013272 0.00151637 0.708742
1.46 0.013272 0.00151637 0.708624
1.465 0.013272 0.00151637 0.708507
1.47 0.013272 0.00151637 0.708389
1.475 0.013272 0.00151637 0.708272
1.48 0.013272 0.00151637 0.708155
1.485 0.013272 0.00151637 0.708039
1.49 0.013272 0.00151637 0.707922
1.495 0.013272 0.00151637 0.707806
1.5 0.013272 0.00151637 0.707689
1.505 0.013272 0.00151637 0.707573
1.51 0.013272 0.00151637 0.707457
1.515 0.013272 0.00151637 0.707342
1.52 0.013272 0.00151637 0.707226
1.525 0.013272 0.00151637 0.70711
1.53 0.013272 0.00151637 0.706995
1.535 0.013272 0.00151637 0.70688
1.54 0.013272 0.00151637 0.706765
1.545 0.013272 0.00151637 0.70665
1.55 0.013272 0.00151637 0.706535
1.555 0.013272 0.00151637 0.70642
1.56 0.013272 0.00151637 0.706306
1.565 0.013272 0.00151636 0.706191
1.57 0.013272 0.00151636 0.706077
1.575 0.013272 0.00151636 0.705962
1.58 0.013272 0.00151636 0.705848
1.585 0.013272 0.00151636 0.705734
1.59 0.013272 0.00151636 0.70562
1.595 0.013272 0.00151636 0.705506
1.6 0.013272 0.00151636 0.705392
1.605 0.013272 0.00151636 0.705278
1.61 0.013272 0.00151636 0.705164
1.615 0.013272 0.00151636 0.705051
1.62 0.013272 0.00151636 0.704937
1.625 0.013272 0.00151636 0.704824
1.63 0.013272 0.00151636 0.70471
1.635 0.013272 0.00151636 0.704597
1.64 0.013272 0.00151636 0.704483
1.645 0.013272 0.00151636 0.70437
1.65 0.013272 0.00151636 0.704257
1.655 0.013272 0.00151636 0.704143
1.66 0.013272 0.00151636 0.70403
1.665 0.013272 0.00151636 0.703917
1.67 0.013272 0.00151636 0.703804
1.675 0.013272 0.00151636 0.703691
1.68 0.013272 0.00151636 0.703577
1.685 0.013272 0.00151636 0.703464
1.69 0.013272 0.00151636 0.703351
1.695 0.013272 0.00151636 0.703238
1.7 0.013272 0.00151636 0.703125
1.705 0.013272 0.00151636 0.703011
1.71 0.013272 0.00151636 0.702898
1.715 0.013272 0.00151636 0.702785
1.72 0.013272 0.00151636 0.702672
1.725 0.013272 0.00151636 0.702559
1.73 0.013272 0.00151636 0.702445
1.735 0.013272 0.00151636 0.702332
1.74 0.013272 0.00151636 0.702219
1.745 0.013272 0.00151636 0.702105
1.75 0.013272 0.00151636 0.701992
1.755 0.013272 0.00151636 0.701878
1.76 0.013272 0.00151636 0.701765
1.765 0.013272 0.00151636 0.701651
1.77 0.013272 0.00151636 0.701537
1.775 0.013272 0.00151636 0.701424
1.78 0.013272 0.00151636 0.70131
1.785 0.013272 0.00151636 0.701196
1.79 0.013272 0.00151636 0.701082
1.795 0.013272 0.00151636 0.700968
1.8 0.013272 0.00151636 0.700854
1.805 0.013272 0.00151636 0.700739
1.81 0.013272 0.00151636 0.700625
1.815 0.013272 0.00151636 0.70051
1.82 0.013272 0.00151636 0.700396
1.825 0.013272 0.00151636 0.700281
1.83 0.013272 0.00151636 0.700166
1.835 0.013272 0.00151636 0.700051
1.84 0.013272 0.00151636 0.699936
1.845 0.013272 0.00151636 0.699821
1.85 0.013272 0.00151636 0.699706
1.855 0.013272 0.00151636 0.69959
1.86 0.013272 0.00151636 0.699475
1.865 0.013272 0.00151636 0.699359
1.87 0.013272 0.00151636 0.699243
1.875 0.013272 0.00151636 0.699128
1.88 0.013272 0.00151636 0.699012
1.885 0.013272 0.00151636 0.698895
1.89 0.013272 0.00151636 0.698779
1.895 0.013272 0.00151636 0.698663
1.9 0.013272 0.00151636 0.698546
1.905 0.013272 0.00151636 0.698429
1.91 0.013272 0.00151636 0.698313
1.915 0.013272 0.00151636 0.698196
1.92 0.013272 0.00151636 0.698079
1.925 0.013272 0.00151636 0.697961
1.93 0.013272 0.00151636 0.697844
1.935 0.013272 0.00151636 0.697726
1.94 0.013272 0.00151636 0.697609
1.945 0.013272 0.00151636 0.697491
1.95 0.013272 0.00151636 0.697373
1.955 0.013272 0.00151636 0.697255
1.96 0.013272 0.00151636 0.697137
1.965 0.013272 0.00151636 0.697018
1.97 0.013272 0.00151636 0.696899
1.975 0.013272 0.00151636 0.69678
1.98 0.013272 0.00151636 0.69666
1.985 0.013272 0.00151636 0.69654
1.99 0.013272 0.00151636 0.696419
1.995 0.013272 0.00151636 0.696298
2 0.013272 0.00151637 0.696177
2.005 0.013272 0.00151637 0.696055
2.01 0.013272 0.00151637 0.695932
2.015 0.013272 0.00151637 0.695809
2.02 0.013272 0.00151637 0.695686
2.025 0.013272 0.00151637 0.695562
2.03 0.013272 0.00151637 0.695438
2.035 0.013272 0.00151637 0.695313
2.04 0.0132719 0.00151637 0.695188
2.045 0.0132719 0.00151637 0.695062
2.05 0.0132719 0.00151637 0.694936
2.055 0.0132719 0.00151638 0.694809
2.06 0.0132719 0.00151638 0.694682
2.065 0.0132719 0.00151638 0.694555
2.07 0.0132719 0.00151638 0.694427
2.075 0.0132719 0.00151638 0.694299
2.08 0.0132719 0.00151638 0.69417
2.085 0.0132719 0.00151638 0.694041
2.09 0.0132719 0.00151638 0.693912
2.095 0.0132719 0.00151638 0.693782
2.1 0.0132719 0.00151638 0.693652
2.105 0.0132719 0.00151638 0.693522
2.11 0.0132719 0.00151639 0.693391
2.115 0.0132719 0.00151639 0.69326
2.12 0.0132719 0.00151639 0.693129
2.125 0.0132719 0.00151639 0.692997
2.13 0.0132719 0.00151639 0.692866
2.135 0.0132719 0.00151639 0.692733
2.14 0.0132719 0.00151639 0.692601
2.145 0.0132719 0.00151639 0.692469
2.15 0.0132719 0.00151639 0.692336
2.155 0.0132719 0.00151639 0.692203
2.16 0.0132719 0.00151639 0.69207
2.165 0.0132719 0.00151639 0.691936
2.17 0.0132719 0.00151639 0.691803
2.175 0.0132719 0.00151639 0.691669
2.18 0.0132719 0.00151639 0.691535
2.185 0.0132719 0.0015164 0.691401
2.19 0.0132719 0.0015164 0.691267
2.195 0.0132719 0.0015164 0.691132
2.2 0.0132719 0.0015164 0.690998
2.205 0.0132719 0.0015164 0.690863
2.21 0.0132719 0.0015164 0.690728
2.215 0.0132719 0.0015164 0.690593
2.22 0.0132719 0.0015164 0.690458
2.225 0.0132719 0.0015164 0.690323
2.23 0.0132719 0.0015164 0.690188
2.235 0.0132719 0.0015164 0.690053
2.24 0.0132719 0.0015164 0.689917
2.245 0.0132719 0.0015164 0.689782
2.25 0.0132719 0.0015164 0.689646
2.255 0.0132719 0.0015164 0.689511
2.26 0.0132719 0.0015164 0.689375
2.265 0.0132719 0.0015164 0.68924
2.27 0.0132719 0.0015164 0.689104
2.275 0.0132719 0.0015164 0.688968
2.28 0.0132719 0.0015164 0.688832
2.285 0.0132719 0.0015164 0.688696
2.29 0.0132719 0.0015164 0.688561
2.295 0.0132719 0.0015164 0.688425
2.3 0.0132719 0.0015164 0.688289
2.305 0.0132719 0.0015164 0.688153
2.31 0.0132719 0.0015164 0.688017
2.315 0.0132719 0.0015164 0.687881
2.32 0.0132719 0.00151641 0.687745
2.325 0.0132719 0.00151641 0.68761
2.33 0.0132719 0.00151641 0.687474
2.335 0.0132719 0.00151641 0.687338
2.34 0.0132719 0.00151641 0.687202
2.345 0.0132719 0.00151641 0.687066
2.35 0.0132719 0.00151641 0.686931
2.355 0.0132719 0.00151641 0.686795
2.36 0.0132719 0.00151641 0.686659
2.365 0.0132719 0.00151641 0.686524
2.37 0.0132719 0.00151641 0.686388
2.375 0.0132719 0.00151641 0.686253
2.38 0.0132719 0.00151641 0.686118
2.385 0.0132719 0.00151641 0.685982
2.39 0.0132719 0.00151641 0.685847
2.395 0.0132719 0.00151641 0.685712
2.4 0.0132719 0.00151641 0.685577
2.405 0.0132719 0.00151641 0.685442
2.41 0.0132719 0.00151641 0.685307
2.415 0.0132719 0.00151641 0.685172
2.42 0.0132719 0.00151641 0.685037
2.425 0.0132719 0.00151641 0.684903
2.43 0.0132719 0.00151641 0.684768
2.435 0.0132719 0.00151641 0.684634
2.44 0.0132719 0.00151641 0.684499
2.445 0.0132719 0.00151641 0.684365
2.45 0.0132719 0.00151641 0.684231
2.455 0.0132719 0.00151641 0.684097
2.46 0.0132719 0.00151641 0.683963
2.465 0.0132719 0.00151641 0.68383
2.47 0.0132719 0.00151641 0.683696
2.475 0.0132719 0.00151641 0.683563
2.48 0.0132719 0.00151641 0.683429
2.485 0.0132719 0.00151641 0.683296
2.49 0.0132719 0.00151641 0.683163
2.495 0.0132719 0.00151641 0.683031
2.5 0.0132719 0.00151641 0.682898
2.505 0.0132719 0.00151641 0.682765
2.51 0.0132719 0.00151641 0.682633
2.515 0.0132719 0.00151641 0.682501
2.52 0.0132719 0.00151641 0.682369
2.525 0.0132719 0.00151641 0.682237
2.53 0.0132719 0.00151641 0.682105
2.535 0.0132719 0.0015164 0.681974
2.54 0.0132719 0.0015164 0.681842
2.545 0.0132719 0.0015164 0.681711
2.55 0.0132719 0.0015164 0.68158
2.555 0.0132719 0.0015164 0.68145
2.56 0.0132719 0.0015164 0.681319
2.565 0.0132719 0.0015164 0.681189
2.57 0.0132719 0.0015164 0.681059
2.575 0.0132719 0.0015164 0.680929
2.58 0.0132719 0.0015164 0.680799
2.585 0.0132719 0.0015164 0.680669
2.59 0.0132719 0.0015164 0.68054
2.595 0.0132719 0.0015164 0.680411
2.6 0.0132719 0.0015164 0.680282
2.605 0.0132719 0.0015164 0.680153
2.61 0.0132719 0.0015164 0.680025
2.615 0.0132719 0.0015164 0.679897
2.62 0.0132719 0.0015164 0.679769
2.625 0.0132719 0.0015164 0.679641
2.63 0.0132719 0.0015164 0.679513
2.635 0.0132719 0.0015164 0.679386
2.64 0.0132719 0.0015164 0.679259
2.645 0.0132719 0.0015164 0.679132
2.65 0.0132719 0.0015164 0.679006
2.655 0.0132719 0.0015164 0.67888
2.66 0.0132719 0.0015164 0.678754
2.665 0.0132719 0.0015164 0.678628
2.67 0.0132719 0.0015164 0.678502
2.675 0.0132719 0.0015164 0.678377
2.68 0.0132719 0.0015164 0.678252
2.685 0.0132719 0.00151639 0.678127
2.69 0.0132719 0.00151639 0.678003
2.695 0.0132719 0.00151639 0.677879
2.7 0.0132719 0.00151639 0.677755
2.705 0.0132719 0.00151639 0.677631
2.71 0.0132719 0.00151639 0.677508
2.715 0.0132719 0.00151639 0.677385
2.72 0.0132719 0.00151639 0.677262
2.725 0.0132719 0.00151639 0.677139
2.73 0.0132719 0.00151639 0.677017
2.735 0.0132719 0.00151639 0.676895
2.74 0.0132719 0.00151639 0.676773
2.745 0.0132719 0.00151639 0.676652
2.75 0.0132719 0.00151639 0.676531
2.755 0.0132719 0.00151639 0.67641
2.76 0.0132719 0.00151639 0.676289
2.765 0.0132719 0.00151639 0.676169
2.77 0.0132719 0.00151639 0.676049
2.775 0.0132719 0.00151639 0.67593
2.78 0.0132719 0.00151639 0.67581
2.785 0.0132719 0.00151638 0.675691
2.79 0.0132719 0.00151638 0.675572
2.795 0.0132719 0.00151638 0.675454
2.8 0.0132719 0.00151638 0.675336
2.805 0.0132719 0.00151638 0.675218
2.81 0.0132719 0.00151638 0.6751
2.815 0.0132719 0.00151638 0.674983
2.82 0.0132719 0.00151638 0.674866
2.825 0.0132719 0.00151638 0.674749
2.83 0.0132719 0.00151638 0.674632
2.835 0.0132719 0.00151638 0.674516
2.84 0.0132719 0.00151638 0.6744
2.845 0.0132719 0.00151638 0.674284
2.85 0.0132719 0.00151638 0.674169
2.855 0.0132719 0.00151638 0.674054
2.86 0.0132719 0.00151638 0.673939
2.865 0.0132719 0.00151638 0.673824
2.87 0.0132719 0.00151638 0.67371
2.875 0.0132719 0.00151638 0.673596
2.88 0.0132719 0.00151637 0.673482
2.885 0.0132719 0.00151637 0.673369
2.89 0.0132719 0.00151637 0.673255
2.895 0.0132719 0.00151637 0.673142
2.9 0.0132719 0.00151637 0.67303
2.905 0.0132719 0.00151637 0.672917
2.91 0.0132719 0.00151637 0.672805
2.915 0.0132719 0.00151637 0.672693
2.92 0.0132719 0.00151637 0.672581
2.925 0.0132719 0.00151637 0.672469
2.93 0.0132719 0.00151637 0.672358
2.935 0.0132719 0.00151637 0.672247
2.94 0.0132719 0.00151637 0.672136
2.945 0.0132719 0.00151637 0.672026
2.95 0.0132719 0.00151637 0.671915
2.955 0.0132719 0.00151637 0.671805
2.96 0.0132719 0.00151637 0.671695
2.965 0.0132719 0.00151637 0.671586
2.97 0.0132719 0.00151637 0.671476
2.975 0.0132719 0.00151637 0.671367
2.98 0.0132719 0.00151637 0.671258
2.985 0.0132719 0.00151636 0.671149
2.99 0.0132719 0.00151636 0.671041
2.995 0.0132719 0.00151636 0.670932
3 0.0132719 0.00151636 0.670824
3.005 0.0132719 0.00151636 0.670716
3.01 0.0132719 0.00151636 0.670608
3.015 0.013272 0.00151636 0.670501
3.02 0.013272 0.00151636 0.670393
3.025 0.013272 0.00151636 0.670286
3.03 0.013272 0.00151636 0.670179
3.035 0.013272 0.00151636 0.670072
3.04 0.013272 0.00151636 0.669965
3.045 0.013272 0.00151636 0.669859
3.05 0.013272 0.00151636 0.669752
3.055 0.013272 0.00151636 0.669646
3.06 0.013272 0.00151636 0.66954
3.065 0.013272 0.00151636 0.669434
3.07 0.013272 0.00151636 0.669329
3.075 0.013272 0.00151636 0.669223
3.08 0.013272 0.00151636 0.669118
3.085 0.013272 0.00151636 0.669012
3.09 0.013272 0.00151636 0.668907
3.095 0.013272 0.00151636 0.668802
3.1 0.013272 0.00151636 0.668697
3.105 0.013272 0.00151636 0.668593
3.11 0.013272 0.00151636 0.668488
3.115 0.013272 0.00151635 0.668383
3.12 0.013272 0.00151635 0.668279
3.125 0.013272 0.00151635 0.668175
3.13 0.013272 0.00151635 0.668071
3.135 0.013272 0.00151635 0.667967
3.14 0.013272 0.00151635 0.667863
3.145 0.013272 0.00151635 0.667759
3.15 0.013272 0.00151635 0.667655
3.155 0.013272 0.00151635 0.667551
3.16 0.013272 0.00151635 0.667448
3.165 0.013272 0.00151635 0.667345
3.17 0.013272 0.00151635 0.667242
3.175 0.013272 0.00151635 0.667139
3.18 0.013272 0.00151635 0.667036
3.185 0.013272 0.00151635 0.666934
3.19 0.013272 0.00151635 0.666832
3.195 0.013272 0.00151635 0.66673
3.2 0.013272 0.00151635 0.666628
3.205 0.013272 0.00151634 0.666526
3.21 0.013272 0.00151634 0.666425
3.215 0.013272 0.00151634 0.666323
3.22 0.013272 0.00151634 0.666221
3.225 0.013272 0.00151634 0.66612
3.23 0.013272 0.00151634 0.666018
3.235 0.013272 0.00151634 0.665916
3.24 0.013272 0.00151634 0.665815
3.245 0.013272 0.00151634 0.665713
3.25 0.013272 0.00151634 0.665611
3.255 0.013272 0.00151634 0.665509
3.26 0.013272 0.00151634 0.665407
3.265 0.013272 0.00151634 0.665305
3.27 0.013272 0.00151634 0.665202
3.275 0.013272 0.00151634 0.6651
3.28 0.013272 0.00151634 0.664997
3.285 0.013272 0.00151634 0.664894
3.29 0.013272 0.00151634 0.664792
3.295 0.013272 0.00151634 0.664688
3.3 0.013272 0.00151634 0.664585
3.305 0.013272 0.00151633 0.664481
3.31 0.013272 0.00151633 0.664378
3.315 0.013272 0.00151633 0.664274
3.32 0.013272 0.00151633 0.664169
3.325 0.013272 0.00151633 0.664065
3.33 0.013272 0.00151633 0.66396
3.335 0.013272 0.00151633 0.663855
3.34 0.013272 0.00151633 0.66375
3.345 0.013272 0.00151633 0.663644
3.35 0.013272 0.00151633 0.663538
3.355 0.013272 0.00151633 0.663432
3.36 0.013272 0.00151633 0.663325
3.365 0.013272 0.00151633 0.663219
3.37 0.013272 0.00151633 0.663111
3.375 0.013272 0.00151633 0.663004
3.38 0.013272 0.00151633 0.662896
3.385 0.013272 0.00151633 0.662787
3.39 0.013272 0.00151633 0.662679
3.395 0.013272 0.00151633 0.66257
3.4 0.013272 0.00151633 0.66246
3.405 0.013272 0.00151633 0.66235
3.41 0.013272 0.00151633 0.66224
3.415 0.013272 0.00151633 0.662129
3.42 0.013272 0.00151633 0.662018
3.425 0.013272 0.00151633 0.661906
3.43 0.013272 0.00151633 0.661794
3.435 0.013272 0.00151633 0.661681
3.44 0.013272 0.00151633 0.661568
3.445 0.013272 0.00151633 0.661454
3.45 0.013272 0.00151633 0.66134
3.455 0.013272 0.00151633 0.661225
3.46 0.013272 0.00151633 0.66111
3.465 0.013272 0.00151633 0.660994
3.47 0.013272 0.00151633 0.660877
3.475 0.013272 0.00151633 0.66076
3.48 0.013272 0.00151633 0.660643
3.485 0.013272 0.00151633 0.660524
3.49 0.013272 0.00151633 0.660406
3.495 0.013272 0.00151633 0.660286
3.5 0.013272 0.00151633 0.660166
3.505 0.013272 0.00151633 0.660045
3.51 0.013272 0.00151633 0.659923
3.515 0.013272 0.00151633 0.659801
3.52 0.013272 0.00151633 0.659678
3.525 0.013272 0.00151633 0.659554
3.53 0.013272 0.00151633 0.65943
3.535 0.013272 0.00151633 0.659304
3.54 0.013272 0.00151633 0.659178
3.545 0.013272 0.00151633 0.659051
3.55 0.013272 0.00151633 0.658923
3.555 0.013272 0.00151633 0.658795
3.56 0.013272 0.00151633 0.658665
3.565 0.013272 0.00151633 0.658534
3.57 0.013272 0.00151633 0.658403
3.575 0.013272 0.00151633 0.65827
3.58 0.013272 0.00151633 0.658137
3.585 0.013272 0.00151633 0.658002
3.59 0.013272 0.00151633 0.657866
3.595 0.013272 0.00151633 0.65773
3.6 0.013272 0.00151633 0.657593
3.605 0.013272 0.00151633 0.657455
3.61 0.013272 0.00151633 0.657317
3.615 0.013272 0.00151633 0.657177
3.62 0.013272 0.00151633 0.657037
3.625 0.013272 0.00151633 0.656897
3.63 0.013272 0.00151633 0.656755
3.635 0.013272 0.00151633 0.656613
3.64 0.013272 0.00151633 0.65647
3.645 0.013272 0.00151633 0.656326
3.65 0.013272 0.00151633 0.656181
3.655 0.013272 0.00151633 0.656035
3.66 0.013272 0.00151633 0.655889
3.665 0.013272 0.00151633 0.655741
3.67 0.013272 0.00151633 0.655592
3.675 0.013272 0.00151633 0.655442
3.68 0.013272 0.00151633 0.65529
3.685 0.013272 0.00151633 0.655137
3.69 0.013272 0.00151634 0.654983
3.695 0.013272 0.00151634 0.654828
3.7 0.013272 0.00151634 0.654671
3.705 0.013272 0.00151634 0.654512
3.71 0.013272 0.00151634 0.654351
3.715 0.013272 0.00151634 0.654189
3.72 0.013272 0.00151634 0.654025
3.725 0.013272 0.00151634 0.653859
3.73 0.013272 0.00151634 0.653691
3.735 0.013272 0.00151634 0.653521
3.74 0.013272 0.00151634 0.653349
3.745 0.013272 0.00151634 0.653174
3.75 0.013272 0.00151634 0.652997
3.755 0.013272 0.00151634 0.652818
3.76 0.013272 0.00151634 0.652637
3.765 0.013272 0.00151634 0.652453
3.77 0.013272 0.00151634 0.652267
3.775 0.013272 0.00151634 0.652078
3.78 0.013272 0.00151634 0.651887
3.785 0.013272 0.00151634 0.651692
3.79 0.013272 0.00151634 0.651495
3.795 0.013272 0.00151634 0.651295
3.8 0.013272 0.00151634 0.651092
3.805 0.013272 0.00151634 0.650886
3.81 0.013272 0.00151634 0.650676
3.815 0.013272 0.00151634 0.650463
3.82 0.013272 0.00151634 0.650246
3.825 0.013272 0.00151634 0.650026
3.83 0.013272 0.00151634 0.649802
3.835 0.013272 0.00151634 0.649575
3.84 0.013272 0.00151634 0.649343
3.845 0.013272 0.00151634 0.649108
3.85 0.013272 0.00151634 0.648868
3.855 0.013272 0.00151634 0.648624
3.86 0.013272 0.00151634 0.648376
3.865 0.013272 0.00151634 0.648124
3.87 0.013272 0.00151634 0.647868
3.875 0.013272 0.00151634 0.647607
3.88 0.013272 0.00151634 0.647342
3.885 0.013272 0.00151634 0.647074
3.89 0.013272 0.00151634 0.646801
3.895 0.013272 0.00151634 0.646524
3.9 0.013272 0.00151634 0.646243
3.905 0.013272 0.00151634 0.645958
3.91 0.013272 0.00151634 0.645669
3.915 0.013272 0.00151634 0.645377
3.92 0.013272 0.00151634 0.645082
3.925 0.0132721 0.00151634 0.644783
3.93 0.0132721 0.00151634 0.64448
3.935 0.0132721 0.00151634 0.644175
3.94 0.0132721 0.00151634 0.643866
3.945 0.0132721 0.00151634 0.643554
3.95 0.0132721 0.00151634 0.643238
3.955 0.0132721 0.00151634 0.64292
3.96 0.0132721 0.00151634 0.642599
3.965 0.0132721 0.00151634 0.642275
3.97 0.0132721 0.00151634 0.641948
3.975 0.0132721 0.00151634 0.641619
3.98 0.0132721 0.00151634 0.641287
3.985 0.0132721 0.00151634 0.640952
3.99 0.0132721 0.00151635 0.640615
3.995 0.0132721 0.00151635 0.640276
4 0.0132721 0.00151635 0.639935
4.005 0.0132721 0.00151635 0.639591
4.01 0.0132721 0.00151635 0.639245
4.015 0.0132721 0.00151635 0.638897
4.02 0.0132721 0.00151635 0.638548
4.025 0.0132721 0.00151635 0.638197
4.03 0.0132721 0.00151635 0.637844
4.035 0.0132721 0.00151635 0.637489
4.04 0.0132721 0.00151635 0.637133
4.045 0.0132721 0.00151635 0.636776
4.05 0.0132721 0.00151635 0.636417
4.055 0.0132721 0.00151635 0.636057
4.06 0.0132721 0.00151635 0.635695
4.065 0.0132721 0.00151635 0.635332
4.07 0.0132721 0.00151635 0.634969
4.075 0.0132721 0.00151635 0.634604
4.08 0.0132721 0.00151635 0.634238
4.085 0.0132721 0.00151635 0.63387
4.09 0.0132721 0.00151635 0.633502
4.095 0.0132721 0.00151635 0.633133
4.1 0.0132721 0.00151635 0.632764
4.105 0.0132721 0.00151635 0.632393
4.11 0.0132721 0.00151635 0.632021
4.115 0.0132721 0.00151635 0.631649
4.12 0.0132721 0.00151635 0.631276
4.125 0.0132721 0.00151635 0.630903
4.13 0.0132721 0.00151635 0.630528
4.135 0.0132721 0.00151635 0.630154
4.14 0.0132721 0.00151635 0.629778
4.145 0.0132721 0.00151635 0.629403
4.15 0.0132721 0.00151635 0.629027
4.155 0.0132721 0.00151635 0.62865
4.16 0.0132721 0.00151635 0.628273
4.165 0.0132721 0.00151635 0.627896
4.17 0.0132721 0.00151635 0.627519
4.175 0.0132721 0.00151635 0.627141
4.18 0.0132721 0.00151635 0.626763
4.185 0.0132721 0.00151635 0.626385
4.19 0.0132721 0.00151635 0.626007
4.195 0.0132721 0.00151635 0.625629
4.2 0.0132721 0.00151635 0.625251
4.205 0.0132721 0.00151635 0.624873
4.21 0.0132721 0.00151635 0.624495
4.215 0.0132721 0.00151635 0.624118
4.22 0.0132721 0.00151635 0.62374
4.225 0.0132721 0.00151635 0.623362
4.23 0.0132721 0.00151635 0.622985
4.235 0.0132721 0.00151635 0.622608
4.24 0.0132721 0.00151635 0.622231
4.245 0.0132721 0.00151635 0.621855
4.25 0.0132721 0.00151635 0.621479
4.255 0.0132721 0.00151635 0.621103
4.26 0.0132721 0.00151635 0.620727
4.265 0.0132721 0.00151635 0.620353
4.27 0.0132721 0.00151634 0.619978
4.275 0.0132721 0.00151634 0.619604
4.28 0.0132721 0.00151634 0.619231
4.285 0.0132721 0.00151634 0.618858
4.29 0.0132721 0.00151634 0.618485
4.295 0.0132721 0.00151634 0.618113
4.3 0.0132721 0.00151634 0.617742
4.305 0.0132721 0.00151634 0.617372
4.31 0.0132721 0.00151634 0.617002
4.315 0.0132721 0.00151634 0.616633
4.32 0.0132721 0.00151634 0.616264
4.325 0.0132721 0.00151634 0.615896
4.33 0.0132721 0.00151634 0.615529
4.335 0.0132721 0.00151634 0.615163
4.34 0.0132721 0.00151634 0.614797
4.345 0.0132721 0.00151634 0.614433
4.35 0.0132721 0.00151634 0.614069
4.355 0.0132721 0.00151634 0.613706
4.36 0.0132721 0.00151634 0.613344
4.365 0.0132721 0.00151634 0.612982
4.37 0.0132721 0.00151634 0.612622
4.375 0.0132721 0.00151634 0.612262
4.38 0.0132721 0.00151634 0.611904
4.385 0.0132721 0.00151634 0.611546
4.39 0.0132721 0.00151634 0.611189
4.395 0.0132721 0.00151634 0.610834
4.4 0.0132721 0.00151633 0.610479
4.405 0.0132721 0.00151633 0.610125
4.41 0.0132721 0.00151633 0.609773
4.415 0.0132721 0.00151633 0.609421
4.42 0.0132721 0.00151633 0.60907
4.425 0.0132721 0.00151633 0.608721
4.43 0.0132721 0.00151633 0.608372
4.435 0.0132721 0.00151633 0.608025
4.44 0.0132721 0.00151633 0.607678
4.445 0.0132721 0.00151633 0.607333
4.45 0.0132721 0.00151633 0.606989
4.455 0.0132721 0.00151633 0.606646
4.46 0.0132721 0.00151633 0.606304
4.465 0.0132721 0.00151633 0.605964
4.47 0.0132721 0.00151633 0.605625
4.475 0.0132721 0.00151633 0.605286
4.48 0.0132721 0.00151633 0.604949
4.485 0.0132721 0.00151633 0.604614
4.49 0.0132721 0.00151633 0.604279
4.495 0.0132721 0.00151633 0.603946
4.5 0.0132721 0.00151633 0.603614
4.505 0.0132721 0.00151633 0.603283
4.51 0.0132721 0.00151633 0.602954
4.515 0.0132721 0.00151633 0.602626
4.52 0.0132721 0.00151633 0.602299
4.525 0.0132721 0.00151633 0.601974
4.53 0.0132721 0.00151633 0.60165
4.535 0.0132721 0.00151633 0.601327
4.54 0.0132721 0.00151633 0.601006
4.545 0.0132721 0.00151633 0.600686
4.55 0.0132721 0.00151633 0.600368
4.555 0.0132721 0.00151633 0.600051
4.56 0.0132721 0.00151633 0.599735
4.565 0.0132721 0.00151633 0.599421
4.57 0.0132721 0.00151633 0.599108
4.575 0.0132721 0.00151633 0.598797
4.58 0.0132721 0.00151633 0.598488
4.585 0.0132721 0.00151633 0.59818
4.59 0.0132721 0.00151633 0.597873
4.595 0.0132721 0.00151633 0.597568
4.6 0.0132721 0.00151633 0.597265
4.605 0.0132721 0.00151633 0.596963
4.61 0.0132721 0.00151633 0.596663
4.615 0.0132721 0.00151633 0.596365
4.62 0.0132721 0.00151633 0.596068
4.625 0.0132721 0.00151633 0.595773
4.63 0.0132721 0.00151633 0.595479
4.635 0.0132721 0.00151633 0.595188
4.64 0.0132721 0.00151633 0.594898
4.645 0.0132721 0.00151633 0.594609
4.65 0.0132721 0.00151633 0.594323
4.655 0.0132721 0.00151633 0.594038
4.66 0.0132721 0.00151633 0.593755
4.665 0.0132721 0.00151633 0.593474
4.67 0.0132721 0.00151633 0.593194
4.675 0.0132721 0.00151633 0.592917
4.68 0.0132721 0.00151633 0.592641
4.685 0.0132721 0.00151633 0.592368
4.69 0.0132721 0.00151633 0.592096
4.695 0.0132721 0.00151633 0.591826
4.7 0.0132721 0.00151633 0.591558
4.705 0.0132721 0.00151632 0.591292
4.71 0.0132721 0.00151632 0.591028
4.715 0.0132721 0.00151632 0.590766
4.72 0.0132721 0.00151632 0.590506
4.725 0.0132721 0.00151632 0.590248
4.73 0.0132721 0.00151632 0.589992
4.735 0.0132721 0.00151632 0.589738
4.74 0.0132721 0.00151632 0.589486
4.745 0.0132721 0.00151632 0.589237
4.75 0.0132721 0.00151632 0.588989
4.755 0.0132721 0.00151632 0.588744
4.76 0.0132721 0.00151632 0.588501
4.765 0.0132721 0.00151632 0.58826
4.77 0.013272 0.00151632 0.588022
4.775 0.013272 0.00151632 0.587785
4.78 0.013272 0.00151632 0.587551
4.785 0.013272 0.00151632 0.587319
4.79 0.013272 0.00151632 0.587089
4.795 0.013272 0.00151632 0.586861
4.8 0.013272 0.00151632 0.586636
4.805 0.013272 0.00151632 0.586413
4.81 0.013272 0.00151632 0.586192
4.815 0.013272 0.00151632 0.585973
4.82 0.013272 0.00151632 0.585757
4.825 0.013272 0.00151632 0.585543
4.83 0.013272 0.00151632 0.585331
4.835 0.013272 0.00151632 0.585121
4.84 0.013272 0.00151632 0.584913
4.845 0.013272 0.00151632 0.584707
4.85 0.013272 0.00151632 0.584504
4.855 0.013272 0.00151632 0.584303
4.86 0.013272 0.00151632 0.584104
4.865 0.013272 0.00151632 0.583907
4.87 0.013272 0.00151632 0.583712
4.875 0.013272 0.00151632 0.58352
4.88 0.013272 0.00151632 0.583329
4.885 0.013272 0.00151632 0.583141
4.89 0.013272 0.00151632 0.582955
4.895 0.013272 0.00151632 0.582771
4.9 0.013272 0.00151632 0.582589
4.905 0.013272 0.00151632 0.582409
4.91 0.013272 0.00151632 0.582231
4.915 0.013272 0.00151632 0.582055
4.92 0.013272 0.00151632 0.581881
4.925 0.013272 0.00151632 0.581709
4.93 0.013272 0.00151632 0.581539
4.935 0.013272 0.00151632 0.581371
4.94 0.013272 0.00151633 0.581204
4.945 0.013272 0.00151633 0.58104
4.95 0.013272 0.00151633 0.580877
4.955 0.013272 0.00151633 0.580716
4.96 0.013272 0.00151633 0.580556
4.965 0.013272 0.00151633 0.580399
4.97 0.013272 0.00151633 0.580243
4.975 0.013272 0.00151633 0.580088
4.98 0.013272 0.00151633 0.579936
4.985 0.013272 0.00151633 0.579785
4.99 0.013272 0.00151633 0.579636
4.995 0.013272 0.00151633 0.579488
5 0.013272 0.00151633 0.579342
5.005 0.013272 0.00151633 0.579197
5.01 0.013272 0.00151633 0.579055
5.015 0.013272 0.00151633 0.578913
5.02 0.013272 0.00151633 0.578773
5.025 0.013272 0.00151633 0.578635
5.03 0.013272 0.00151633 0.578498
5.035 0.013272 0.00151633 0.578362
5.04 0.013272 0.00151633 0.578228
5.045 0.013272 0.00151633 0.578096
5.05 0.013272 0.00151633 0.577964
5.055 0.013272 0.00151633 0.577835
5.06 0.013272 0.00151633 0.577706
5.065 0.013272 0.00151633 0.577579
5.07 0.013272 0.00151633 0.577453
5.075 0.013272 0.00151633 0.577329
5.08 0.013272 0.00151633 0.577205
5.085 0.013272 0.00151633 0.577083
5.09 0.013272 0.00151633 0.576963
5.095 0.013272 0.00151633 0.576843
5.1 0.013272 0.00151633 0.576725
5.105 0.013272 0.00151633 0.576608
5.11 0.013272 0.00151633 0.576492
5.115 0.013272 0.00151633 0.576377
5.12 0.013272 0.00151633 0.576264
5.125 0.013272 0.00151633 0.576151
5.13 0.013272 0.00151633 0.57604
5.135 0.013272 0.00151633 0.57593
5.14 0.013272 0.00151633 0.575821
5.145 0.013272 0.00151633 0.575713
5.15 0.013272 0.00151633 0.575605
5.155 0.013272 0.00151633 0.575499
5.16 0.013272 0.00151633 0.575394
5.165 0.013272 0.00151633 0.57529
5.17 0.013272 0.00151633 0.575187
5.175 0.013272 0.00151633 0.575085
5.18 0.013272 0.00151633 0.574984
5.185 0.013272 0.00151633 0.574883
5.19 0.013272 0.00151633 0.574784
5.195 0.013272 0.00151633 0.574685
5.2 0.013272 0.00151633 0.574588
5.205 0.013272 0.00151633 0.574491
5.21 0.013272 0.00151633 0.574395
5.215 0.013272 0.00151633 0.5743
5.22 0.013272 0.00151633 0.574205
5.225 0.013272 0.00151633 0.574111
5.23 0.013272 0.00151633 0.574018
5.235 0.013272 0.00151633 0.573926
5.24 0.013272 0.00151633 0.573835
5.245 0.013272 0.00151633 0.573744
5.25 0.013272 0.00151633 0.573654
5.255 0.013272 0.00151633 0.573564
5.26 0.013272 0.00151633 0.573475
5.265 0.013272 0.00151633 0.573387
5.27 0.013272 0.00151633 0.5733
5.275 0.013272 0.00151633 0.573213
5.28 0.013272 0.00151633 0.573126
5.285 0.013272 0.00151633 0.57304
5.29 0.013272 0.00151633 0.572955
5.295 0.013272 0.00151633 0.57287
5.3 0.013272 0.00151633 0.572785
5.305 0.013272 0.00151633 0.572701
5.31 0.013272 0.00151633 0.572618
5.315 0.013272 0.00151633 0.572535
5.32 0.013272 0.00151633 0.572452
5.325 0.013272 0.00151633 0.57237
5.33 0.013272 0.00151633 0.572288
5.335 0.013272 0.00151633 0.572207
5.34 0.013272 0.00151633 0.572126
5.345 0.013272 0.00151633 0.572045
5.35 0.013272 0.00151633 0.571964
5.355 0.013272 0.00151633 0.571884
5.36 0.013272 0.00151633 0.571804
5.365 0.013272 0.00151633 0.571724
5.37 0.013272 0.00151633 0.571645
5.375 0.013272 0.00151633 0.571565
5.38 0.013272 0.00151633 0.571486
5.385 0.013272 0.00151633 0.571407
5.39 0.013272 0.00151633 0.571329
5.395 0.013272 0.00151633 0.57125
5.4 0.013272 0.00151633 0.571171
5.405 0.013272 0.00151633 0.571093
5.41 0.013272 0.00151633 0.571015
5.415 0.013272 0.00151633 0.570936
5.42 0.013272 0.00151633 0.570858
5.425 0.013272 0.00151633 0.57078
5.43 0.013272 0.00151633 0.570701
5.435 0.013272 0.00151633 0.570623
5.44 0.013272 0.00151633 0.570545
5.445 0.013272 0.00151633 0.570466
5.45 0.013272 0.00151633 0.570388
5.455 0.013272 0.00151633 0.570309
5.46 0.013272 0.00151633 0.570231
5.465 0.013272 0.00151633 0.570152
5.47 0.013272 0.00151633 0.570073
5.475 0.013272 0.00151633 0.569994
5.48 0.013272 0.00151633 0.569914
5.485 0.013272 0.00151633 0.569835
5.49 0.013272 0.00151633 0.569755
5.495 0.013272 0.00151633 0.569675
5.5 0.013272 0.00151633 0.569594
5.505 0.013272 0.00151633 0.569514
5.51 0.013272 0.00151633 0.569433
5.515 0.013272 0.00151633 0.569352
5.52 0.013272 0.00151633 0.56927
5.525 0.013272 0.00151633 0.569188
5.53 0.013272 0.00151633 0.569105
5.535 0.013272 0.00151633 0.569023
5.54 0.013272 0.00151633 0.568939
5.545 0.013272 0.00151633 0.568856
5.55 0.013272 0.00151633 0.568772
5.555 0.013272 0.00151633 0.568687
5.56 0.013272 0.00151633 0.568602
5.565 0.013272 0.00151633 0.568517
5.57 0.013272 0.00151633 0.568431
5.575 0.013272 0.00151633 0.568344
5.58 0.013272 0.00151633 0.568258
5.585 0.013272 0.00151633 0.568171
5.59 0.013272 0.00151633 0.568083
5.595 0.013272 0.00151633 0.567995
5.6 0.013272 0.00151633 0.567906
5.605 0.013272 0.00151633 0.567817
5.61 0.013272 0.00151633 0.567728
5.615 0.013272 0.00151633 0.567638
5.62 0.013272 0.00151633 0.567547
5.625 0.013272 0.00151633 0.567457
5.63 0.013272 0.00151633 0.567365
5.635 0.013272 0.00151633 0.567274
5.64 0.013272 0.00151633 0.567181
5.645 0.013272 0.00151633 0.567089
5.65 0.013272 0.00151633 0.566996
5.655 0.013272 0.00151633 0.566902
5.66 0.013272 0.00151633 0.566808
5.665 0.013272 0.00151633 0.566713
5.67 0.013272 0.00151633 0.566618
5.675 0.013272 0.00151633 0.566523
5.68 0.013272 0.00151633 0.566427
5.685 0.013272 0.00151633 0.566331
5.69 0.013272 0.00151633 0.566234
5.695 0.013272 0.00151633 0.566137
5.7 0.013272 0.00151633 0.566039
5.705 0.013272 0.00151633 0.565941
5.71 0.013272 0.00151633 0.565843
5.715 0.013272 0.00151633 0.565744
5.72 0.013272 0.00151633 0.565645
5.725 0.013272 0.00151633 0.565545
5.73 0.013272 0.00151633 0.565445
5.735 0.013272 0.00151633 0.565344
5.74 0.013272 0.00151633 0.565243
5.745 0.013272 0.00151633 0.565142
5.75 0.013272 0.00151633 0.56504
5.755 0.013272 0.00151633 0.564937
5.76 0.013272 0.00151633 0.564835
5.765 0.013272 0.00151633 0.564732
5.77 0.013272 0.00151633 0.564628
5.775 0.013272 0.00151633 0.564524
5.78 0.013272 0.00151633 0.56442
5.785 0.013272 0.00151633 0.564316
5.79 0.013272 0.00151633 0.56421
5.795 0.013272 0.00151633 0.564105
5.8 0.013272 0.00151633 0.563999
5.805 0.013272 0.00151633 0.563893
5.81 0.013272 0.00151633 0.563787
5.815 0.013272 0.00151633 0.56368
5.82 0.013272 0.00151633 0.563573
5.825 0.013272 0.00151633 0.563465
5.83 0.013272 0.00151633 0.563357
5.835 0.013272 0.00151633 0.563249
5.84 0.013272 0.00151633 0.56314
5.845 0.013272 0.00151633 0.563031
5.85 0.013272 0.00151633 0.562922
5.855 0.013272 0.00151633 0.562813
5.86 0.013272 0.00151633 0.562703
5.865 0.013272 0.00151633 0.562593
5.87 0.013272 0.00151633 0.562482
5.875 0.013272 0.00151633 0.562371
5.88 0.013272 0.00151633 0.56226
5.885 0.013272 0.00151633 0.562149
5.89 0.013272 0.00151633 0.562037
5.895 0.013272 0.00151633 0.561925
5.9 0.013272 0.00151633 0.561813
5.905 0.013272 0.00151633 0.561701
5.91 0.013272 0.00151633 0.561588
5.915 0.013272 0.00151633 0.561475
5.92 0.013272 0.00151633 0.561362
5.925 0.013272 0.00151633 0.561248
5.93 0.013272 0.00151633 0.561134
5.935 0.013272 0.00151633 0.56102
5.94 0.013272 0.00151633 0.560906
5.945 0.013272 0.00151633 0.560792
5.95 0.013272 0.00151633 0.560677
5.955 0.013272 0.00151633 0.560562
5.96 0.013272 0.00151633 0.560447
5.965 0.013272 0.00151633 0.560332
5.97 0.013272 0.00151633 0.560217
5.975 0.013272 0.00151633 0.560101
5.98 0.013272 0.00151633 0.559985
5.985 0.013272 0.00151633 0.559869
5.99 0.013272 0.00151633 0.559753
5.995 0.013272 0.00151633 0.559637
6 0.013272 0.00151633 0.559521
6.005 0.013272 0.00151633 0.559404
6.01 0.013272 0.00151633 0.559287
6.015 0.013272 0.00151633 0.55917
6.02 0.013272 0.00151633 0.559054
6.025 0.013272 0.00151633 0.558936
6.03 0.013272 0.00151633 0.558819
6.035 0.013272 0.00151633 0.558702
6.04 0.013272 0.00151633 0.558584
6.045 0.013272 0.00151633 0.558467
6.05 0.013272 0.00151633 0.558349
6.055 0.013272 0.00151633 0.558232
6.06 0.013272 0.00151633 0.558114
6.065 0.013272 0.00151633 0.557996
6.07 0.013272 0.00151633 0.557878
6.075 0.013272 0.00151633 0.55776
6.08 0.013272 0.00151633 0.557642
6.085 0.013272 0.00151633 0.557524
6.09 0.013272 0.00151633 0.557406
6.095 0.013272 0.00151633 0.557288
6.1 0.013272 0.00151633 0.55717
6.105 0.013272 0.00151633 0.557052
6.11 0.013272 0.00151633 0.556934
6.115 0.013272 0.00151633 0.556816
6.12 0.013272 0.00151633 0.556698
6.125 0.013272 0.00151633 0.55658
6.13 0.013272 0.00151633 0.556462
6.135 0.013272 0.00151633 0.556344
6.14 0.013272 0.00151633 0.556226
6.145 0.013272 0.00151633 0.556108
6.15 0.013272 0.00151633 0.55599
6.155 0.013272 0.00151633 0.555872
6.16 0.013272 0.00151633 0.555754
6.165 0.013272 0.00151633 0.555636
6.17 0.013272 0.00151633 0.555519
6.175 0.013272 0.00151633 0.555401
6.18 0.013272 0.00151633 0.555284
6.185 0.013272 0.00151633 0.555166
6.19 0.013272 0.00151633 0.555049
6.195 0.013272 0.00151633 0.554932
6.2 0.013272 0.00151633 0.554815
6.205 0.013272 0.00151633 0.554698
6.21 0.013272 0.00151633 0.554581
6.215 0.013272 0.00151633 0.554465
6.22 0.013272 0.00151633 0.554348
6.225 0.013272 0.00151633 0.554232
6.23 0.013272 0.00151633 0.554116
6.235 0.013272 0.00151633 0.554
6.24 0.013272 0.00151633 0.553884
6.245 0.013272 0.00151633 0.553769
6.25 0.013272 0.00151633 0.553653
6.255 0.013272 0.00151633 0.553538
6.26 0.013272 0.00151633 0.553423
6.265 0.013272 0.00151633 0.553308
6.27 0.013272 0.00151633 0.553194
6.275 0.013272 0.00151633 0.55308
6.28 0.013272 0.00151633 0.552965
6.285 0.013272 0.00151633 0.552852
6.29 0.013272 0.00151633 0.552738
6.295 0.013272 0.00151633 0.552625
6.3 0.013272 0.00151633 0.552512
6.305 0.013272 0.00151633 0.552399
6.31 0.013272 0.00151633 0.552286
6.315 0.013272 0.00151633 0.552174
6.32 0.013272 0.00151633 0.552061
6.325 0.013272 0.00151633 0.55195
6.33 0.013272 0.00151633 0.551838
6.335 0.013272 0.00151633 0.551726
6.34 0.013272 0.00151633 0.551615
6.345 0.013272 0.00151633 0.551504
6.35 0.013272 0.00151633 0.551393
6.355 0.013272 0.00151633 0.551282
6.36 0.013272 0.00151633 0.551172
6.365 0.013272 0.00151633 0.551061
6.37 0.013272 0.00151633 0.550951
6.375 0.013272 0.00151633 0.550841
6.38 0.013272 0.00151633 0.550731
6.385 0.013272 0.00151633 0.550622
6.39 0.013272 0.00151633 0.550512
6.395 0.013272 0.00151634 0.550403
6.4 0.013272 0.00151634 0.550293
6.405 0.013272 0.00151634 0.550184
6.41 0.013272 0.00151634 0.550075
6.415 0.013272 0.00151634 0.549966
6.42 0.013272 0.00151634 0.549857
6.425 0.013272 0.00151634 0.549748
6.43 0.013272 0.00151634 0.54964
6.435 0.013272 0.00151634 0.549531
6.44 0.013272 0.00151634 0.549423
6.445 0.013272 0.00151634 0.549314
6.45 0.013272 0.00151634 0.549206
6.455 0.013272 0.00151634 0.549098
6.46 0.013272 0.00151634 0.548989
6.465 0.013272 0.00151634 0.548881
6.47 0.013272 0.00151634 0.548773
6.475 0.013272 0.00151634 0.548665
6.48 0.013272 0.00151634 0.548557
6.485 0.013272 0.00151634 0.548449
6.49 0.013272 0.00151634 0.548341
6.495 0.013272 0.00151634 0.548233
6.5 0.013272 0.00151634 0.548124
6.505 0.013272 0.00151634 0.548016
6.51 0.013272 0.00151634 0.547908
6.515 0.013272 0.00151634 0.5478
6.52 0.013272 0.00151634 0.547692
6.525 0.013272 0.00151634 0.547584
6.53 0.013272 0.00151634 0.547475
6.535 0.013272 0.00151634 0.547367
6.54 0.013272 0.00151634 0.547259
6.545 0.013272 0.00151634 0.54715
6.55 0.013272 0.00151634 0.547042
6.555 0.013272 0.00151634 0.546933
6.56 0.013272 0.00151634 0.546825
6.565 0.013272 0.00151634 0.546716
6.57 0.013272 0.00151634 0.546607
6.575 0.013272 0.00151634 0.546498
6.58 0.013272 0.00151634 0.546389
6.585 0.013272 0.00151634 0.546279
6.59 0.013272 0.00151634 0.54617
6.595 0.013272 0.00151634 0.546061
6.6 0.013272 0.00151634 0.545951
6.605 0.013272 0.00151634 0.545841
6.61 0.013272 0.00151634 0.545731
6.615 0.013272 0.00151634 0.545621
6.62 0.013272 0.00151634 0.545511
6.625 0.013272 0.00151634 0.5454
6.63 0.013272 0.00151634 0.545289
6.635 0.013272 0.00151634 0.545178
6.64 0.013272 0.00151634 0.545067
6.645 0.013272 0.00151634 0.544956
6.65 0.013272 0.00151634 0.544844
6.655 0.013272 0.00151634 0.544733
6.66 0.013272 0.00151634 0.544621
6.665 0.013272 0.00151634 0.544508
6.67 0.013272 0.00151634 0.544396
6.675 0.013272 0.00151634 0.544283
6.68 0.013272 0.00151634 0.54417
6.685 0.013272 0.00151634 0.544057
6.69 0.013272 0.00151634 0.543943
6.695 0.013272 0.00151634 0.543829
6.7 0.013272 0.00151634 0.543715
6.705 0.013272 0.00151634 0.543601
6.71 0.013272 0.00151634 0.543486
6.715 0.013272 0.00151634 0.543371
6.72 0.013272 0.00151634 0.543255
6.725 0.013272 0.00151634 0.54314
6.73 0.013272 0.00151634 0.543024
6.735 0.013272 0.00151634 0.542907
6.74 0.013272 0.00151634 0.54279
6.745 0.013272 0.00151634 0.542673
6.75 0.013272 0.00151634 0.542556
6.755 0.013272 0.00151634 0.542438
6.76 0.013272 0.00151634 0.54232
6.765 0.013272 0.00151634 0.542201
6.77 0.013272 0.00151634 0.542082
6.775 0.013272 0.00151634 0.541962
6.78 0.013272 0.00151634 0.541842
6.785 0.013272 0.00151634 0.541722
6.79 0.013272 0.00151634 0.541601
6.795 0.013272 0.00151634 0.54148
6.8 0.013272 0.00151634 0.541359
6.805 0.013272 0.00151634 0.541236
6.81 0.013272 0.00151634 0.541114
6.815 0.013272 0.00151634 0.540991
6.82 0.013272 0.00151634 0.540867
6.825 0.013272 0.00151634 0.540744
6.83 0.013272 0.00151634 0.540619
6.835 0.013272 0.00151634 0.540494
6.84 0.013272 0.00151634 0.540369
6.845 0.013272 0.00151634 0.540243
6.85 0.013272 0.00151634 0.540116
6.855 0.013272 0.00151634 0.539989
6.86 0.013272 0.00151634 0.539862
6.865 0.013272 0.00151634 0.539734
6.87 0.013272 0.00151634 0.539605
6.875 0.013272 0.00151634 0.539476
6.88 0.013272 0.00151634 0.539346
6.885 0.013272 0.00151634 0.539216
6.89 0.013272 0.00151634 0.539085
6.895 0.013272 0.00151634 0.538953
6.9 0.013272 0.00151634 0.538821
6.905 0.013272 0.00151634 0.538688
6.91 0.013272 0.00151634 0.538555
6.915 0.013272 0.00151634 0.538421
6.92 0.013272 0.00151634 0.538287
6.925 0.013272 0.00151634 0.538151
6.93 0.013272 0.00151634 0.538016
6.935 0.013272 0.00151634 0.537879
6.94 0.013272 0.00151634 0.537742
6.945 0.013272 0.00151634 0.537604
6.95 0.013272 0.00151634 0.537466
6.955 0.013272 0.00151634 0.537327
6.96 0.013272 0.00151634 0.537187
6.965 0.013272 0.00151634 0.537046
6.97 0.013272 0.00151634 0.536905
6.975 0.013272 0.00151634 0.536763
6.98 0.013272 0.00151634 0.53662
6.985 0.013272 0.00151634 0.536477
6.99 0.013272 0.00151634 0.536333
6.995 0.013272 0.00151634 0.536188
7 0.013272 0.00151634 0.536042
7.005 0.013272 0.00151634 0.535896
7.01 0.013272 0.00151634 0.535749
7.015 0.013272 0.00151634 0.535601
7.02 0.013272 0.00151634 0.535452
7.025 0.013272 0.00151634 0.535303
7.03 0.013272 0.00151634 0.535152
7.035 0.013272 0.00151634 0.535001
7.04 0.013272 0.00151634 0.534849
7.045 0.013272 0.00151634 0.534697
7.05 0.013272 0.00151634 0.534543
7.055 0.013272 0.00151634 0.534389
7.06 0.013272 0.00151634 0.534234
7.065 0.013272 0.00151634 0.534078
7.07 0.013272 0.00151634 0.533921
7.075 0.013272 0.00151634 0.533764
7.08 0.013272 0.00151634 0.533606
7.085 0.013272 0.00151634 0.533447
7.09 0.013272 0.00151634 0.533288
7.095 0.013272 0.00151634 0.533128
7.1 0.013272 0.00151634 0.532967
7.105 0.013272 0.00151634 0.532806
7.11 0.013272 0.00151634 0.532644
7.115 0.013272 0.00151634 0.532482
7.12 0.013272 0.00151634 0.53232
7.125 0.013272 0.00151634 0.532156
7.13 0.013272 0.00151634 0.531993
7.135 0.013272 0.00151634 0.531829
7.14 0.013272 0.00151634 0.531664
7.145 0.013272 0.00151634 0.531499
7.15 0.013272 0.00151634 0.531334
7.155 0.013272 0.00151634 0.531168
7.16 0.013272 0.00151634 0.531003
7.165 0.013272 0.00151634 0.530836
7.17 0.013272 0.00151634 0.53067
7.175 0.013272 0.00151634 0.530503
7.18 0.013272 0.00151634 0.530337
7.185 0.013272 0.00151634 0.53017
7.19 0.013272 0.00151634 0.530003
7.195 0.013272 0.00151634 0.529835
7.2 0.013272 0.00151634 0.529668
7.205 0.013272 0.00151634 0.529501
7.21 0.013272 0.00151634 0.529333
7.215 0.013272 0.00151634 0.529166
7.22 0.013272 0.00151634 0.528998
7.225 0.013272 0.00151634 0.528831
7.23 0.013272 0.00151634 0.528664
7.235 0.013272 0.00151634 0.528496
7.24 0.013272 0.00151634 0.528329
7.245 0.013272 0.00151634 0.528162
7.25 0.013272 0.00151634 0.527995
7.255 0.013272 0.00151634 0.527829
7.26 0.013272 0.00151634 0.527662
7.265 0.013272 0.00151634 0.527496
7.27 0.013272 0.00151634 0.52733
7.275 0.013272 0.00151634 0.527164
7.28 0.013272 0.00151634 0.526999
7.285 0.013272 0.00151634 0.526834
7.29 0.013272 0.00151634 0.526669
7.295 0.013272 0.00151634 0.526505
7.3 0.013272 0.00151634 0.526341
7.305 0.013272 0.00151634 0.526178
7.31 0.013272 0.00151634 0.526015
7.315 0.013272 0.00151634 0.525853
7.32 0.013272 0.00151634 0.525691
7.325 0.013272 0.00151634 0.525529
7.33 0.013272 0.00151634 0.525368
7.335 0.013272 0.00151634 0.525208
7.34 0.013272 0.00151634 0.525048
7.345 0.013272 0.00151634 0.524889
7.35 0.013272 0.00151634 0.524731
7.355 0.013272 0.00151634 0.524574
7.36 0.013272 0.00151634 0.524417
7.365 0.013272 0.00151634 0.52426
7.37 0.013272 0.00151634 0.524105
7.375 0.013272 0.00151634 0.52395
7.38 0.013272 0.00151634 0.523796
7.385 0.013272 0.00151634 0.523644
7.39 0.013272 0.00151634 0.523491
7.395 0.013272 0.00151634 0.52334
7.4 0.013272 0.00151635 0.52319
7.405 0.013272 0.00151635 0.52304
7.41 0.013272 0.00151635 0.522892
7.415 0.013272 0.00151635 0.522745
7.42 0.013272 0.00151635 0.522598
7.425 0.013272 0.00151635 0.522453
7.43 0.013272 0.00151635 0.522308
7.435 0.013272 0.00151635 0.522165
7.44 0.013272 0.00151635 0.522023
7.445 0.013272 0.00151635 0.521882
7.45 0.013272 0.00151635 0.521742
7.455 0.013272 0.00151635 0.521603
7.46 0.013272 0.00151635 0.521466
7.465 0.013272 0.00151635 0.52133
7.47 0.013272 0.00151635 0.521195
7.475 0.013272 0.00151635 0.521061
7.48 0.013272 0.00151635 0.520929
7.485 0.013272 0.00151635 0.520798
7.49 0.013272 0.00151635 0.520668
7.495 0.013272 0.00151635 0.52054
7.5 0.013272 0.00151635 0.520413
7.505 0.013272 0.00151635 0.520287
7.51 0.013272 0.00151635 0.520163
7.515 0.013272 0.00151635 0.520041
7.52 0.013272 0.00151635 0.51992
7.525 0.013272 0.00151635 0.5198
7.53 0.013272 0.00151635 0.519682
7.535 0.013272 0.00151635 0.519566
7.54 0.013272 0.00151635 0.519451
7.545 0.013272 0.00151635 0.519337
7.55 0.013272 0.00151635 0.519226
7.555 0.013272 0.00151635 0.519116
7.56 0.013272 0.00151635 0.519008
7.565 0.013272 0.00151635 0.518901
7.57 0.013272 0.00151634 0.518796
7.575 0.013272 0.00151634 0.518693
7.58 0.013272 0.00151634 0.518592
7.585 0.013272 0.00151634 0.518493
7.59 0.013272 0.00151634 0.518395
7.595 0.013272 0.00151634 0.518299
7.6 0.013272 0.00151634 0.518206
7.605 0.013272 0.00151634 0.518114
7.61 0.013272 0.00151634 0.518024
7.615 0.013272 0.00151634 0.517936
7.62 0.013272 0.00151634 0.517849
7.625 0.013272 0.00151634 0.517765
7.63 0.013272 0.00151634 0.517683
7.635 0.013272 0.00151634 0.517603
7.64 0.013272 0.00151634 0.517525
7.645 0.013272 0.00151634 0.517449
7.65 0.013272 0.00151634 0.517375
7.655 0.013272 0.00151634 0.517304
7.66 0.013272 0.00151634 0.517234
7.665 0.013272 0.00151634 0.517167
7.67 0.013272 0.00151634 0.517102
7.675 0.013272 0.00151634 0.517039
7.68 0.013272 0.00151634 0.516978
7.685 0.013272 0.00151634 0.51692
7.69 0.013272 0.00151634 0.516864
7.695 0.013272 0.00151634 0.51681
7.7 0.013272 0.00151634 0.516759
7.705 0.013272 0.00151634 0.51671
7.71 0.013272 0.00151634 0.516663
7.715 0.013272 0.00151634 0.516618
7.72 0.013272 0.00151634 0.516577
7.725 0.013272 0.00151634 0.516537
7.73 0.013272 0.00151634 0.5165
7.735 0.013272 0.00151634 0.516466
7.74 0.013272 0.00151634 0.516434
7.745 0.013272 0.00151634 0.516404
7.75 0.013272 0.00151634 0.516377
7.755 0.013272 0.00151634 0.516353
7.76 0.013272 0.00151634 0.516331
7.765 0.013272 0.00151634 0.516312
7.77 0.013272 0.00151634 0.516296
7.775 0.013272 0.00151634 0.516282
7.78 0.013272 0.00151634 0.516271
7.785 0.013272 0.00151634 0.516262
7.79 0.013272 0.00151634 0.516257
