0 0.000110092 0.00147494
0.005 0.000100917 0.00129411
0.01 9.79938e-05 0.001324
0.015 9.8037e-05 0.00130605
0.02 9.70543e-05 0.00129206
0.025 9.79992e-05 0.00129201
0.03 9.59906e-05 0.00130595
0.035 9.69615e-05 0.00130297
0.04 9.70319e-05 0.001294
0.045 9.80955e-05 0.00129191
0.05 9.78947e-05 0.0012929
0.055 9.68861e-05 0.00129809
0.06 9.7109e-05 0.00129107
0.065 9.60076e-05 0.00129092
0.07 9.60453e-05 0.00130196
0.075 9.7023e-05 0.00128899
0.08 9.60674e-05 0.00129098
0.085 9.61119e-05 0.00130603
0.09 9.70365e-05 0.001294
0.095 0.000107074 0.00129302
0.1 0.000110006 0.0012929
0.105 9.70692e-05 0.00129308
0.11 9.80605e-05 0.00130307
0.115 9.79388e-05 0.00130495
0.12 9.71018e-05 0.00129211
0.125 9.70468e-05 0.00130606
0.13 9.90641e-05 0.00132288
0.135 9.40078e-05 0.00124712
0.14 9.40207e-05 0.00126708
0.145 0.000105099 0.00126896
0.15 9.49719e-05 0.00124308
0.155 9.29915e-05 0.00124505
0.16 9.60971e-05 0.00126301
0.165 9.40365e-05 0.0011911
0.17 0.000109031 0.00121007
0.175 9.11178e-05 0.00121209
0.18 9.39398e-05 0.001236
0.185 9.8059e-05 0.00121007
0.19 8.99736e-05 0.0011949
0.195 8.90612e-05 0.00120094
0.2 9.40358e-05 0.0012171
0.205 9.00894e-05 0.00118797
0.21 9.09985e-05 0.00122892
0.215 9.4939e-05 0.00123405
0.22 9.11113e-05 0.00118608
0.225 8.80203e-05 0.00117404
0.23 8.89961e-05 0.00117007
0.235 8.9025e-05 0.0011569
0.24 9.30212e-05 0.00114604
0.245 9.00241e-05 0.0011609
0.25 8.79208e-05 0.00112994
0.255 8.49114e-05 0.00112908
0.26 9.29347e-05 0.00115195
0.265 8.70235e-05 0.001141
0.27 8.70004e-05 0.00115802
0.275 8.79966e-05 0.00115902
0.28 8.49927e-05 0.00107892
0.285 8.39122e-05 0.00107899
0.29 8.29775e-05 0.00108601
0.295 8.29365e-05 0.00107497
0.3 8.30548e-05 0.00105409
0.305 8.60082e-05 0.00109994
0.31 8.68938e-05 0.00106811
0.315 8.39195e-05 0.001042
0.32 8.38933e-05 0.00106097
0.325 8.50252e-05 0.00106496
0.33 8.29583e-05 0.00104399
0.335 8.30247e-05 0.00104806
0.34 8.69917e-05 0.00107497
0.345 8.31033e-05 0.0010599
0.35 8.30037e-05 0.00104203
0.355 8.29311e-05 0.00106996
0.36 8.11026e-05 0.00104909
0.365 8.09238e-05 0.00102891
0.37 8.0918e-05 0.00102909
0.375 9.59121e-05 0.00105807
0.38 8.09379e-05 0.00104311
0.385 8.11038e-05 0.00103004
0.39 7.89058e-05 0.00103304
0.395 8.19858e-05 0.00104297
0.4 8.20456e-05 0.00103003
0.405 7.8894e-05 0.00101798
0.41 7.89943e-05 0.00101308
0.415 7.71084e-05 0.000995099
0.42 7.49647e-05 0.000944101
0.425 7.39885e-05 0.000955079
0.43 7.40913e-05 0.000949943
0.435 7.39162e-05 0.000931006
0.44 7.40066e-05 0.000939097
0.445 7.59377e-05 0.000978882
0.45 7.70992e-05 0.00095109
0.455 7.51093e-05 0.000929008
0.46 7.4915e-05 0.000949052
0.465 7.5011e-05 0.000967909
0.47 7.50009e-05 0.000930899
0.475 7.38992e-05 0.000931989
0.48 7.49896e-05 0.000952888
0.485 7.50461e-05 0.000949944
0.49 7.49637e-05 0.0009321
0.495 7.51005e-05 0.000929999
0.5 7.39062e-05 0.000954996
0.505 7.40089e-05 0.000948907
0.51 7.50722e-05 0.00092997
0.515 7.41163e-05 0.000931968
0.52 8.69683e-05 0.000942946
0.525 8.00644e-05 0.000921956
0.53 7.10621e-05 0.00090406
0.535 7.50407e-05 0.000945939
0.54 7.60577e-05 0.000953002
0.545 7.49221e-05 0.000939105
0.55 7.30453e-05 0.000926089
0.555 7.29042e-05 0.000935948
0.56 7.40804e-05 0.000931932
0.565 7.40715e-05 0.000923923
0.57 7.28839e-05 0.000922974
0.575 7.08884e-05 0.000909078
0.58 7.19598e-05 0.000901957
0.585 7.08988e-05 0.000894089
0.59 7.10899e-05 0.000894041
0.595 6.99962e-05 0.000905948
0.6 7.11071e-05 0.000888105
0.605 6.99208e-05 0.000851064
0.61 6.69808e-05 0.000833985
0.615 6.70681e-05 0.000845073
0.62 6.80424e-05 0.000841093
0.625 6.80698e-05 0.000834882
0.63 6.90112e-05 0.000835108
0.635 6.59991e-05 0.000823957
0.64 6.59542e-05 0.000816912
0.645 6.6916e-05 0.00080892
0.65 6.39909e-05 0.000796095
0.655 6.40398e-05 0.000807905
0.66 6.40684e-05 0.000786934
0.665 6.59851e-05 0.00074899
0.67 6.2042e-05 0.000744053
0.675 6.09272e-05 0.000742892
0.68 6.19119e-05 0.000766923
0.685 6.1048e-05 0.000773013
0.69 6.29387e-05 0.000762996
0.695 6.20815e-05 0.000757093
0.7 5.90921e-05 0.000729964
0.705 6.307e-05 0.000734889
0.71 6.00615e-05 0.00074098
0.715 5.99998e-05 0.000708918
0.72 5.90251e-05 0.000710897
0.725 5.91036e-05 0.000732976
0.73 5.99098e-05 0.000713067
0.735 6.59747e-05 0.000709933
0.74 6.00859e-05 0.000710004
0.745 5.89261e-05 0.000708037
0.75 5.91039e-05 0.000730976
0.755 6.00559e-05 0.000728974
0.76 5.81072e-05 0.000700933
0.765 5.69146e-05 0.000676933
0.77 5.59943e-05 0.000677966
0.775 5.5074e-05 0.000703999
0.78 5.60203e-05 0.000695992
0.785 5.60265e-05 0.000683998
0.79 5.8e-05 0.000709064
0.795 5.70322e-05 0.000706097
0.8 5.40712e-05 0.00069095
0.805 5.40842e-05 0.000685963
0.81 5.49119e-05 0.000679076
0.815 5.70843e-05 0.000673102
0.82 5.49786e-05 0.000668904
0.825 5.50257e-05 0.000689951
0.83 5.50387e-05 0.000681964
0.835 5.49658e-05 0.000668891
0.84 5.21054e-05 0.000653892
0.845 5.20338e-05 0.000648105
0.85 5.1969e-05 0.000674994
0.855 5.21018e-05 0.000651934
0.86 5.69838e-05 0.000662002
0.865 5.28918e-05 0.000647963
0.87 5.20654e-05 0.00065609
0.875 5.39802e-05 0.000679098
0.88 5.49604e-05 0.000673886
0.885 5.39011e-05 0.000683065
0.89 5.50668e-05 0.000672992
0.895 5.19612e-05 0.000662986
0.9 5.19223e-05 0.000661947
0.905 6.08834e-05 0.000662895
0.91 5.20162e-05 0.000670041
0.915 5.19174e-05 0.000659988
0.92 5.20706e-05 0.000661095
0.925 5.29391e-05 0.00066001
0.93 5.20922e-05 0.000675117
0.935 5.3033e-05 0.000671104
0.94 5.29805e-05 0.000662098
0.945 5.19811e-05 0.000662006
0.95 5.28959e-05 0.000661967
0.955 5.20954e-05 0.000672882
0.96 5.29898e-05 0.000671061
0.965 5.29373e-05 0.000664008
0.97 5.29911e-05 0.000669062
0.975 5.20844e-05 0.000654917
0.98 4.99133e-05 0.000658084
0.985 5.08812e-05 0.000634906
0.99 5.58831e-05 0.000647093
0.995 5.19572e-05 0.000637982
1 5.10981e-05 0.000664076
1.005 5.30591e-05 0.000661892
1.01 5.30462e-05 0.000644117
1.015 5.0074e-05 0.000654052
1.02 4.90487e-05 0.000621934
1.025 4.89783e-05 0.000638102
1.03 4.79801e-05 0.000619058
1.035 4.80091e-05 0.000642895
1.04 4.90968e-05 0.000637029
1.045 4.89065e-05 0.000622031
1.05 4.88824e-05 0.000618007
1.055 4.79114e-05 0.000619989
1.06 4.79867e-05 0.000634065
1.065 5.09423e-05 0.000623921
1.07 4.59114e-05 0.000642943
1.075 4.79528e-05 0.000635031
1.08 4.81004e-05 0.00063594
1.085 4.69101e-05 0.000610942
1.09 4.69991e-05 0.000635031
1.095 4.71004e-05 0.000628893
1.1 4.71158e-05 0.000609909
1.105 4.7112e-05 0.000609905
1.11 4.71083e-05 0.000608901
1.115 4.61045e-05 0.00061009
1.12 4.88884e-05 0.000617013
1.125 4.69174e-05 0.000629949
1.13 4.69792e-05 0.000623011
1.135 4.59087e-05 0.000610894
1.14 4.59512e-05 0.000608937
1.145 4.59012e-05 0.000632933
1.15 4.88963e-05 0.00061902
1.155 5.10643e-05 0.000615089
1.16 4.70933e-05 0.000608886
1.165 4.60895e-05 0.000610075
1.17 4.60858e-05 0.000609071
1.175 4.60357e-05 0.000636021
1.18 4.59449e-05 0.00062893
1.185 4.6914e-05 0.000610946
1.19 4.60029e-05 0.000609988
1.195 4.69461e-05 0.000609978
1.2 4.59887e-05 0.000628974
1.205 4.69973e-05 0.000611029
1.21 4.60863e-05 0.000630071
1.215 4.61016e-05 0.000609895
1.22 4.58991e-05 0.000610884
1.225 4.59416e-05 0.000608973
1.23 4.69378e-05 0.000647969
1.235 4.90188e-05 0.000641905
1.24 4.81065e-05 0.000635992
1.245 4.70157e-05 0.000609047
1.25 4.7012e-05 0.000630043
1.255 4.58816e-05 0.000627913
1.26 4.8036e-05 0.000619114
1.265 4.71113e-05 0.000627904
1.27 4.70805e-05 0.00062092
1.275 4.59637e-05 0.000610949
1.28 4.60063e-05 0.000632038
1.285 4.90149e-05 0.000639901
1.29 4.80495e-05 0.000647889
1.295 4.70377e-05 0.000611069
1.3 4.59346e-05 0.00061092
1.305 4.59772e-05 0.000610962
1.31 4.60198e-05 0.000624005
1.315 4.78962e-05 0.00063302
1.32 4.59974e-05 0.000640029
1.325 4.70456e-05 0.000611077
1.33 4.59425e-05 0.000610928
1.335 4.59388e-05 0.00060997
1.34 4.59745e-05 0.00063696
1.345 4.69764e-05 0.000619008
1.35 5.0045e-05 0.000610977
1.355 4.60807e-05 0.000609112
1.36 4.60239e-05 0.000622009
1.365 4.59071e-05 0.000610892
1.37 5.89497e-05 0.00061906
1.375 4.59583e-05 0.000628944
1.38 4.69275e-05 0.000622959
1.385 4.69034e-05 0.000610935
1.39 4.59922e-05 0.000610977
1.395 4.60348e-05 0.00063302
1.4 4.70434e-05 0.000621075
1.405 4.90657e-05 0.000620951
1.41 4.70416e-05 0.000611073
1.415 4.58921e-05 0.000610116
1.42 4.70736e-05 0.000610105
1.425 4.61162e-05 0.000637101
1.43 4.60186e-05 0.00062605
1.435 4.69415e-05 0.000609973
1.44 4.59839e-05 0.000610016
1.445 4.60265e-05 0.000610058
1.45 4.60692e-05 0.000627054
1.455 5.00845e-05 0.000611017
1.46 4.80673e-05 0.000640953
1.465 4.81086e-05 0.000633994
1.47 4.80178e-05 0.000613096
1.475 4.60537e-05 0.000610039
1.48 4.60963e-05 0.000633081
1.485 4.71049e-05 0.000645898
1.49 4.80468e-05 0.000633933
1.495 4.89029e-05 0.000635027
1.5 4.80969e-05 0.000618936
1.505 4.68874e-05 0.000642919
1.51 4.6922e-05 0.000611954
1.515 4.61036e-05 0.000630089
1.52 4.7119e-05 0.000608912
1.525 4.61153e-05 0.0006101
1.53 4.59194e-05 0.000621905
1.535 4.60874e-05 0.000634073
1.54 4.6904e-05 0.000626936
1.545 4.71115e-05 0.000609905
1.55 4.59156e-05 0.000609947
1.555 4.59582e-05 0.00060999
1.56 4.50008e-05 0.000609986
1.565 4.80162e-05 0.000617094
1.57 4.5999e-05 0.000629031
1.575 4.60143e-05 0.00061
1.58 4.70106e-05 0.000609042
1.585 4.60069e-05 0.000608992
1.59 4.59568e-05 0.000640988
1.595 4.79982e-05 0.000617076
1.6 5.20272e-05 0.000615052
1.605 4.59105e-05 0.000609896
1.61 4.59068e-05 0.000621892
1.615 4.59821e-05 0.000608967
1.62 4.5932e-05 0.000630917
1.625 4.70864e-05 0.000631118
1.63 4.6956e-05 0.000608988
1.635 4.68992e-05 0.000610931
1.64 4.49881e-05 0.000608973
1.645 4.59381e-05 0.000628923
1.65 4.59003e-05 0.000609886
1.655 4.58966e-05 0.000628882
1.66 4.71041e-05 0.000609897
1.665 4.59083e-05 0.000628893
1.67 4.71158e-05 0.000621909
1.675 4.60454e-05 0.000635031
1.68 4.69083e-05 0.000608986
1.685 4.60435e-05 0.000594075
1.69 4.60601e-05 0.000602092
1.695 4.80169e-05 0.000614095
1.7 4.79069e-05 0.000619985
1.705 4.81145e-05 0.000614954
1.71 4.70508e-05 0.000619082
1.715 4.70798e-05 0.000590111
1.72 4.59111e-05 0.000591896
1.725 4.60271e-05 0.000592012
1.73 4.60969e-05 0.000618082
1.735 4.68876e-05 0.000613919
1.74 4.91154e-05 0.000603047
1.745 4.6019e-05 0.000592004
1.75 4.58966e-05 0.000590882
1.755 4.59664e-05 0.000593952
1.76 4.59367e-05 0.000609922
1.765 4.7072e-05 0.000595103
1.77 4.6936e-05 0.000581968
1.775 4.71052e-05 0.000582898
1.78 4.60891e-05 0.000582074
1.785 4.60267e-05 0.000582012
1.79 4.49179e-05 0.000603903
1.795 4.69604e-05 0.000601992
1.8 4.71093e-05 0.000581902
1.805 4.60931e-05 0.000582078
1.81 4.59844e-05 0.000582016
1.815 4.5922e-05 0.000582907
1.82 5.9098e-05 0.000591016
1.825 4.60478e-05 0.000600033
1.83 4.71041e-05 0.000595897
1.835 4.5975e-05 0.000581007
1.84 4.59125e-05 0.000590898
1.845 5.00218e-05 0.000600954
1.85 5.09718e-05 0.000583996
1.855 4.59951e-05 0.000601027
1.86 4.59518e-05 0.000581937
1.865 4.60815e-05 0.000582067
1.87 4.59728e-05 0.000581958
1.875 4.61024e-05 0.000618088
1.88 4.6893e-05 0.000581925
1.885 4.60689e-05 0.0006001
1.89 4.69794e-05 0.000583011
1.895 4.69632e-05 0.000582995
1.9 4.59471e-05 0.000565932
1.905 4.60045e-05 0.000588036
1.91 4.70675e-05 0.000565099
1.915 4.9926e-05 0.000594096
1.92 4.79821e-05 0.000586106
1.925 4.80519e-05 0.000586891
1.93 4.80753e-05 0.000586915
1.935 4.79067e-05 0.000601984
1.94 4.8095e-05 0.000595934
1.945 4.79127e-05 0.000586991
1.95 4.79824e-05 0.00058706
1.955 4.8006e-05 0.000587084
1.96 4.80294e-05 0.000585107
1.965 4.79601e-05 0.000598038
1.97 4.79168e-05 0.000594041
1.975 4.7973e-05 0.000587051
1.98 4.79897e-05 0.000586067
1.985 4.69667e-05 0.000586045
1.99 4.79438e-05 0.000598022
1.995 4.80927e-05 0.000585978
2 4.7924e-05 0.000595002
2.005 4.89338e-05 0.000586058
2.01 4.79572e-05 0.000586035
2.015 4.79344e-05 0.000587012
2.02 5.00041e-05 0.000620936
2.025 5.09731e-05 0.000611952
2.03 5.39558e-05 0.000610073
2.035 4.89386e-05 0.000583109
2.04 4.90546e-05 0.00058194
2.045 4.90848e-05 0.000583971
2.05 4.80087e-05 0.000607087
2.055 4.89056e-05 0.00058703
2.06 5.41075e-05 0.000582987
2.065 4.89852e-05 0.000584109
2.07 4.7916e-05 0.00058804
2.075 5.28863e-05 0.000584004
2.08 4.90024e-05 0.000604934
2.085 4.98992e-05 0.00061507
2.09 4.99282e-05 0.000583099
2.095 4.9051e-05 0.000582937
2.1 4.89355e-05 0.00056706
2.105 4.89861e-05 0.000563918
2.11 6.49904e-05 0.000571948
2.115 4.90533e-05 0.000583939
2.12 5.00699e-05 0.000564002
2.125 4.90278e-05 0.00056396
2.13 4.80321e-05 0.000572918
2.135 5.10227e-05 0.000592001
2.14 5.1079e-05 0.000587057
2.145 5.10493e-05 0.000596028
2.15 5.10523e-05 0.000575031
2.155 4.78972e-05 0.000567975
2.16 4.89479e-05 0.000565072
2.165 4.89057e-05 0.00058303
2.17 5.39755e-05 0.000565093
2.175 4.8973e-05 0.000598097
2.18 4.9976e-05 0.000586954
2.185 4.99464e-05 0.000589117
2.19 4.91019e-05 0.000564988
2.195 4.90599e-05 0.000590946
2.2 4.89771e-05 0.000564101
2.205 4.89349e-05 0.000585059
2.21 4.99584e-05 0.000574891
2.215 5.10417e-05 0.00056902
2.22 4.90855e-05 0.000564971
2.225 4.80434e-05 0.000586929
2.23 4.90138e-05 0.0005639
2.235 4.79254e-05 0.00058305
2.24 4.90946e-05 0.000564027
2.245 4.90525e-05 0.000566938
2.25 4.8103e-05 0.000563942
2.255 4.89684e-05 0.000590093
2.26 4.99781e-05 0.00055791
2.265 5.29429e-05 0.00056906
2.27 4.98872e-05 0.000557058
2.275 4.9044e-05 0.00055693
2.28 4.89162e-05 0.00055804
2.285 4.90267e-05 0.000584912
2.29 5.00964e-05 0.000558028
2.295 5.20612e-05 0.000569894
2.3 5.00055e-05 0.000556984
2.305 4.89702e-05 0.000556902
2.31 4.90807e-05 0.000557966
2.315 4.89528e-05 0.000582077
2.32 4.98835e-05 0.000571054
2.325 5.41126e-05 0.000572992
2.33 5.10039e-05 0.000570982
2.335 5.0094e-05 0.000558026
2.34 4.90587e-05 0.000557944
2.345 4.89771e-05 0.000581101
2.35 5.00999e-05 0.000558078
2.355 5.40647e-05 0.000585944
2.36 5.19356e-05 0.00057996
2.365 5.21047e-05 0.000578891
2.37 4.98965e-05 0.000557067
2.375 5.0007e-05 0.000584939
2.38 4.9931e-05 0.000559101
2.385 5.58889e-05 0.000565099
2.39 4.99259e-05 0.000558096
2.395 4.90296e-05 0.000561915
2.4 4.88949e-05 0.000549065
2.405 5.30122e-05 0.000565891
2.41 4.89565e-05 0.000543081
2.415 5.40874e-05 0.000554013
2.42 4.99063e-05 0.000563077
2.425 5.1957e-05 0.000563982
2.43 5.11002e-05 0.000560886
2.435 5.00118e-05 0.000569944
2.44 4.99098e-05 0.00054508
2.445 5.29413e-05 0.000558012
2.45 5.10449e-05 0.000542023
2.455 4.90299e-05 0.000553916
2.46 5.20479e-05 0.000550073
2.465 4.99199e-05 0.00057009
2.47 5.00564e-05 0.000543988
2.475 4.90415e-05 0.000561974
2.48 4.99993e-05 0.000545932
2.485 5.00771e-05 0.000546009
2.49 4.89164e-05 0.000544087
2.495 4.99015e-05 0.000561072
2.5 5.29521e-05 0.000543023
2.505 5.00762e-05 0.000561008
2.51 5.09878e-05 0.000545966
2.515 5.01119e-05 0.000543044
2.52 5.00043e-05 0.000541936
2.525 4.88968e-05 0.000543067
2.53 5.19078e-05 0.000566932
2.535 5.00906e-05 0.000561069
2.54 5.10021e-05 0.000543981
2.545 5.00336e-05 0.000567966
2.55 4.99848e-05 0.000544963
2.555 5.10624e-05 0.000555041
2.56 6.68882e-05 0.000565893
2.565 4.99117e-05 0.000563082
2.57 4.99159e-05 0.000555086
2.575 4.998e-05 0.000542912
2.58 4.89188e-05 0.000548089
2.585 5.19898e-05 0.000571014
2.59 6.19804e-05 0.000564992
2.595 5.2057e-05 0.00056989
2.6 5.19019e-05 0.000564927
2.605 5.20383e-05 0.000567063
2.61 5.20821e-05 0.000564107
2.615 5.1987e-05 0.000563012
2.62 5.19245e-05 0.000564949
2.625 5.19683e-05 0.000571993
2.63 5.20516e-05 0.000565884
2.635 5.30491e-05 0.000562882
2.64 5.09076e-05 0.000562932
2.645 5.10045e-05 0.000563983
2.65 5.2889e-05 0.00056396
2.655 5.18864e-05 0.000570911
2.66 5.29235e-05 0.000564995
2.665 5.19209e-05 0.000564946
2.67 5.31104e-05 0.000542943
2.675 4.8943e-05 0.000565113
2.68 5.29268e-05 0.000564998
2.685 5.19244e-05 0.000566949
2.69 5.09218e-05 0.0005419
2.695 5.0099e-05 0.000542077
2.7 4.90377e-05 0.000541924
2.705 4.98838e-05 0.000554054
2.71 6.30938e-05 0.000563959
2.715 5.3932e-05 0.000559049
2.72 4.98899e-05 0.000542107
2.725 5.00671e-05 0.000556999
2.73 4.99855e-05 0.000540918
2.735 5.00168e-05 0.000552949
2.74 4.99352e-05 0.000568106
2.745 4.99259e-05 0.000561096
2.75 5.00296e-05 0.000545962
2.755 5.0061e-05 0.000542993
2.76 4.89998e-05 0.000542886
2.765 4.98922e-05 0.000546063
2.77 5.20627e-05 0.000570087
2.775 5.10534e-05 0.000564032
2.78 5.11039e-05 0.000548082
2.785 5.49364e-05 0.000540908
2.79 5.01068e-05 0.000545039
2.795 4.98998e-05 0.00054207
2.8 5.49844e-05 0.000571956
2.805 5.10146e-05 0.000544993
2.81 5.69929e-05 0.000569011
2.815 5.30164e-05 0.000563087
2.82 5.29211e-05 0.000565992
2.825 5.40576e-05 0.000551937
2.83 5.08833e-05 0.0005701
2.835 5.1066e-05 0.000546091
2.84 5.70907e-05 0.000545917
2.845 5.21085e-05 0.000554895
2.85 5.09806e-05 0.000541959
2.855 5.09194e-05 0.000542898
2.86 5.20966e-05 0.000564883
2.865 5.2094e-05 0.000543119
2.87 5.4887e-05 0.000552051
2.875 5.10901e-05 0.000542069
2.88 5.10289e-05 0.000542007
2.885 5.09146e-05 0.000541893
2.89 5.10918e-05 0.00056507
2.895 5.20429e-05 0.000542068
2.9 5.1028e-05 0.000560006
2.905 5.08933e-05 0.000542918
2.91 5.11168e-05 0.000542095
2.915 5.10092e-05 0.000540988
2.92 5.09017e-05 0.000560118
2.925 5.69522e-05 0.00054197
2.93 5.09305e-05 0.000564955
2.935 5.3928e-05 0.000564045
2.94 5.29255e-05 0.000560997
2.945 5.09297e-05 0.000544908
2.95 5.10075e-05 0.000554032
2.955 5.30117e-05 0.000545891
2.96 5.50827e-05 0.000566054
2.965 5.09807e-05 0.000541959
2.97 4.99195e-05 0.00054209
2.975 5.10436e-05 0.000542068
2.98 5.19824e-05 0.000542007
2.985 6.69674e-05 0.000548972
2.99 5.09649e-05 0.000560943
2.995 5.19229e-05 0.000541948
3 5.0908e-05 0.000540886
3.005 5.10851e-05 0.000541063
3.01 5.09776e-05 0.000542956
3.015 5.09627e-05 0.000567941
3.02 5.10528e-05 0.000562031
3.025 5.19576e-05 0.000542982
3.03 5.0989e-05 0.000554967
3.035 5.10531e-05 0.000542032
3.04 5.49919e-05 0.000563917
3.045 5.30357e-05 0.000568107
3.05 5.40264e-05 0.000572905
3.055 5.20566e-05 0.000542081
3.06 5.10417e-05 0.00054102
3.065 5.09341e-05 0.000540913
3.07 5.1065e-05 0.000543043
3.075 5.10038e-05 0.000565029
3.08 5.20012e-05 0.000560026
3.085 5.69987e-05 0.000543017
3.09 5.10233e-05 0.000542048
3.095 5.19553e-05 0.00054198
3.1 5.09404e-05 0.000553965
3.105 5.10509e-05 0.000570076
3.11 5.20416e-05 0.000544113
3.115 5.69272e-05 0.000564945
3.12 5.20636e-05 0.000542088
3.125 5.10487e-05 0.000542074
3.13 5.19875e-05 0.000544012
3.135 5.20189e-05 0.000566044
3.14 5.20163e-05 0.000544087
3.145 5.1902e-05 0.000560927
3.15 5.30984e-05 0.000541931
3.155 5.18914e-05 0.000541916
3.16 5.21149e-05 0.000563901
3.165 5.29203e-05 0.000572991
3.17 5.10431e-05 0.000537022
3.175 5.09424e-05 0.000554921
3.18 5.50528e-05 0.000555978
3.185 5.29644e-05 0.000557036
3.19 5.20681e-05 0.000551093
3.195 5.09934e-05 0.000555972
3.2 5.60507e-05 0.000536022
3.205 5.09894e-05 0.000552968
3.21 5.30005e-05 0.000548118
3.215 5.11179e-05 0.000536096
3.22 5.09707e-05 0.000535949
3.225 5.11084e-05 0.000548087
3.23 5.41126e-05 0.000542992
3.235 5.19452e-05 0.00055397
3.24 5.20557e-05 0.00053808
3.245 5.10475e-05 0.000536026
3.25 5.09004e-05 0.000536117
3.255 5.00381e-05 0.00053597
3.26 5.0891e-05 0.000559108
3.265 5.1041e-05 0.000551066
3.27 5.31052e-05 0.000557938
3.275 5.30168e-05 0.000556088
3.28 5.30742e-05 0.000548907
3.285 5.0953e-05 0.000534931
3.29 5.09981e-05 0.000559976
3.295 5.09096e-05 0.000540888
3.3 5.50268e-05 0.000535952
3.305 5.01047e-05 0.000536037
3.31 5.09575e-05 0.000535936
3.315 5.10488e-05 0.000535027
3.32 5.10939e-05 0.000558072
3.325 5.09592e-05 0.000535938
3.33 5.40968e-05 0.000548976
3.335 5.10683e-05 0.000549093
3.34 4.99008e-05 0.000536071
3.345 5.09458e-05 0.000535924
3.35 5.30372e-05 0.000562916
3.355 5.30346e-05 0.000556106
3.36 5.29994e-05 0.00056007
3.365 5.29573e-05 0.000543075
3.37 5.3035e-05 0.000542106
3.375 5.30133e-05 0.000541084
3.38 5.49984e-05 0.000574924
3.385 5.89755e-05 0.000558086
3.39 5.50725e-05 0.000575998
3.395 5.59569e-05 0.000556975
3.4 5.59149e-05 0.000556886
3.405 5.50648e-05 0.00055899
3.41 5.60228e-05 0.000574994
3.415 5.69004e-05 0.000556918
3.42 5.59047e-05 0.000575115
3.425 5.60276e-05 0.000556999
3.43 5.59392e-05 0.000554911
3.435 5.59434e-05 0.000570915
3.44 5.7881e-05 0.000590992
3.445 5.90162e-05 0.000580888
3.45 5.60328e-05 0.000576005
3.455 5.59173e-05 0.000556935
3.46 5.61136e-05 0.000557085
3.465 5.60252e-05 0.000575997
3.47 5.49097e-05 0.000580881
3.475 5.71184e-05 0.000557898
3.48 5.98843e-05 0.000570041
3.485 5.69607e-05 0.000555979
3.49 5.70645e-05 0.000556082
3.495 5.69761e-05 0.000576994
3.5 5.89995e-05 0.00058811
3.505 5.90489e-05 0.000576921
3.51 5.99661e-05 0.000579885
3.515 5.90222e-05 0.000576894
3.52 5.78999e-05 0.000577964
3.525 5.80092e-05 0.000578881
3.53 5.89795e-05 0.00058909
3.535 5.90752e-05 0.000586947
3.54 5.99257e-05 0.000580083
3.545 5.79887e-05 0.000564053
3.55 5.58867e-05 0.000556097
3.555 5.59835e-05 0.000557955
3.56 5.59415e-05 0.000581913
3.565 5.69582e-05 0.000576976
3.57 5.89816e-05 0.000564092
3.575 5.79259e-05 0.00056699
3.58 5.79166e-05 0.000569027
3.585 6.28937e-05 0.000563951
3.59 7.20234e-05 0.000573021
3.595 5.90795e-05 0.000582952
3.6 5.79504e-05 0.000572015
3.605 6.20732e-05 0.000564084
3.61 5.69181e-05 0.000562982
3.615 5.69619e-05 0.000584026
3.62 6.09718e-05 0.000567937
3.625 5.79556e-05 0.00058302
3.63 5.80186e-05 0.000567083
3.635 5.70093e-05 0.000566027
3.64 5.69073e-05 0.000563925
3.645 5.79511e-05 0.000585015
3.65 5.79079e-05 0.000563972
3.655 5.79449e-05 0.000582009
3.66 5.79614e-05 0.000566026
3.665 5.69058e-05 0.000564924
3.67 5.79959e-05 0.00056206
3.675 5.70398e-05 0.000593058
3.68 5.99434e-05 0.000584908
3.685 5.90922e-05 0.000585964
3.69 5.71021e-05 0.000562928
3.695 5.69074e-05 0.000563925
3.7 5.69512e-05 0.000572969
3.705 5.90277e-05 0.0005929
3.71 5.79776e-05 0.000567042
3.715 6.41074e-05 0.000586973
3.72 5.90573e-05 0.000588929
3.725 6.00072e-05 0.000584926
3.73 5.90633e-05 0.000584936
3.735 6.00269e-05 0.000599945
3.74 5.89632e-05 0.000594074
3.745 5.90058e-05 0.000585924
3.75 6.00619e-05 0.00058598
3.755 5.91181e-05 0.00058599
3.76 5.8936e-05 0.000596093
3.765 6.01175e-05 0.000588036
3.77 6.00741e-05 0.000593993
3.775 6.01168e-05 0.000586035
3.78 5.89809e-05 0.000585091
3.785 5.99907e-05 0.000587909
3.79 5.89474e-05 0.000597104
3.795 5.99301e-05 0.000586087
3.8 6.40326e-05 0.000586944
3.805 5.89362e-05 0.000585093
3.81 5.89924e-05 0.000586103
3.815 5.90022e-05 0.000584921
3.82 5.90584e-05 0.000600931
3.825 6.09484e-05 0.000594913
3.83 5.98916e-05 0.000586048
3.835 5.8994e-05 0.000587105
3.84 6.00502e-05 0.000586969
3.845 5.99606e-05 0.000586118
3.85 6.09569e-05 0.000586922
3.855 6.00063e-05 0.000594925
3.86 6.00952e-05 0.000586014
3.865 5.89062e-05 0.000585017
3.87 5.99159e-05 0.000586073
3.875 5.90185e-05 0.000596937
3.88 5.90542e-05 0.000584973
3.885 6.01105e-05 0.000593029
3.89 6.01067e-05 0.000585025
3.895 5.89244e-05 0.000587035
3.9 6.00269e-05 0.000593946
3.905 6.01158e-05 0.000596081
3.91 5.71053e-05 0.000570885
3.915 6.30756e-05 0.000582895
3.92 5.99397e-05 0.000587097
3.925 5.90885e-05 0.000583961
3.93 5.89526e-05 0.00058611
3.935 6.00946e-05 0.000590013
3.94 5.89519e-05 0.000596063
3.945 5.79945e-05 0.000563059
3.95 5.80383e-05 0.000566103
3.955 5.69826e-05 0.000563001
3.96 5.79801e-05 0.000563044
3.965 6.39639e-05 0.000582068
3.97 6.29671e-05 0.000582025
3.975 5.80233e-05 0.000564088
3.98 5.79213e-05 0.000565032
3.985 5.81041e-05 0.00056293
3.99 5.79094e-05 0.00058202
3.995 5.99655e-05 0.00056593
4 5.79031e-05 0.000581967
4.005 5.9105e-05 0.000563977
4.01 5.80031e-05 0.000562067
4.015 5.80006e-05 0.000563065
4.02 5.70443e-05 0.000579109
4.025 5.79616e-05 0.000563026
4.03 5.70517e-05 0.000582116
4.035 5.90683e-05 0.00056294
4.04 5.792e-05 0.000562984
4.045 5.69638e-05 0.000562982
4.05 5.79612e-05 0.000588026
4.055 5.811e-05 0.000563936
4.06 5.69618e-05 0.00058398
4.065 5.79783e-05 0.000577089
4.07 5.70482e-05 0.000562112
4.075 5.69925e-05 0.00057101
4.08 6.20227e-05 0.00058908
4.085 5.70189e-05 0.000564083
4.09 6.40559e-05 0.000568921
4.095 5.79867e-05 0.000562097
4.1 5.70305e-05 0.000562095
4.105 5.7028e-05 0.000563046
4.11 5.80255e-05 0.00058509
4.115 5.80816e-05 0.000566907
4.12 6.29593e-05 0.000563017
4.125 5.79963e-05 0.000563107
4.13 6.00864e-05 0.000581005
4.135 6.00431e-05 0.000579008
4.14 6.10597e-05 0.000605025
4.145 6.08899e-05 0.000607093
4.15 6.41042e-05 0.00060397
4.155 6.30801e-05 0.000602899
4.16 6.2917e-05 0.000603974
4.165 6.2085e-05 0.000618096
4.17 6.20405e-05 0.000605052
4.175 6.29238e-05 0.000607981
4.18 6.30849e-05 0.000602904
4.185 6.19682e-05 0.000603979
4.19 6.20435e-05 0.000604055
4.195 6.31189e-05 0.000613938
4.2 6.29354e-05 0.000613993
4.205 6.30898e-05 0.000601909
4.21 6.49267e-05 0.000611077
4.215 6.2889e-05 0.000587947
4.22 6.08921e-05 0.000603903
4.225 6.39075e-05 0.000593011
4.23 6.20891e-05 0.0006081
4.235 6.21113e-05 0.000589884
4.24 6.19222e-05 0.000589933
4.245 6.19716e-05 0.000589029
4.25 6.30673e-05 0.000632933
4.255 6.50025e-05 0.000616914
4.26 6.90969e-05 0.000625956
4.265 6.50852e-05 0.000620997
4.27 6.50871e-05 0.000606999
4.275 6.39171e-05 0.000608021
4.28 6.80117e-05 0.000613062
4.285 6.40135e-05 0.000626925
4.29 6.51012e-05 0.000607013
4.295 6.49313e-05 0.000608081
4.3 6.40462e-05 0.000622912
4.305 6.40944e-05 0.000629006
4.31 6.48906e-05 0.000629041
4.315 6.50709e-05 0.000607983
4.32 6.39474e-05 0.000607051
4.325 6.4016e-05 0.000607881
4.33 6.40844e-05 0.00062895
4.335 6.8927e-05 0.00060707
4.34 6.40351e-05 0.0006279
4.345 6.48843e-05 0.000608034
4.35 6.49992e-05 0.000606957
4.355 6.50146e-05 0.000631926
4.36 6.69498e-05 0.000636954
4.365 6.70172e-05 0.000639022
4.37 6.40844e-05 0.000607996
4.375 6.49146e-05 0.000608065
4.38 6.49831e-05 0.000605895
4.385 6.40054e-05 0.000644109
4.39 6.70659e-05 0.00063107
4.395 7.0001e-05 0.000617952
4.4 6.49034e-05 0.000608054
4.405 6.40183e-05 0.000606884
4.41 6.40405e-05 0.000607906
4.415 6.40628e-05 0.000642928
4.42 6.6077e-05 0.000630081
4.425 6.39127e-05 0.000606063
4.43 6.39349e-05 0.000609039
4.435 6.40034e-05 0.000605915
4.44 6.40256e-05 0.000631891
4.445 6.39145e-05 0.000604065
4.45 7.18836e-05 0.000610881
4.455 6.49849e-05 0.000605897
4.46 6.40071e-05 0.000608111
4.465 6.40292e-05 0.000606895
4.47 7.70515e-05 0.000616089
4.475 6.40861e-05 0.000623952
4.48 6.59885e-05 0.000607947
4.485 6.39576e-05 0.000608061
4.49 6.40261e-05 0.000606892
4.495 6.40416e-05 0.000633907
4.5 6.40231e-05 0.000612935
4.505 7.00181e-05 0.000606969
4.51 6.39341e-05 0.000610084
4.515 6.49032e-05 0.000607053
4.52 6.39717e-05 0.000608076
4.525 7.19804e-05 0.000629978
4.53 7.00477e-05 0.000640953
4.535 6.6062e-05 0.00061702
4.54 6.91101e-05 0.000624969
4.545 6.60057e-05 0.000618964
4.55 6.59613e-05 0.000642966
4.555 6.70218e-05 0.000638026
4.56 6.90891e-05 0.000648994
4.565 6.99903e-05 0.000646895
4.57 6.90904e-05 0.000625949
4.575 6.60786e-05 0.000644037
4.58 6.59472e-05 0.000621905
4.585 7.59421e-05 0.000618887
4.59 6.59304e-05 0.000615889
4.595 6.69854e-05 0.00061799
4.6 6.78946e-05 0.000651945
4.605 7.19212e-05 0.000650919
4.61 6.90145e-05 0.000669111
4.615 7.09416e-05 0.000659893
4.62 6.9975e-05 0.000651926
4.625 6.70684e-05 0.000635119
4.63 7.69041e-05 0.000645895
4.635 6.78978e-05 0.000652949
4.64 6.78918e-05 0.000642989
4.645 7.00449e-05 0.00064295
4.65 6.79134e-05 0.000633964
4.655 6.79875e-05 0.000660038
4.66 6.79746e-05 0.000653025
4.665 6.79753e-05 0.000635072
4.67 6.80956e-05 0.000631954
4.675 6.70771e-05 0.000634082
4.68 6.71049e-05 0.000659109
4.685 6.7953e-05 0.000641004
4.69 7.09142e-05 0.000635104
4.695 6.78889e-05 0.00063494
4.7 6.69629e-05 0.000633967
4.705 6.69907e-05 0.000650995
4.71 7.00309e-05 0.000635982
4.715 6.90451e-05 0.000663904
4.72 6.98864e-05 0.00064603
4.725 6.88939e-05 0.000643991
4.73 6.89544e-05 0.000645051
4.735 7.19415e-05 0.000649939
4.74 6.90348e-05 0.000663893
4.745 6.89224e-05 0.000656019
4.75 6.91083e-05 0.000644967
4.755 7.39768e-05 0.000672067
4.76 7.10825e-05 0.00067608
4.765 7.0996e-05 0.000676947
4.77 7.19096e-05 0.000668907
4.775 7.09294e-05 0.000669927
4.78 7.19425e-05 0.00067194
4.785 7.21012e-05 0.000670085
4.79 7.10543e-05 0.000677006
4.795 7.1968e-05 0.000671966
4.8 7.08883e-05 0.000670886
4.805 7.10008e-05 0.000670998
4.81 7.11132e-05 0.000684111
4.815 7.196e-05 0.000676958
4.82 7.192e-05 0.000669918
4.825 7.19861e-05 0.000672984
4.83 7.09528e-05 0.000668904
4.835 7.09263e-05 0.000679924
4.84 7.10714e-05 0.000678069
4.845 7.20777e-05 0.000670075
4.85 7.10906e-05 0.000671042
4.855 7.09185e-05 0.000675108
4.86 7.18851e-05 0.000685883
4.865 7.11161e-05 0.000679067
4.87 7.09303e-05 0.000672928
4.875 7.19433e-05 0.000693987
4.88 7.30219e-05 0.000690066
4.885 8.5915e-05 0.000695084
4.89 7.30195e-05 0.00070111
4.895 7.4038e-05 0.00069089
4.9 7.29776e-05 0.000698021
4.905 7.3003e-05 0.000702047
4.91 7.3068e-05 0.000689112
4.915 7.29148e-05 0.000706005
4.92 7.40656e-05 0.000693917
4.925 7.0091e-05 0.000663996
4.93 7.09787e-05 0.00068593
4.935 7.49249e-05 0.000665062
4.94 7.50904e-05 0.000700989
4.945 7.29633e-05 0.000694054
4.95 7.30882e-05 0.000673894
4.955 7.20944e-05 0.000696092
4.96 7.09808e-05 0.000668932
4.965 7.70933e-05 0.000669892
4.97 7.09605e-05 0.000677912
4.975 7.01125e-05 0.000665017
4.98 7.00001e-05 0.000684951
4.985 6.99927e-05 0.000666944
4.99 7.70522e-05 0.000671043
4.995 6.99194e-05 0.000664063
5 7.00454e-05 0.00066995
5.005 6.99726e-05 0.000684116
5.01 7.1111e-05 0.000666062
5.015 7.88991e-05 0.000672029
5.02 6.99054e-05 0.000665049
5.025 7.00314e-05 0.000664936
5.03 7.39191e-05 0.000710009
5.035 7.29241e-05 0.000691014
5.04 8.09099e-05 0.000680086
5.045 7.19025e-05 0.0006789
5.05 7.11009e-05 0.000681052
5.055 7.39613e-05 0.000707052
5.06 7.19731e-05 0.000677971
5.065 7.59127e-05 0.000695903
5.07 7.0938e-05 0.000672889
5.075 7.10505e-05 0.000674048
5.08 7.20172e-05 0.000698015
5.085 7.39963e-05 0.000716086
5.09 7.40408e-05 0.000702893
5.095 7.30131e-05 0.000700057
5.1 7.20848e-05 0.00069689
5.105 7.29712e-05 0.000721015
5.11 7.39163e-05 0.000715007
5.115 7.30603e-05 0.000697912
5.12 7.30394e-05 0.000713083
5.125 7.29518e-05 0.000723996
5.13 7.70822e-05 0.000727073
5.135 7.69607e-05 0.000732951
5.14 7.79317e-05 0.000740015
5.145 7.80349e-05 0.000737072
5.15 7.79529e-05 0.00074699
5.155 7.69499e-05 0.000741987
5.16 7.79073e-05 0.000739945
5.165 7.70106e-05 0.000735048
5.17 7.80744e-05 0.000739111
5.175 7.8085e-05 0.000747884
5.18 7.79362e-05 0.000742973
5.185 7.79864e-05 0.000736024
5.19 7.70964e-05 0.000735895
5.195 7.6968e-05 0.000746959
5.2 7.79188e-05 0.000735002
5.205 8.39757e-05 0.000741052
5.21 7.79263e-05 0.000733963
5.215 7.69901e-05 0.000734981
5.22 7.80075e-05 0.000758045
5.225 8.10836e-05 0.000730021
5.23 7.9101e-05 0.000739946
5.235 7.70121e-05 0.000721049
5.24 7.50963e-05 0.000707994
5.245 7.5108e-05 0.000738006
5.25 7.50259e-05 0.000727924
5.255 7.5057e-05 0.000726001
5.26 7.50417e-05 0.00070794
5.265 7.40534e-05 0.000721905
5.27 7.89454e-05 0.000707075
5.275 7.68973e-05 0.000710935
5.28 7.2995e-05 0.000696039
5.285 7.20735e-05 0.000698117
5.29 7.30063e-05 0.00072005
5.295 7.30903e-05 0.000705942
5.3 8.11021e-05 0.00072604
5.305 7.59342e-05 0.000768117
5.31 7.29042e-05 0.000733994
5.315 7.29283e-05 0.000764972
5.32 7.30044e-05 0.000755095
5.325 7.40477e-05 0.0007359
5.33 7.29262e-05 0.00073297
5.335 7.30498e-05 0.000750902
5.34 7.90468e-05 0.000734892
5.345 8.10111e-05 0.000741995
5.35 7.40612e-05 0.000749913
5.355 7.3065e-05 0.000733917
5.36 7.50429e-05 0.000787941
5.365 7.50851e-05 0.00077803
5.37 7.50944e-05 0.000750993
5.375 7.99457e-05 0.000747076
5.38 7.40885e-05 0.000760987
5.385 8.00189e-05 0.000781956
5.39 8.89683e-05 0.000776038
5.395 7.70568e-05 0.000773048
5.4 7.58809e-05 0.00076711
5.405 7.70959e-05 0.000791087
5.41 7.58929e-05 0.000765076
5.415 8.10153e-05 0.000776953
5.42 7.91037e-05 0.000774949
5.425 7.41131e-05 0.000769965
5.43 7.49904e-05 0.000758889
5.435 7.60201e-05 0.000766965
5.44 7.59505e-05 0.000751895
5.445 7.79938e-05 0.000736077
5.45 7.40576e-05 0.000774909
5.455 7.4928e-05 0.000756065
5.46 7.4064e-05 0.000735916
5.465 7.38961e-05 0.000750986
5.47 7.70321e-05 0.000771023
5.475 7.59489e-05 0.000771893
5.48 7.70113e-05 0.000768002
5.485 7.68886e-05 0.000763118
5.49 7.69579e-05 0.000761949
5.495 7.6034e-05 0.000777025
5.5 7.69902e-05 0.000771981
5.505 7.80991e-05 0.000768898
5.51 7.81153e-05 0.00073296
5.515 7.40864e-05 0.000759938
5.52 7.39772e-05 0.000747114
5.525 7.39278e-05 0.000715018
5.53 7.19792e-05 0.000712977
5.535 7.20837e-05 0.000711081
5.54 7.20954e-05 0.000736093
5.545 7.09739e-05 0.000718925
5.55 7.01179e-05 0.000684023
5.555 6.9932e-05 0.000681075
5.56 6.80772e-05 0.000683889
5.565 6.80834e-05 0.000705896
5.57 6.80557e-05 0.000701914
5.575 6.90348e-05 0.000682893
5.58 6.8041e-05 0.000685092
5.585 6.90935e-05 0.000681952
5.59 6.80535e-05 0.000708104
5.595 6.9072e-05 0.000707931
5.6 6.90906e-05 0.000681996
5.605 6.90506e-05 0.000680909
5.61 6.69641e-05 0.000698969
5.615 6.89963e-05 0.000708901
5.62 7.00081e-05 0.000699913
5.625 6.99804e-05 0.000679885
5.63 6.68871e-05 0.000670892
5.635 6.69138e-05 0.000714918
5.64 7.1912e-05 0.000668956
5.645 6.50245e-05 0.000687936
5.65 6.79313e-05 0.000680982
5.655 6.70833e-05 0.000684088
5.66 6.70895e-05 0.000678902
5.665 6.79364e-05 0.000681033
5.67 8.59426e-05 0.000717112
5.675 6.80662e-05 0.000710925
5.68 6.80781e-05 0.00067189
5.685 6.80515e-05 0.000661102
5.69 6.80849e-05 0.000650897
5.695 6.80392e-05 0.00065609
5.7 6.80793e-05 0.000647892
5.705 6.78879e-05 0.000649939
5.71 7.8014e-05 0.000671097
5.715 6.89535e-05 0.000686051
5.72 6.89992e-05 0.000659096
5.725 6.794e-05 0.000652991
5.73 6.69869e-05 0.000647991
5.735 6.69943e-05 0.000648999
5.74 8.10018e-05 0.00065194
5.745 6.70284e-05 0.000661079
5.75 9.20618e-05 0.000670032
5.755 6.79087e-05 0.000687959
5.76 6.89544e-05 0.000674051
5.765 6.81132e-05 0.000659926
5.77 6.79082e-05 0.000658959
5.775 6.58884e-05 0.000640085
5.78 6.49558e-05 0.000638106
5.785 6.48842e-05 0.000639034
5.79 6.60509e-05 0.000649009
5.795 6.59589e-05 0.000647917
5.8 6.79663e-05 0.000649017
5.805 6.60664e-05 0.000649071
5.81 6.68818e-05 0.000650886
5.815 6.69819e-05 0.000671033
5.82 6.8048e-05 0.000660099
5.825 6.69424e-05 0.000630947
5.83 6.40696e-05 0.000632935
5.835 6.41042e-05 0.00063997
5.84 6.58868e-05 0.000656083
5.845 6.50728e-05 0.000639031
5.85 6.68949e-05 0.000637946
5.855 6.29622e-05 0.00060002
5.86 6.20907e-05 0.000596102
5.865 6.29411e-05 0.000599999
5.87 6.49702e-05 0.000629928
5.875 6.20442e-05 0.000614055
5.88 6.1914e-05 0.000595925
5.885 6.20493e-05 0.000597107
5.89 6.10386e-05 0.00059505
5.895 6.19355e-05 0.000618947
5.9 6.30299e-05 0.000588087
5.905 6.18873e-05 0.000613945
5.91 6.29954e-05 0.000594099
5.915 6.29385e-05 0.000593996
5.92 6.40206e-05 0.000593886
5.925 6.60564e-05 0.000616014
5.93 6.50119e-05 0.000615924
5.935 6.51132e-05 0.000596025
5.94 6.39106e-05 0.000600014
5.945 6.40854e-05 0.000618997
5.95 6.49946e-05 0.000624906
5.955 6.98902e-05 0.000588034
5.96 6.50254e-05 0.000605937
5.965 6.5094e-05 0.000588006
5.97 6.39976e-05 0.000588101
5.975 6.50933e-05 0.000589005
5.98 6.40432e-05 0.000624909
5.985 6.50845e-05 0.000596043
5.99 6.59147e-05 0.000588111
5.995 6.51031e-05 0.000588015
6 6.50067e-05 0.000586918
6.005 6.51024e-05 0.000597014
6.01 7.79924e-05 0.00059603
6.015 6.51005e-05 0.000607012
6.02 6.4977e-05 0.000587889
6.025 6.5119e-05 0.000587031
6.03 6.40226e-05 0.000587888
6.035 6.51183e-05 0.00062503
6.04 6.59676e-05 0.000587926
6.045 6.89639e-05 0.000624061
6.05 6.69984e-05 0.000612003
6.055 6.7007e-05 0.000611011
6.06 6.69694e-05 0.000610974
6.065 6.81169e-05 0.000626929
6.07 6.70521e-05 0.000617103
6.075 6.69545e-05 0.000610959
6.08 6.79168e-05 0.000610968
6.085 6.69255e-05 0.00061193
6.09 6.69342e-05 0.000602938
6.095 6.80953e-05 0.000592908
6.1 6.69718e-05 0.000592976
6.105 6.60076e-05 0.000592966
6.11 6.60433e-05 0.000593001
6.115 6.60329e-05 0.000592991
6.12 6.60686e-05 0.000603027
6.125 6.59451e-05 0.00059995
6.13 6.6921e-05 0.000590925
6.135 6.60957e-05 0.000592054
6.14 6.50389e-05 0.000585951
6.145 6.50815e-05 0.000584993
6.15 6.50315e-05 0.000572943
6.155 6.40481e-05 0.000573913
6.16 6.5111e-05 0.000570023
6.165 6.59886e-05 0.000557947
6.17 6.09794e-05 0.00053999
6.175 6.09045e-05 0.000574916
6.18 6.19212e-05 0.000541932
6.185 6.0939e-05 0.00055995
6.19 6.19297e-05 0.000541941
6.195 6.09475e-05 0.000541912
6.2 6.21111e-05 0.000543884
6.205 6.193e-05 0.000563941
6.21 6.1914e-05 0.000541925
6.215 6.19318e-05 0.000560943
6.22 6.21146e-05 0.000539887
6.225 6.00398e-05 0.000533958
6.23 6.00711e-05 0.00053399
6.235 6.10562e-05 0.000554021
6.24 6.09542e-05 0.000533965
6.245 6.10783e-05 0.00055509
6.25 6.09831e-05 0.000534948
6.255 6.01072e-05 0.000534026
6.26 6.00923e-05 0.000559011
6.265 6.1944e-05 0.000560001
6.27 6.20737e-05 0.000555085
6.275 6.20711e-05 0.00055589
6.28 6.00618e-05 0.000552027
6.285 6.30661e-05 0.000555885
6.29 5.99178e-05 0.000541075
6.295 6.00814e-05 0.000541
6.3 5.99071e-05 0.00052411
6.305 5.89985e-05 0.000540109
6.31 5.80231e-05 0.000520087
6.315 5.69823e-05 0.000518047
6.32 5.70872e-05 0.000538105
6.325 5.69265e-05 0.000514944
6.33 5.70314e-05 0.000551049
6.335 5.68966e-05 0.000531915
6.34 5.69349e-05 0.000513999
6.345 6.20929e-05 0.000521912
6.35 5.68926e-05 0.000515911
6.355 5.70969e-05 0.000515115
6.36 5.60166e-05 0.000538035
6.365 5.69486e-05 0.000514967
6.37 6.09145e-05 0.000527118
6.375 5.69064e-05 0.000514924
6.38 5.40644e-05 0.00050099
6.385 5.3958e-05 0.000502075
6.39 5.40902e-05 0.000500969
6.395 5.60561e-05 0.000506028
6.4 5.40819e-05 0.000519961
6.405 5.39484e-05 0.000502066
6.41 5.28883e-05 0.000499959
6.415 5.39278e-05 0.000500045
6.42 5.39671e-05 0.000501085
6.425 5.39998e-05 0.000527117
6.43 5.40448e-05 0.000500924
6.435 5.38921e-05 0.000520056
6.44 5.4997e-05 0.000498922
6.445 5.50364e-05 0.000499962
6.45 5.38838e-05 0.000500001
6.455 5.51085e-05 0.000501034
6.46 6.79558e-05 0.000508053
6.465 5.40075e-05 0.000516933
6.47 5.49735e-05 0.000499899
6.475 5.40592e-05 0.000500938
6.48 5.39066e-05 0.000500024
6.485 5.39459e-05 0.00049911
6.49 5.39854e-05 0.000525103
6.495 5.49309e-05 0.000502095
6.5 5.29173e-05 0.000532988
6.505 5.79092e-05 0.000519973
6.51 5.69609e-05 0.000519979
6.515 5.59663e-05 0.000519938
6.52 5.61177e-05 0.000532089
6.525 5.60101e-05 0.000520982
6.53 5.50619e-05 0.000522033
6.535 5.69215e-05 0.00051194
6.54 5.60333e-05 0.000512005
6.545 5.60522e-05 0.000514024
6.55 5.39256e-05 0.000495089
6.555 5.40644e-05 0.000506943
6.56 5.38981e-05 0.000495062
6.565 5.78912e-05 0.000494955
6.57 5.40165e-05 0.000494896
6.575 5.39169e-05 0.000494034
6.58 5.40095e-05 0.000494888
6.585 5.3102e-05 0.000494981
6.59 5.70815e-05 0.000499099
6.595 5.61142e-05 0.000510086
6.6 5.58947e-05 0.000500105
6.605 5.48811e-05 0.000501045
6.61 5.60594e-05 0.000500031
6.615 5.60457e-05 0.000499017
6.62 5.69856e-05 0.000528004
6.625 5.70239e-05 0.000500042
6.63 5.60565e-05 0.000508028
6.635 5.5983e-05 0.000500955
6.64 5.39625e-05 0.00049608
6.645 5.39091e-05 0.000495027
6.65 5.50017e-05 0.000493927
6.655 6.40942e-05 0.00049696
6.66 5.2928e-05 0.000490999
6.665 5.08815e-05 0.000482906
6.67 5.00408e-05 0.000483973
6.675 5.09153e-05 0.000481894
6.68 5.09819e-05 0.000482007
6.685 5.10947e-05 0.000495073
6.69 5.19488e-05 0.000484974
6.695 5.09623e-05 0.000489941
6.7 5.0969e-05 0.000482994
6.705 5.08898e-05 0.000482107
6.71 4.99564e-05 0.000481888
6.715 4.99234e-05 0.000483094
6.72 5.099e-05 0.000496969
6.725 5.09368e-05 0.000482962
6.73 5.10961e-05 0.000489075
6.735 5.20564e-05 0.000482081
6.74 5.08846e-05 0.000483101
6.745 4.99975e-05 0.00048293
6.75 5.10641e-05 0.000484042
6.755 5.09848e-05 0.000494963
6.76 5.10773e-05 0.000480056
6.765 4.90049e-05 0.000481891
6.77 4.89788e-05 0.000463103
6.775 4.898e-05 0.000463104
6.78 4.7981e-05 0.000465059
6.785 4.79753e-05 0.0004631
6.79 4.89301e-05 0.000486054
6.795 4.89436e-05 0.000464068
6.8 4.89446e-05 0.000481069
6.805 5.01106e-05 0.000463043
6.81 4.79197e-05 0.000464997
6.815 4.79207e-05 0.000464045
6.82 4.79218e-05 0.000463
6.825 4.81149e-05 0.000493954
6.83 5.10222e-05 0.000483001
6.835 5.0082e-05 0.000491014
6.84 5.28966e-05 0.000491968
6.845 4.99958e-05 0.000474928
6.85 5.0884e-05 0.000475101
6.855 5.10036e-05 0.000475982
6.86 5.1938e-05 0.000499963
6.865 5.10238e-05 0.000477048
6.87 5.40972e-05 0.000522022
6.875 5.20563e-05 0.000475081
6.88 5.10369e-05 0.000475015
6.885 5.09251e-05 0.000487903
6.89 5.10311e-05 0.000475056
6.895 5.00119e-05 0.00049899
6.9 5.5005e-05 0.00049793
6.905 5.40375e-05 0.000479963
6.91 5.0912e-05 0.000480891
6.915 5.0886e-05 0.000481103
6.92 5.10983e-05 0.000480077
6.925 5.09795e-05 0.000481958
6.93 5.41117e-05 0.000511991
6.935 5.10843e-05 0.000512063
6.94 5.11102e-05 0.000493897
6.945 5.00174e-05 0.00049395
6.95 5.10241e-05 0.000493002
6.955 5.00771e-05 0.000493056
6.96 5.08917e-05 0.000533108
6.965 5.20293e-05 0.000495054
6.97 5.09828e-05 0.000510961
6.975 5.1916e-05 0.000492941
6.98 5.10154e-05 0.000493994
6.985 5.10684e-05 0.000493047
6.99 5.09293e-05 0.000492908
6.995 5.09822e-05 0.000524961
7 5.28814e-05 0.000519953
7.005 5.29864e-05 0.000512104
7.01 5.49591e-05 0.000493884
7.015 5.20516e-05 0.000500076
7.02 5.19984e-05 0.000502023
7.025 5.19914e-05 0.000521063
7.03 5.20828e-05 0.000500108
7.035 5.49764e-05 0.000530902
7.04 5.4922e-05 0.000514086
7.045 5.3941e-05 0.000513059
7.05 5.39138e-05 0.000514031
7.055 5.38864e-05 0.00051305
7.06 5.40976e-05 0.000534977
7.065 5.39901e-05 0.000527108
7.07 5.50814e-05 0.000516007
7.075 5.39479e-05 0.000513065
7.08 5.39206e-05 0.000514038
7.085 5.38933e-05 0.000513011
7.09 5.40582e-05 0.000535937
7.095 5.49969e-05 0.000518922
7.1 5.59097e-05 0.000541881
7.105 5.69806e-05 0.000534999
7.11 5.59657e-05 0.000526937
7.115 5.39644e-05 0.000513082
7.12 5.38909e-05 0.000532008
7.125 5.8929e-05 0.00054004
7.13 5.69536e-05 0.000537972
7.135 5.70314e-05 0.000528049
7.14 5.60763e-05 0.000521048
7.145 5.49824e-05 0.000519908
7.15 5.60409e-05 0.000529013
7.155 5.80329e-05 0.000555097
7.16 5.69908e-05 0.000540009
7.165 5.59228e-05 0.000519894
7.17 5.80277e-05 0.000530092
7.175 5.59732e-05 0.000527945
7.18 5.59719e-05 0.000520944
7.185 5.48847e-05 0.000558048
7.19 5.6889e-05 0.000541907
7.195 6.40989e-05 0.000542964
7.2 5.60173e-05 0.000534989
7.205 5.71018e-05 0.000533881
7.21 5.59479e-05 0.00053292
7.215 5.59399e-05 0.000560911
7.22 5.59305e-05 0.000533902
7.225 5.8015e-05 0.000565887
7.23 5.79989e-05 0.00055611
7.235 5.79037e-05 0.000555968
7.24 5.60933e-05 0.000540065
7.245 5.59327e-05 0.000556904
7.25 5.69832e-05 0.000535001
7.255 5.4922e-05 0.000554086
7.26 5.5933e-05 0.000533905
7.265 5.49712e-05 0.000533943
7.27 5.60094e-05 0.000533981
7.275 5.5094e-05 0.000551066
7.28 5.60982e-05 0.00053607
7.285 5.5037e-05 0.000555009
7.29 5.69418e-05 0.00053396
7.295 5.5119e-05 0.000534044
7.3 5.51109e-05 0.000534083
7.305 5.4957e-05 0.000533929
7.31 5.79681e-05 0.000540032
7.315 5.49926e-05 0.000553918
7.32 5.60037e-05 0.000539975
7.325 5.60815e-05 0.000535053
7.33 5.49275e-05 0.000542091
7.335 5.89059e-05 0.000534017
7.34 5.6891e-05 0.000566909
7.345 5.69744e-05 0.000563992
7.35 5.70645e-05 0.00054089
7.355 5.60427e-05 0.000547014
7.36 5.90605e-05 0.000563933
7.365 5.89981e-05 0.000562109
7.37 6.68962e-05 0.000549947
7.375 5.59862e-05 0.000559958
7.38 5.58911e-05 0.000540909
7.385 5.70614e-05 0.000540079
7.39 5.59934e-05 0.000543965
7.395 5.60645e-05 0.000560036
7.4 5.59229e-05 0.000567895
7.405 5.70063e-05 0.000559024
7.41 5.6911e-05 0.000556929
7.415 5.69153e-05 0.000538933
7.42 5.60394e-05 0.000540057
7.425 5.7925e-05 0.000568989
7.43 5.80547e-05 0.000581927
7.435 5.79651e-05 0.000573076
7.44 5.88958e-05 0.000558006
7.445 5.80391e-05 0.000556103
7.45 6.10433e-05 0.000571008
7.455 6.20204e-05 0.000586032
7.46 6.70698e-05 0.000585074
7.465 6.30197e-05 0.000596077
7.47 6.10092e-05 0.000566974
7.475 5.89468e-05 0.000561104
7.48 5.99906e-05 0.000562909
7.485 5.88886e-05 0.000578045
7.49 6.29979e-05 0.000567055
7.495 6.10744e-05 0.000583039
7.5 6.00843e-05 0.000566003
7.505 5.99292e-05 0.000563086
7.51 6.00588e-05 0.000563977
7.515 5.90495e-05 0.000579968
7.52 5.99136e-05 0.000563071
7.525 6.00964e-05 0.000583015
7.53 6.10068e-05 0.000561972
7.535 5.99511e-05 0.000562108
7.54 6.00875e-05 0.000561006
7.545 6.08929e-05 0.000586096
7.55 5.98959e-05 0.000566099
7.555 6.30256e-05 0.000578083
7.56 6.09428e-05 0.000561908
7.565 5.98872e-05 0.000564044
7.57 6.107e-05 0.000562035
7.575 6.00143e-05 0.000588979
7.58 6.211e-05 0.000563883
7.585 6.60802e-05 0.000570038
7.59 5.9958e-05 0.000563115
7.595 5.99023e-05 0.000565106
7.6 5.99393e-05 0.000562904
7.605 5.98837e-05 0.000593041
7.61 6.30189e-05 0.000595076
7.615 6.29552e-05 0.000577013
7.62 6.00182e-05 0.000562937
7.625 5.89625e-05 0.000562073
7.63 6.00064e-05 0.000562925
7.635 5.89507e-05 0.000586061
7.64 6.10532e-05 0.000593018
7.645 6.10031e-05 0.000563968
7.65 6.10402e-05 0.000563005
7.655 6.09313e-05 0.000574896
7.66 6.00012e-05 0.000561966
7.665 6.60245e-05 0.000573983
7.67 6.2988e-05 0.000595046
7.675 6.40239e-05 0.000585889
7.68 6.10732e-05 0.000578038
7.685 6.30899e-05 0.000556909
7.69 5.88952e-05 0.000573006
7.695 6.1965e-05 0.000556976
7.7 5.89625e-05 0.000574073
7.705 5.78932e-05 0.000540958
7.71 5.711e-05 0.000540889
7.715 5.60882e-05 0.00054106
7.72 5.59739e-05 0.000557946
7.725 6.0925e-05 0.000541936
7.73 5.50287e-05 0.000552954
7.735 5.60398e-05 0.000535011
7.74 5.49322e-05 0.000536096
7.745 5.50167e-05 0.000532988
7.75 5.70549e-05 0.000542073
7.755 5.89598e-05 0.00054107
7.76 5.5077e-05 0.000554002
7.765 5.70881e-05 0.000535106
7.77 5.59805e-05 0.000534952
7.775 5.5065e-05 0.000534037
7.78 5.51033e-05 0.000535029
7.785 5.49031e-05 0.000556113
7.79 5.49073e-05 0.000555071
7.795 5.59647e-05 0.000542983
7.8 5.49363e-05 0.000543908
7.805 5.50072e-05 0.000540933
7.81 5.48929e-05 0.000540103
7.815 5.49706e-05 0.000567896
7.82 5.50539e-05 0.000553979
7.825 5.60118e-05 0.000540984
7.83 5.59438e-05 0.000540915
7.835 5.50678e-05 0.000539993
7.84 5.50993e-05 0.000548025
7.845 5.50245e-05 0.000566996
7.85 5.60614e-05 0.000545033
7.855 6.19799e-05 0.000553991
7.86 5.79311e-05 0.000561995
7.865 5.70212e-05 0.000564085
7.87 5.69655e-05 0.000544983
7.875 5.6076e-05 0.000565048
7.88 5.50203e-05 0.000546946
7.885 6.18924e-05 0.00054295
7.89 5.50029e-05 0.000541928
7.895 5.88886e-05 0.000554045
7.9 5.38928e-05 0.000562057
7.905 5.68903e-05 0.000567954
7.91 5.69205e-05 0.000565938
7.915 6.10038e-05 0.000545969
7.92 5.49222e-05 0.000544894
7.925 5.49932e-05 0.000541918
7.93 5.51172e-05 0.000555043
7.935 5.49362e-05 0.0005671
7.94 5.59269e-05 0.000542898
7.945 5.7991e-05 0.000552055
7.95 5.50947e-05 0.000540066
7.955 5.59341e-05 0.000540906
7.96 5.60581e-05 0.00054803
7.965 5.59833e-05 0.000581955
7.97 5.6e-05 0.000555972
7.975 6.01036e-05 0.000569022
7.98 5.58954e-05 0.000555913
7.985 5.60918e-05 0.000561063
7.99 5.59503e-05 0.000554968
7.995 5.6054e-05 0.000578072
8 5.69316e-05 0.00055495
8.005 6.10816e-05 0.000568046
8.01 5.71118e-05 0.000555891
8.015 5.60698e-05 0.000555041
8.02 5.6074e-05 0.000556046
8.025 5.59393e-05 0.000581911
8.03 5.5956e-05 0.000556928
8.035 5.90528e-05 0.000565925
8.04 5.48977e-05 0.000555108
8.045 5.50015e-05 0.000557973
8.05 5.50058e-05 0.000553977
8.055 5.50167e-05 0.000579942
8.06 5.48945e-05 0.000555104
8.065 5.98987e-05 0.000566056
8.07 5.5982e-05 0.000554954
8.075 5.50858e-05 0.000555011
8.08 5.29047e-05 0.000553976
8.085 5.20615e-05 0.000564894
8.09 5.31053e-05 0.000539938
8.095 5.80836e-05 0.000552909
8.1 5.29952e-05 0.000541066
8.105 5.20266e-05 0.000540051
8.11 5.19654e-05 0.00055899
8.115 5.41154e-05 0.000577041
8.12 5.39467e-05 0.000561064
8.125 5.49973e-05 0.000570923
8.13 5.39812e-05 0.000563099
8.135 5.29323e-05 0.00056305
8.14 5.10293e-05 0.000540054
8.145 5.0968e-05 0.000563946
8.15 5.21112e-05 0.000541898
8.155 5.10963e-05 0.000580883
8.16 5.30271e-05 0.000553098
8.165 5.20844e-05 0.000539109
8.17 5.19769e-05 0.000554002
8.175 5.20343e-05 0.000561059
8.18 5.19854e-05 0.000540056
8.185 5.19241e-05 0.000558949
8.19 5.10279e-05 0.000533006
8.195 5.00198e-05 0.000532952
8.2 5.09721e-05 0.000533951
8.205 5.10172e-05 0.000550996
8.21 5.18892e-05 0.000538914
8.215 5.20664e-05 0.000561091
8.22 5.30706e-05 0.000542903
8.225 5.20953e-05 0.000543882
8.23 5.09809e-05 0.000538006
8.235 5.30191e-05 0.00054009
8.24 6.59048e-05 0.000548909
8.245 5.29023e-05 0.000558973
8.25 5.30522e-05 0.000539931
8.255 5.20836e-05 0.000539916
8.26 5.30224e-05 0.000541094
8.265 5.20075e-05 0.000540079
8.27 5.19926e-05 0.000564064
8.275 5.49901e-05 0.000577915
8.28 5.59209e-05 0.000555892
8.285 5.50245e-05 0.00055495
8.29 5.50356e-05 0.000555961
8.295 5.5093e-05 0.000553018
8.3 5.70114e-05 0.000592029
8.305 5.70607e-05 0.000581079
8.31 5.70706e-05 0.000564089
8.315 5.59223e-05 0.000565894
8.32 5.50587e-05 0.00056203
8.325 5.70099e-05 0.000567028
8.33 7.09542e-05 0.000571906
8.335 5.49641e-05 0.000572889
8.34 5.49017e-05 0.000555112
8.345 5.4959e-05 0.000555884
8.35 5.50164e-05 0.000561942
8.355 5.80602e-05 0.000577886
8.36 5.69774e-05 0.000578042
8.365 5.69014e-05 0.000586919
8.37 5.80038e-05 0.000578068
8.375 5.68815e-05 0.000577946
8.38 5.69975e-05 0.000578016
8.385 5.80142e-05 0.000592079
8.39 5.69641e-05 0.000578028
8.395 5.70802e-05 0.000587098
8.4 5.79443e-05 0.000578009
8.405 5.70604e-05 0.000580078
8.41 5.70307e-05 0.000590049
8.415 5.70337e-05 0.000589098
8.42 5.80368e-05 0.000577101
8.425 6.21065e-05 0.000580118
8.43 5.8017e-05 0.000578081
8.435 5.78946e-05 0.000575959
8.44 5.69643e-05 0.000576982
8.445 5.69877e-05 0.000592006
8.45 5.80834e-05 0.000586909
8.455 5.79475e-05 0.000583012
8.46 5.705e-05 0.000577068
8.465 5.58813e-05 0.000579091
8.47 5.59511e-05 0.000575969
8.475 5.59282e-05 0.000591946
8.48 5.70702e-05 0.000583088
8.485 5.69874e-05 0.000577005
8.49 5.70108e-05 0.000578029
8.495 5.60806e-05 0.000576099
8.5 5.70577e-05 0.000590076
8.505 5.71071e-05 0.000576887
8.51 5.69384e-05 0.000584956
8.515 5.99019e-05 0.000590059
8.52 5.79513e-05 0.000585016
8.525 5.79148e-05 0.000587979
8.53 5.79641e-05 0.000598028
8.535 5.79536e-05 0.000585064
8.54 5.80098e-05 0.000590074
8.545 5.90129e-05 0.000583885
8.55 5.89764e-05 0.000586087
8.555 5.80326e-05 0.000587097
8.56 5.80887e-05 0.000603915
8.565 5.89256e-05 0.000591036
8.57 5.90676e-05 0.00058494
8.575 5.88854e-05 0.000583996
8.58 5.90873e-05 0.00057296
8.585 5.79718e-05 0.000562036
8.59 5.89692e-05 0.00060608
8.595 6.40446e-05 0.00061091
8.6 6.29142e-05 0.000607972
8.605 6.19297e-05 0.000588941
8.61 6.40254e-05 0.000587891
8.615 5.88826e-05 0.000596993
8.62 6.00574e-05 0.000580976
8.625 5.88819e-05 0.000597993
8.63 6.19642e-05 0.000591975
8.635 5.89604e-05 0.000585071
8.64 5.99239e-05 0.000582081
8.645 6.10332e-05 0.000610998
8.65 6.10022e-05 0.000598967
8.655 6.49318e-05 0.000582082
8.66 6.10807e-05 0.000594046
8.665 6.2077e-05 0.000599896
8.67 6.19669e-05 0.000589024
8.675 7.30095e-05 0.000602053
8.68 6.21176e-05 0.00060789
8.685 6.29477e-05 0.000592005
8.69 6.2944e-05 0.000588001
8.695 6.30397e-05 0.000622097
8.7 6.39952e-05 0.000635099
8.705 6.5023e-05 0.000608935
8.71 7.1939e-05 0.000612937
8.715 6.49872e-05 0.000608899
8.72 6.49099e-05 0.00060706
8.725 6.40248e-05 0.000608937
8.73 6.39476e-05 0.000633051
8.735 6.3929e-05 0.000631033
8.74 6.49637e-05 0.000608114
8.745 6.50717e-05 0.00061103
8.75 6.49414e-05 0.000608899
8.755 6.59105e-05 0.000645107
8.76 6.70174e-05 0.000624068
8.765 7.10451e-05 0.000620996
8.77 6.68945e-05 0.000619899
8.775 6.59426e-05 0.000631901
8.78 6.89242e-05 0.000647067
8.785 7.01101e-05 0.000645061
8.79 7.09253e-05 0.000642115
8.795 7.00323e-05 0.000652984
8.8 7.09335e-05 0.000649885
8.805 6.99341e-05 0.000663885
8.81 9.01065e-05 0.000716984
8.815 7.19385e-05 0.000738936
8.82 7.39028e-05 0.000728993
8.825 7.60264e-05 0.000742971
8.83 7.48913e-05 0.000759074
8.835 7.40668e-05 0.000729919
8.84 7.39057e-05 0.000711996
8.845 7.20565e-05 0.000702054
8.85 7.48897e-05 0.000736026
8.855 7.40066e-05 0.000735905
8.86 7.50241e-05 0.000732922
8.865 7.40945e-05 0.000727993
8.87 7.40791e-05 0.000711977
8.875 7.50379e-05 0.000728936
8.88 9.21151e-05 0.000719893
8.885 7.59868e-05 0.000734931
8.89 7.60969e-05 0.000713041
8.895 7.49098e-05 0.000713046
8.9 7.49148e-05 0.000735051
8.905 7.58859e-05 0.000725069
8.91 7.89564e-05 0.000714086
8.915 7.60473e-05 0.000739992
8.92 7.69652e-05 0.000734956
8.925 7.689e-05 0.000758881
8.93 7.71119e-05 0.000754103
8.935 7.70094e-05 0.000753047
8.94 7.6907e-05 0.000745898
8.945 7.71029e-05 0.000777094
8.95 8.20592e-05 0.000750043
8.955 8.395e-05 0.000777073
8.96 7.99458e-05 0.000775883
8.965 7.69879e-05 0.000746979
8.97 7.69917e-05 0.000772983
8.975 7.79085e-05 0.000764946
8.98 7.69314e-05 0.000772922
8.985 7.79476e-05 0.000745985
8.99 7.79978e-05 0.000771035
8.995 7.61066e-05 0.000751051
9 8.00438e-05 0.000747935
9.005 7.59482e-05 0.000745939
9.01 7.59056e-05 0.000780088
9.015 8.10541e-05 0.000819992
9.02 7.79491e-05 0.000788033
9.025 7.98919e-05 0.000771022
9.03 7.80007e-05 0.000770084
9.035 7.99175e-05 0.000804047
9.04 8.09788e-05 0.000803916
9.045 8.39938e-05 0.00081007
9.05 8.49025e-05 0.000806025
9.055 9.09107e-05 0.000832073
9.06 8.40566e-05 0.000831895
9.065 8.50705e-05 0.000807955
9.07 8.39792e-05 0.000803056
9.075 8.58947e-05 0.000826064
9.08 8.99413e-05 0.000823057
9.085 9.51008e-05 0.000828972
9.09 8.70615e-05 0.000819039
9.095 8.80957e-05 0.000848927
9.1 0.000103943 0.000851039
9.105 9.40948e-05 0.000861919
9.11 9.11006e-05 0.000846025
9.115 9.0902e-05 0.000882064
9.12 9.79337e-05 0.00087899
9.125 9.99586e-05 0.000849061
9.13 9.50707e-05 0.000898942
9.135 9.78899e-05 0.0009299
9.14 0.000102085 0.000959042
9.145 0.000100002 0.000933912
9.15 0.000100098 0.000933008
9.155 0.000101101 0.000955012
9.16 0.000101117 0.000954074
9.165 0.00010104 0.00093595
9.17 0.000100944 0.000943093
9.175 0.000105073 0.00097893
9.18 0.000113048 0.000945037
9.185 0.00010201 0.000934967
9.19 0.00010096 0.000961109
9.195 0.000102969 0.000968973
9.2 0.000101918 0.000932114
9.205 0.000100968 0.000934117
9.21 0.000100064 0.000961928
9.215 0.000101113 0.000955023
9.22 0.000101036 0.000942993
9.225 0.000102118 0.000932075
9.23 0.000106002 0.000952906
9.235 0.000102011 0.000943014
9.24 0.000101901 0.000933096
9.245 0.000101997 0.000960954
9.25 0.000101099 0.000965056
9.255 0.000105955 0.000972905
9.26 0.00010803 0.000934072
9.265 0.000100066 0.000955976
9.27 0.000107081 0.000944078
9.275 0.000103011 0.000935015
9.28 9.99616e-05 0.000921111
9.285 0.000100025 0.000917889
9.29 0.000102095 0.000932052
9.295 0.000101906 0.000929101
9.3 0.000102009 0.000959966
9.305 0.000102018 0.000946975
9.31 0.000101902 0.000908905
9.315 0.000101886 0.000894889
9.32 0.000108937 0.000924979
9.325 0.000102887 0.000941936
9.33 0.000107102 0.000929052
9.335 0.000104052 0.000941101
9.34 0.000103982 0.000931078
9.345 0.000105932 0.000956882
9.35 0.000110034 0.000942884
9.355 0.000106056 0.00096196
9.36 0.000105913 0.000959101
9.365 0.000106107 0.000952057
9.37 0.000106884 0.000951073
9.375 0.000122092 0.000953022
9.38 0.000110014 0.000943103
9.385 0.000106036 0.00094694
9.39 0.000109913 0.000981002
9.395 0.000109974 0.000971063
9.4 0.000106102 0.000939052
9.405 0.000107985 0.000962981
9.41 0.00010808 0.00100508
9.415 0.000124061 0.00101608
9.42 0.000110107 0.00102796
9.425 0.000110014 0.00104891
9.43 0.000112079 0.00103102
9.435 0.000112026 0.00100197
9.44 0.000111013 0.00102991
9.445 0.000117099 0.00102608
9.45 0.000114045 0.00104008
9.455 0.000112978 0.00104201
9.46 0.000132097 0.00107601
9.465 0.000121941 0.00105392
9.47 0.000116933 0.00108511
9.475 0.000114076 0.00108411
9.48 0.000113041 0.00102103
9.485 0.000112048 0.00102104
9.49 0.000113008 0.001036
9.495 0.000113087 0.00102208
9.5 0.000111901 0.00100208
9.505 0.000111888 0.00102707
9.51 0.000129888 0.001031
9.515 0.000116039 0.00104198
9.52 0.000116058 0.00101995
9.525 0.000111111 0.00103501
9.53 0.000111051 0.00102595
9.535 0.000112912 0.0010049
9.54 0.000111084 0.00103903
9.545 0.000111971 0.00102491
9.55 0.000112063 0.00102001
9.555 0.000109931 0.00100907
9.56 0.000129898 0.00102396
9.565 0.000113963 0.00103905
9.57 0.000114943 0.00105707
9.575 0.000115041 0.00107688
9.58 0.000115966 0.00107009
9.585 0.000118043 0.00109203
9.59 0.000130994 0.0011061
9.595 0.000120905 0.00110607
9.6 0.000118974 0.001111
9.605 0.000123037 0.00113801
9.61 0.000131059 0.00110293
9.615 0.000121976 0.00108891
9.62 0.000129974 0.00112704
9.625 0.000123042 0.00111102
9.63 0.000129959 0.00108307
9.635 0.000125903 0.00114302
9.64 0.000122912 0.00113389
9.645 0.000118894 0.00108392
9.65 0.000129998 0.00114006
9.655 0.000122953 0.00112898
9.66 0.000132989 0.00110595
9.665 0.000122092 0.00112507
9.67 0.000128988 0.001104
9.675 0.000121097 0.00108603
9.68 0.000117956 0.00108594
9.685 0.000146059 0.00111091
9.69 0.000120942 0.00108511
9.695 0.000128986 0.00109305
9.7 0.000118109 0.00112409
9.705 0.000124098 0.00108593
9.71 0.000129903 0.00108497
9.715 0.000120086 0.00110992
9.72 0.000134103 0.00109911
9.725 0.000117973 0.00108696
9.73 0.000117931 0.00112591
9.735 0.00013302 0.00112898
9.74 0.000120042 0.00108993
9.745 0.000127039 0.00112301
9.75 0.000118883 0.00113291
9.755 0.000121011 0.00112389
9.76 0.000116915 0.00110909
9.765 0.000116984 0.00110292
9.77 0.000116915 0.0010969
9.775 0.000117098 0.00110908
9.78 0.000129021 0.00111704
9.785 0.000121018 0.0010849
9.79 0.000115976 0.00111391
9.795 0.000117939 0.00110392
9.8 0.000118969 0.001085
9.805 0.000118119 0.0010881
9.81 0.000135957 0.0011021
9.815 0.00011996 0.00108504
9.82 0.000117918 0.0010849
9.825 0.000127975 0.00112694
9.83 0.000119951 0.00108703
9.835 0.000116001 0.00109089
9.84 0.000116998 0.00111093
9.845 0.000132108 0.00108907
9.85 0.000128946 0.00109096
9.855 0.000118883 0.00110596
9.86 0.000123992 0.00113501
9.865 0.000133968 0.00110398
9.87 0.000125924 0.00114104
9.875 0.000133079 0.00111209
9.88 0.000120075 0.00110691
9.885 0.000116052 0.00111694
9.89 0.000117015 0.00110495
9.895 0.000118092 0.00108507
9.9 0.000127957 0.00112697
9.905 0.000119078 0.00111111
9.91 0.000116049 0.00108994
9.915 0.000117 0.00110894
9.92 0.000117116 0.00110405
9.925 0.000118099 0.00108289
9.93 0.00012811 0.00110408
9.935 0.000124074 0.0011091
9.94 0.000117991 0.00109102
9.945 0.000127895 0.00108391
9.95 0.000136985 0.00110994
9.955 0.000127928 0.00108394
9.96 0.000120018 0.0010889
9.965 0.000127969 0.00111194
9.97 0.000125005 0.00108707
9.975 0.000118996 0.00108902
9.98 0.000128046 0.00111102
9.985 0.000133049 0.00114101
9.99 0.000120951 0.00113388
9.995 0.000121934 0.00112491
10 0.000124069 0.00110009
10.005 0.000130046 0.00110011
10.01 0.000123917 0.00112199
10.015 0.000119098 0.00110589
10.02 0.000127929 0.0010889
10.025 0.000120059 0.0011119
10.03 0.000131976 0.00111589
10.035 0.000120111 0.00109999
10.04 0.000127949 0.00110892
10.045 0.000118906 0.00243698
10.05 0.000235988 0.00136495
10.055 0.000118118 0.0011021
10.06 0.000118903 0.00108693
10.065 0.000128953 0.00111697
10.07 0.000119896 0.00110597
10.075 0.000116966 0.0010899
10.08 0.000117063 0.00110705
10.085 0.000118894 0.00110192
10.09 0.00012997 0.00109603
10.095 0.00012604 0.00113592
10.1 0.000124009 0.00111603
10.105 0.000130012 0.00108607
10.11 0.000125088 0.00114992
10.115 0.000120991 0.00111592
10.12 0.000117901 0.00109888
10.125 0.000117031 0.00111297
10.13 0.000117901 0.00110088
10.135 0.000118117 0.0010871
10.14 0.000129882 0.00108294
10.145 0.000127005 0.00110797
10.15 0.000118915 0.00109594
10.155 0.000129952 0.00109401
10.16 0.000120922 0.00112704
10.165 0.000130912 0.00109002
10.17 0.000119988 0.00108806
10.175 0.000115939 0.00111307
10.18 0.000131002 0.00108592
