0 0.000232078 0.0014981
0.005 0.000202908 0.00170106
0.01 0.000238014 0.00162112
0.015 0.000211933 0.00140598
0.02 0.000200947 0.00145796
0.025 0.000199045 0.000845965
0.03 0.000552045 0.000788106
0.035 0.00015896 0.00216893
0.04 0.000284019 0.000763062
0.045 9.70927e-05 0.000699056
0.05 9.80225e-05 0.000697033
0.055 0.000100961 0.000697918
0.06 0.000101975 0.000698931
0.065 0.000101098 0.000694008
0.07 9.79473e-05 0.000696957
0.075 9.68971e-05 0.000701907
0.08 9.69876e-05 0.000691998
0.085 0.00010207 0.000964027
0.09 0.000134029 0.000770037
0.095 0.000168001 0.00109092
0.1 0.000147053 0.00110195
0.105 0.00013904 0.00145609
0.11 0.000135982 0.00104108
0.115 0.000132996 0.000836005
0.12 0.000135004 0.00107106
0.125 0.00013397 0.00124098
0.13 0.00181896 0.00105907
0.135 0.000191915 0.00151903
0.14 0.000139028 0.00110403
0.145 0.000121949 0.00108112
0.15 0.000120906 0.00107503
0.155 0.000122967 0.00107894
0.16 0.0001031 0.000707103
0.165 9.90401e-05 0.000701096
0.17 9.50954e-05 0.000699966
0.175 9.70524e-05 0.000699016
0.18 9.40083e-05 0.000727071
0.185 0.000127009 0.00107798
0.19 0.000105052 0.000696956
0.195 9.50627e-05 0.00069498
0.2 9.49011e-05 0.00069801
0.205 9.49915e-05 0.000724101
0.21 9.80276e-05 0.000711084
0.215 9.79711e-05 0.000718027
0.22 0.000123941 0.000960963
0.225 0.00026191 0.00172689
0.23 0.000165066 0.00082908
0.235 0.000101931 0.000706887
0.24 9.79013e-05 0.000720958
0.245 0.000100903 0.000780052
0.25 0.000130999 0.000865107
0.255 9.69038e-05 0.000700106
0.26 9.39342e-05 0.000696997
0.265 9.39253e-05 0.000690988
0.27 9.39829e-05 0.000713046
0.275 0.000116023 0.000973914
0.28 0.000101023 0.00078498
0.285 9.89706e-05 0.000714027
0.29 9.40666e-05 0.000697891
0.295 9.59717e-05 0.000695889
0.3 9.71085e-05 0.000751072
0.305 9.6889e-05 0.000770091
0.31 9.90222e-05 0.000747078
0.315 0.000123048 0.000886024
0.32 9.89106e-05 0.000805967
0.325 9.3102e-05 0.000703119
0.33 9.00795e-05 0.000693957
0.335 9.60513e-05 0.00105201
0.34 0.000124891 0.00105296
0.345 0.000116079 0.00104897
0.35 0.000118988 0.00100202
0.355 9.49946e-05 0.000702104
0.36 8.99719e-05 0.000696088
0.365 9.00024e-05 0.000697119
0.37 0.000104093 0.000711904
0.375 8.69697e-05 0.000695947
0.38 8.60805e-05 0.000693011
0.385 8.5006e-05 0.00120189
0.39 0.000125005 0.000900074
0.395 8.5114e-05 0.00111804
0.4 0.000138007 0.00132901
0.405 0.000123046 0.00125002
0.41 8.89114e-05 0.000693981
0.415 8.29228e-05 0.000988953
0.42 8.39467e-05 0.000711023
0.425 0.000103048 0.00127505
0.43 0.000109096 0.0011629
0.435 8.409e-05 0.000694928
0.44 8.39161e-05 0.000691993
0.445 8.30868e-05 0.000694117
0.45 8.30191e-05 0.000698049
0.455 8.39446e-05 0.000692021
0.46 8.31153e-05 0.000701907
0.465 8.306e-05 0.00075509
0.47 8.40893e-05 0.000695928
0.475 8.30216e-05 0.000694052
0.48 8.30003e-05 0.000695077
0.485 8.10184e-05 0.000695002
0.49 8.10038e-05 0.000713942
0.495 0.000112018 0.00137596
0.5 0.000111063 0.00077896
0.505 0.000106057 0.00106096
0.51 0.000113882 0.00101996
0.515 0.000109932 0.00105002
0.52 0.000128887 0.00164695
0.525 0.000102976 0.00108898
0.53 0.000100012 0.00107412
0.535 9.71144e-05 0.00108608
0.54 9.88949e-05 0.00108095
0.545 8.40425e-05 0.000694119
0.55 7.80651e-05 0.000699102
0.555 7.70221e-05 0.000729013
0.56 7.99771e-05 0.000718107
0.565 7.71102e-05 0.000700909
0.57 8.49351e-05 0.000771058
0.575 9.90831e-05 0.000782901
0.58 9.30512e-05 0.00111911
0.585 7.90798e-05 0.000692971
0.59 7.48845e-05 0.000692021
0.595 7.79973e-05 0.000693034
0.6 8.08889e-05 0.000725111
0.605 8.00651e-05 0.000691956
0.61 7.69092e-05 0.0006929
0.615 7.50539e-05 0.000708952
0.62 7.59986e-05 0.000691943
0.625 7.90076e-05 0.000696091
0.63 7.59263e-05 0.000697109
0.635 7.60754e-05 0.00070002
0.64 7.01072e-05 0.000701012
0.645 7.19931e-05 0.00100999
0.65 7.59868e-05 0.000697978
0.655 7.78828e-05 0.00071992
0.66 7.49696e-05 0.000699914
0.665 7.89934e-05 0.000699077
0.67 7.59775e-05 0.000717922
0.675 9.29142e-05 0.000715931
0.68 7.0938e-05 0.000692936
0.685 7.00952e-05 0.00069
0.69 6.90614e-05 0.00083792
0.695 8.29605e-05 0.000729991
0.7 6.89052e-05 0.000694002
0.705 6.90635e-05 0.000691922
0.71 6.60353e-05 0.000722993
0.715 9.30838e-05 0.000760101
0.72 6.80273e-05 0.000695078
0.725 6.70399e-05 0.000693044
0.73 6.69394e-05 0.000692944
0.735 6.81157e-05 0.000696928
0.74 6.4943e-05 0.000697093
0.745 6.49623e-05 0.000692112
0.75 6.70707e-05 0.000707075
0.755 6.39308e-05 0.000692035
0.76 6.59953e-05 0.000698953
0.765 6.50011e-05 0.000691913
0.77 6.50068e-05 0.000696919
0.775 6.39866e-05 0.000695091
0.78 6.40592e-05 0.000690924
0.785 6.50389e-05 0.000690951
0.79 6.41182e-05 0.00070003
0.795 6.49986e-05 0.00069291
0.8 6.49716e-05 0.000691883
0.805 6.50836e-05 0.000702995
0.81 6.799e-05 0.000698041
0.815 6.48963e-05 0.000692046
0.82 6.60615e-05 0.000694019
0.825 6.60672e-05 0.000694072
0.83 6.3934e-05 0.000699084
0.835 6.49071e-05 0.000696057
0.84 6.49728e-05 0.000690885
0.845 6.608e-05 0.000695038
0.85 8.0039e-05 0.00104593
0.855 8.10563e-05 0.00093004
0.86 6.89609e-05 0.000742058
0.865 8.2997e-05 0.000812027
0.87 6.69054e-05 0.00069191
0.875 7.29494e-05 0.000716993
0.88 6.71067e-05 0.000698111
0.885 6.59666e-05 0.000697925
0.89 6.5095e-05 0.000692007
0.895 6.48896e-05 0.000696086
0.9 6.50206e-05 0.000691932
0.905 6.49542e-05 0.000692104
0.91 6.3073e-05 0.000689938
0.915 6.30578e-05 0.000697115
0.92 6.30771e-05 0.000690896
0.925 6.29755e-05 0.000780033
0.93 8.10024e-05 0.00106594
0.935 8.10227e-05 0.00106101
0.94 8.21191e-05 0.0010521
0.945 8.09327e-05 0.00108811
0.95 8.10698e-05 0.000885054
0.955 8.11011e-05 0.000746039
0.96 6.71045e-05 0.000693109
0.965 6.50176e-05 0.000692976
0.97 6.48887e-05 0.000695039
0.975 6.50052e-05 0.000701917
0.98 6.49714e-05 0.000702883
0.985 6.49976e-05 0.000695909
0.99 6.40565e-05 0.000696922
0.995 6.60159e-05 0.000692974
1 6.60421e-05 0.000713
1.005 6.68885e-05 0.000693893
1.01 6.59407e-05 0.000695899
1.015 6.79396e-05 0.00071599
1.02 6.69509e-05 0.000696955
1.025 6.70198e-05 0.000698024
1.03 8.0978e-05 0.000789916
1.035 8.20241e-05 0.000966008
1.04 7.29032e-05 0.000707947
1.045 6.7014e-05 0.000695018
1.05 6.60062e-05 0.000700964
1.055 6.59724e-05 0.000690931
1.06 6.60382e-05 0.000711996
1.065 6.79241e-05 0.000738975
1.07 7.98936e-05 0.00102302
1.075 7.08929e-05 0.000695083
1.08 6.60976e-05 0.000691056
1.085 6.50842e-05 0.000909996
1.09 6.50092e-05 0.000694967
1.095 6.49687e-05 0.000693119
1.1 6.4909e-05 0.000691059
1.105 6.39815e-05 0.000712085
1.11 6.38945e-05 0.000691998
1.115 6.40202e-05 0.00105493
1.12 7.80894e-05 0.00105289
1.125 6.70807e-05 0.000699085
1.13 6.39939e-05 0.000694098
1.135 6.39341e-05 0.000693038
1.14 7.5993e-05 0.00102698
1.145 6.59009e-05 0.000698905
1.15 6.59666e-05 0.000690925
1.155 6.59995e-05 0.000691004
1.16 6.59726e-05 0.000693931
1.165 6.49987e-05 0.00069391
1.17 6.61175e-05 0.000692076
1.175 6.59516e-05 0.00069591
1.18 6.50568e-05 0.000696015
1.185 6.50231e-05 0.000694935
1.19 6.39034e-05 0.000695007
1.195 6.51149e-05 0.000700073
1.2 6.70009e-05 0.000699005
1.205 6.70925e-05 0.000695905
1.21 6.60124e-05 0.000822971
1.215 6.60403e-05 0.000695998
1.22 6.39398e-05 0.000691044
1.225 6.59988e-05 0.000772957
1.23 8.40912e-05 0.00115993
1.235 8.59466e-05 0.00104112
1.24 7.79324e-05 0.00101897
1.245 7.49645e-05 0.0010191
1.25 7.40305e-05 0.00102088
1.255 7.39642e-05 0.0010231
1.26 7.29704e-05 0.00103001
1.265 7.29382e-05 0.00102198
1.27 7.49646e-05 0.0010191
1.275 7.40697e-05 0.00102292
1.28 7.40746e-05 0.00102193
1.285 7.30073e-05 0.00106105
1.29 7.79809e-05 0.00103202
1.295 7.4013e-05 0.0010211
1.3 7.60258e-05 0.00101897
1.305 7.59241e-05 0.00102191
1.31 7.39638e-05 0.00101905
1.315 7.39439e-05 0.00102408
1.32 7.60031e-05 0.00101995
1.325 7.60488e-05 0.00101799
1.33 7.70548e-05 0.00100705
1.335 7.69424e-05 0.00102093
1.34 7.70219e-05 0.00102201
1.345 7.9915e-05 0.00103004
1.35 7.99866e-05 0.00102112
1.355 7.91181e-05 0.00102096
1.36 8.08993e-05 0.00101708
1.365 7.79494e-05 0.00100799
1.37 7.20957e-05 0.000711901
1.375 8.70923e-05 0.00111707
1.38 8.30595e-05 0.00073309
1.385 7.19376e-05 0.000701935
1.39 8.59286e-05 0.000740098
1.395 7.10777e-05 0.000694029
1.4 6.91015e-05 0.00069296
1.405 6.79614e-05 0.000692012
1.41 6.79413e-05 0.000699992
1.415 6.69527e-05 0.000691957
1.42 6.79652e-05 0.000691016
1.425 6.69901e-05 0.000692995
1.43 6.80164e-05 0.000697067
1.435 6.59758e-05 0.000691934
1.44 6.50075e-05 0.000691919
1.445 6.59343e-05 0.000705892
1.45 6.49061e-05 0.000694102
1.455 6.58859e-05 0.000694082
1.46 6.70407e-05 0.000696045
1.465 6.59865e-05 0.000693945
1.47 6.59064e-05 0.000697103
1.475 6.60648e-05 0.000732023
1.48 6.68908e-05 0.000691895
1.485 6.71023e-05 0.000692107
1.49 6.59758e-05 0.000691934
1.495 6.51014e-05 0.00069006
1.5 6.58892e-05 0.000692086
1.505 6.49549e-05 0.000690913
1.51 6.59811e-05 0.000690939
1.515 6.60073e-05 0.000690965
1.52 6.48943e-05 0.000692045
1.525 6.69138e-05 0.00113692
1.53 0.000101889 0.00106408
1.535 7.59966e-05 0.00102394
1.54 8.38897e-05 0.000702966
1.545 6.70603e-05 0.000700065
1.55 6.59802e-05 0.000707938
1.555 6.60152e-05 0.00069202
1.56 6.60877e-05 0.000695046
1.565 6.70539e-05 0.000694058
1.57 6.90968e-05 0.000693955
1.575 6.8089e-05 0.0011919
1.58 6.78926e-05 0.000690943
1.585 6.70047e-05 0.000694009
1.59 6.8024e-05 0.000709075
1.595 6.69236e-05 0.000699928
1.6 6.88831e-05 0.00069198
1.605 6.79092e-05 0.00069096
1.61 6.80676e-05 0.000703118
1.615 6.78881e-05 0.000706939
1.62 6.69401e-05 0.000691945
1.625 6.80984e-05 0.000691911
1.63 6.80252e-05 0.000702076
1.635 6.79914e-05 0.00112104
1.64 9.71138e-05 0.00128908
1.645 9.30151e-05 0.000705032
1.65 7.40364e-05 0.000702888
1.655 6.90218e-05 0.000694119
1.66 6.90413e-05 0.0010119
1.665 9.40745e-05 0.0011649
1.67 7.20634e-05 0.000693061
1.675 6.81155e-05 0.000702928
1.68 7.09157e-05 0.000715105
1.685 9.30264e-05 0.00105104
1.69 7.20326e-05 0.00069303
1.695 6.79388e-05 0.00069699
1.7 6.90441e-05 0.000694903
1.705 6.9103e-05 0.000693962
1.71 6.81088e-05 0.000689921
1.715 6.88966e-05 0.000690994
1.72 6.79622e-05 0.000693013
1.725 6.89883e-05 0.000694085
1.73 6.80145e-05 0.000691065
1.735 6.89876e-05 0.000815085
1.74 8.70608e-05 0.000911038
1.745 7.39031e-05 0.00069704
1.75 7.29745e-05 0.000706018
1.755 7.60185e-05 0.000695963
1.76 7.38909e-05 0.000701981
1.765 7.50265e-05 0.000692925
1.77 7.10787e-05 0.00069503
1.775 7.11103e-05 0.000698062
1.78 7.11025e-05 0.000695054
1.785 7.20089e-05 0.000692053
1.79 7.40011e-05 0.000697899
1.795 7.99198e-05 0.00104105
1.8 9.59247e-05 0.00080908
1.805 7.3972e-05 0.000693062
1.81 7.31167e-05 0.000692922
1.815 7.19768e-05 0.000691974
1.82 7.30221e-05 0.000693066
1.825 7.19216e-05 0.000695919
1.83 7.20992e-05 0.0010851
1.835 7.51005e-05 0.000692999
1.84 7.20599e-05 0.000692057
1.845 7.11188e-05 0.00069707
1.85 7.0893e-05 0.000695083
1.855 7.1005e-05 0.000694956
1.86 7.19113e-05 0.000695909
1.865 7.10165e-05 0.000696968
1.87 7.39828e-05 0.000762073
1.875 7.40573e-05 0.000736955
1.88 7.49667e-05 0.000694103
1.885 7.20121e-05 0.00069701
1.89 7.09252e-05 0.000698115
1.895 7.19705e-05 0.000692968
1.9 7.09164e-05 0.000693914
1.905 7.4929e-05 0.000690066
1.91 7.09483e-05 0.0006899
1.915 7.00604e-05 0.000690965
1.92 7.10334e-05 0.000692985
1.925 7.20527e-05 0.00069205
1.93 6.89727e-05 0.00084307
1.935 8.70028e-05 0.00104098
1.94 8.69206e-05 0.000809898
1.945 7.60278e-05 0.00100802
1.95 7.49629e-05 0.000697099
1.955 6.89154e-05 0.000787059
1.96 6.89911e-05 0.000691088
1.965 7.20568e-05 0.000751054
1.97 7.30534e-05 0.000694905
1.975 7.10456e-05 0.000694997
1.98 7.28921e-05 0.000702936
1.985 7.39034e-05 0.00069504
1.99 7.10482e-05 0.000691999
1.995 7.0054e-05 0.000700005
2 6.99671e-05 0.00069211
2.005 7.10328e-05 0.000690984
2.01 7.09527e-05 0.000697904
2.015 6.99122e-05 0.000697102
2.02 8.38896e-05 0.000889966
2.025 7.10407e-05 0.000857992
2.03 8.90616e-05 0.00103194
2.035 9.09546e-05 0.000849117
2.04 9.09736e-05 0.0011219
2.045 7.40959e-05 0.000709948
2.05 7.19818e-05 0.000702979
2.055 7.09345e-05 0.000753886
2.06 8.79886e-05 0.00139001
2.065 9.31012e-05 0.00148212
2.07 9.29064e-05 0.00140592
2.075 9.30629e-05 0.00134108
2.08 9.20717e-05 0.00137409
2.085 8.30974e-05 0.00142489
2.09 8.19976e-05 0.00141598
2.095 8.2117e-05 0.0014071
2.1 9.21106e-05 0.00140508
2.105 8.20622e-05 0.000927046
2.11 7.79126e-05 0.00070095
2.115 7.09048e-05 0.000691095
2.12 7.10168e-05 0.000692968
2.125 7.10757e-05 0.000705027
2.13 7.10216e-05 0.000707019
2.135 7.20138e-05 0.000690011
2.14 7.08943e-05 0.000693084
2.145 7.11057e-05 0.000696057
2.15 7.29656e-05 0.000699056
2.155 7.29184e-05 0.000688962
2.16 7.19909e-05 0.000698988
2.165 7.00892e-05 0.000702994
2.17 7.0903e-05 0.000699093
2.175 7.21008e-05 0.000691098
2.18 7.29745e-05 0.000695018
2.185 7.30198e-05 0.000704064
2.19 7.39453e-05 0.000734036
2.195 7.90772e-05 0.000712922
2.2 7.4049e-05 0.000690901
2.205 7.40277e-05 0.000693118
2.21 7.40334e-05 0.000688885
2.215 7.40923e-05 0.000712944
2.22 8.80222e-05 0.000907092
2.225 7.40862e-05 0.000692984
2.23 7.29463e-05 0.000693036
2.235 7.3952e-05 0.000692042
2.24 7.30109e-05 0.000691055
2.245 7.20631e-05 0.000822107
2.25 7.40776e-05 0.000689929
2.255 7.30439e-05 0.000696088
2.26 7.29965e-05 0.00070204
2.265 7.3896e-05 0.000692986
2.27 7.30476e-05 0.000693092
2.275 7.30071e-05 0.000692051
2.28 7.31123e-05 0.000693918
2.285 7.29723e-05 0.000693016
2.29 7.30152e-05 0.000693059
2.295 8.10142e-05 0.000986952
2.3 7.80814e-05 0.000696119
2.305 7.49934e-05 0.000790891
2.31 7.40486e-05 0.0006909
2.315 7.29414e-05 0.000704985
2.32 7.29269e-05 0.000690017
2.325 7.29858e-05 0.00070003
2.33 7.8031e-05 0.000693068
2.335 7.48843e-05 0.000694021
2.34 7.38832e-05 0.000695974
2.345 7.4889e-05 0.000690026
2.35 7.40474e-05 0.000692899
2.355 7.40791e-05 0.000697977
2.36 7.50781e-05 0.000690976
2.365 7.50443e-05 0.000693943
2.37 7.50502e-05 0.000692948
2.375 7.50491e-05 0.000695947
2.38 7.49092e-05 0.000692046
2.385 7.39804e-05 0.000711117
2.39 7.589e-05 0.000695073
2.395 7.7968e-05 0.000701005
2.4 7.39602e-05 0.00070605
2.405 7.39987e-05 0.000692089
2.41 7.40509e-05 0.000692903
2.415 7.58904e-05 0.000707073
2.42 7.50216e-05 0.00071292
2.425 7.58873e-05 0.00069407
2.43 7.50783e-05 0.000689023
2.435 7.60789e-05 0.000696023
2.44 7.39716e-05 0.000833062
2.445 7.88843e-05 0.000697968
2.45 7.49612e-05 0.000692098
2.455 7.40133e-05 0.000694104
2.46 8.00982e-05 0.000695989
2.465 7.39977e-05 0.000690088
2.47 7.2964e-05 0.000704054
2.475 7.29099e-05 0.000705
2.48 7.39415e-05 0.000689032
2.485 7.49078e-05 0.000747044
2.49 7.89638e-05 0.000745047
2.495 7.81062e-05 0.000692905
2.5 7.59857e-05 0.00069093
2.505 7.58988e-05 0.000702082
2.51 7.4891e-05 0.000698028
2.515 7.59363e-05 0.000692881
2.52 7.69749e-05 0.000693966
2.525 7.71128e-05 0.000710104
2.53 7.69062e-05 0.000704897
2.535 7.80768e-05 0.000692114
2.54 7.58838e-05 0.000689067
2.545 7.70816e-05 0.000703072
2.55 7.7954e-05 0.000698991
2.555 7.60389e-05 0.000689983
2.56 7.70243e-05 0.000689061
2.565 8.30764e-05 0.000699107
2.57 7.59228e-05 0.000706106
2.575 7.69479e-05 0.000696939
2.58 7.70395e-05 0.00071003
2.585 9.09119e-05 0.00106888
2.59 9.89583e-05 0.00105106
2.595 8.10343e-05 0.000700972
2.6 7.6953e-05 0.000691944
2.605 7.68852e-05 0.000692114
2.61 7.81158e-05 0.000692915
2.615 7.71013e-05 0.000690092
2.62 7.69014e-05 0.000687892
2.625 7.60393e-05 0.00069503
2.63 8.90248e-05 0.00109509
2.635 8.80468e-05 0.00089607
2.64 0.00010805 0.000863046
2.645 7.70686e-05 0.000781059
2.65 7.59058e-05 0.000775897
2.655 7.79136e-05 0.000749951
2.66 7.79305e-05 0.000743968
2.665 7.39871e-05 0.000746885
2.67 7.60491e-05 0.000753994
2.675 7.49585e-05 0.000927095
2.68 7.90246e-05 0.000792108
2.685 7.70572e-05 0.000818094
2.69 9.19199e-05 0.00088789
2.695 8.19556e-05 0.00069694
2.7 7.49725e-05 0.000701109
2.705 7.60042e-05 0.000700949
2.71 7.70946e-05 0.000693085
2.715 7.40134e-05 0.000695104
2.72 7.50846e-05 0.000729983
2.725 7.70022e-05 0.000695993
2.73 7.59412e-05 0.000697886
2.735 7.59853e-05 0.000697976
2.74 7.50159e-05 0.000692914
2.745 7.48815e-05 0.000688018
2.75 7.41053e-05 0.000690004
2.755 7.60512e-05 0.000697996
2.76 7.40422e-05 0.00070794
2.765 7.50005e-05 0.000690945
2.77 7.4118e-05 0.00081997
2.775 9.39616e-05 0.00104202
2.78 9.50376e-05 0.000993909
2.785 9.9116e-05 0.00079298
2.79 7.90107e-05 0.000696094
2.795 8.99227e-05 0.000692039
2.8 7.59272e-05 0.000707918
2.805 7.70572e-05 0.000704094
2.81 7.59624e-05 0.000691953
2.815 7.60867e-05 0.000692031
2.82 7.59048e-05 0.000705088
2.825 8.39601e-05 0.000704037
2.83 8.0116e-05 0.00137101
2.835 0.000104043 0.0010589
2.84 7.90019e-05 0.000735085
2.845 7.78935e-05 0.000691931
2.85 7.60643e-05 0.000694009
2.855 7.69378e-05 0.000706929
2.86 7.59097e-05 0.000724092
2.865 7.68902e-05 0.000747881
2.87 7.99727e-05 0.0010061
2.875 8.5103e-05 0.000698988
2.88 0.00010702 0.00135002
2.885 8.70991e-05 0.000696884
2.89 7.89365e-05 0.00071502
2.895 7.69002e-05 0.000693891
2.9 9.98845e-05 0.00102899
2.905 9.49221e-05 0.00101503
2.91 9.49869e-05 0.0010151
2.915 9.40325e-05 0.0010201
2.92 9.40115e-05 0.00102307
2.925 9.39169e-05 0.00101298
2.93 9.29094e-05 0.00101693
2.935 9.39879e-05 0.00103705
2.94 9.28809e-05 0.0010149
2.945 0.000104103 0.000782914
2.95 8.8898e-05 0.00107197
2.955 8.60514e-05 0.000696982
2.96 0.000109955 0.00118109
2.965 8.29294e-05 0.000713006
2.97 0.000118959 0.00102099
2.975 8.50823e-05 0.000693967
2.98 7.90146e-05 0.000691098
2.985 7.89401e-05 0.000694023
2.99 7.90249e-05 0.000693108
2.995 7.99232e-05 0.000702053
3 8.09482e-05 0.000688886
3.005 9.91122e-05 0.00068993
3.01 8.1084e-05 0.000692068
3.015 8.09235e-05 0.0007071
3.02 8.10795e-05 0.000694017
3.025 8.40186e-05 0.000692095
3.03 0.000100036 0.000985946
3.035 0.000108104 0.00105791
3.04 0.000103926 0.000693976
3.045 8.51015e-05 0.000721986
3.05 8.49862e-05 0.000701109
3.055 8.49377e-05 0.000948061
3.06 0.000144891 0.00124993
3.065 9.10272e-05 0.000698951
3.07 8.39244e-05 0.000696001
3.075 8.30488e-05 0.000692079
3.08 8.39878e-05 0.000693065
3.085 8.39529e-05 0.00069503
3.09 8.40637e-05 0.000730902
3.095 8.39405e-05 0.000696017
3.1 8.40118e-05 0.000695896
3.105 8.38842e-05 0.000696961
3.11 8.29555e-05 0.000689032
3.115 8.3994e-05 0.000692071
3.12 8.30708e-05 0.000705101
3.125 9.00358e-05 0.000706914
3.13 8.51036e-05 0.000692988
3.135 8.39895e-05 0.000691066
3.14 0.000106107 0.000697011
3.145 0.000130096 0.00179397
3.15 9.20923e-05 0.000700063
3.155 8.69147e-05 0.000698892
3.16 8.8883e-05 0.000699999
3.165 8.39599e-05 0.000689037
3.17 8.28921e-05 0.000692923
3.175 8.59678e-05 0.000693945
3.18 8.3926e-05 0.000693003
3.185 8.49646e-05 0.000690088
3.19 8.51026e-05 0.000688987
3.195 8.51139e-05 0.000712999
3.2 8.71093e-05 0.000692087
3.205 8.49885e-05 0.000696111
3.21 8.39467e-05 0.00069507
3.215 8.89321e-05 0.000958002
3.22 0.000109961 0.00104505
3.225 8.8955e-05 0.000754071
3.23 8.51098e-05 0.00101099
3.235 0.000112887 0.00104112
3.24 0.000108042 0.00102004
3.245 0.000105034 0.00101389
3.25 0.000103071 0.00101407
3.255 0.000103055 0.0010201
3.26 0.000103999 0.00102105
3.265 0.000103978 0.00102303
3.27 0.000105055 0.00102691
3.275 0.000104065 0.00101192
3.28 0.000102957 0.00101596
3.285 0.000105086 0.00101694
3.29 0.000105006 0.0010181
3.295 0.00010499 0.00102309
3.3 0.000102983 0.00101799
3.305 0.000105968 0.00102492
3.31 0.000103993 0.00101904
3.315 0.000103999 0.00101805
3.32 0.00010509 0.00101595
3.325 0.000114021 0.00102206
3.33 0.000104999 0.00102509
3.335 0.000103991 0.00101609
3.34 0.000104076 0.00101489
3.345 0.000104936 0.00102103
3.35 0.000105051 0.00101991
3.355 0.000104949 0.00101504
3.36 0.000104055 0.000819104
3.365 0.000111987 0.00092893
3.37 9.39885e-05 0.000701052
3.375 8.70654e-05 0.000691043
3.38 8.69309e-05 0.000695908
3.385 9.49355e-05 0.000694091
3.39 8.59469e-05 0.000694116
3.395 8.60645e-05 0.000694042
3.4 8.61086e-05 0.000691039
3.405 8.58816e-05 0.000700097
3.41 8.60918e-05 0.000692023
3.415 8.79698e-05 0.000691993
3.42 8.59743e-05 0.000706905
3.425 8.59789e-05 0.00070691
3.43 8.59305e-05 0.000691908
3.435 8.49869e-05 0.000690918
3.44 8.50038e-05 0.000695935
3.445 8.61146e-05 0.000699046
3.45 8.70501e-05 0.000696027
3.455 8.69089e-05 0.000692886
3.46 8.58931e-05 0.000709062
3.465 8.61158e-05 0.000693047
3.47 8.60413e-05 0.000694972
3.475 0.000106099 0.001009
3.48 0.000105992 0.0010189
3.485 0.000103983 0.000807033
3.49 8.7043e-05 0.00069002
3.495 8.79155e-05 0.000692939
3.5 8.81188e-05 0.000687904
3.505 8.69981e-05 0.000688975
3.51 8.80422e-05 0.000717066
3.515 9.00511e-05 0.000703975
3.52 8.69031e-05 0.000697119
3.525 8.70998e-05 0.000705885
3.53 8.60513e-05 0.000704982
3.535 8.4936e-05 0.000692105
3.54 8.39869e-05 0.000711064
3.545 8.59755e-05 0.000698906
3.55 8.50796e-05 0.000691964
3.555 0.000107952 0.00106495
3.56 9.20322e-05 0.000707003
3.565 8.30221e-05 0.000701052
3.57 8.29871e-05 0.000691017
3.575 8.4098e-05 0.000705936
3.58 8.60143e-05 0.000715945
3.585 8.90571e-05 0.000735889
3.59 8.40334e-05 0.00071511
3.595 8.20503e-05 0.000691034
3.6 8.79759e-05 0.000688999
3.605 8.19013e-05 0.000689885
3.61 8.19003e-05 0.000703884
3.615 8.48857e-05 0.000695009
3.62 8.2096e-05 0.00069208
3.625 8.20418e-05 0.000693026
3.63 8.19482e-05 0.000710932
3.635 8.2085e-05 0.000721069
3.64 8.30723e-05 0.000691911
3.645 8.20047e-05 0.000688989
3.65 8.20759e-05 0.00068906
3.655 8.10014e-05 0.000698939
3.66 8.20456e-05 0.00070003
3.665 8.21101e-05 0.000700094
3.67 9.89881e-05 0.00105009
3.675 0.00010809 0.000958086
3.68 8.49594e-05 0.000690082
3.685 8.20906e-05 0.000712075
3.69 8.10489e-05 0.000689987
3.695 7.99948e-05 0.000728886
3.7 8.10557e-05 0.000696993
3.705 8.09947e-05 0.000738932
3.71 8.20049e-05 0.000698989
3.715 8.10366e-05 0.000695974
3.72 7.8883e-05 0.000696013
3.725 7.99815e-05 0.000692111
3.73 8.20037e-05 0.000939988
3.735 0.000103882 0.00105893
3.74 8.40437e-05 0.000694882
3.745 8.18957e-05 0.000720118
3.75 0.000100018 0.00111088
3.755 8.49795e-05 0.000697103
3.76 8.00439e-05 0.000703982
3.765 8.69231e-05 0.000692947
3.77 8.09481e-05 0.000691932
3.775 8.09267e-05 0.000706103
3.78 8.10839e-05 0.000695068
3.785 8.10624e-05 0.000689
3.79 8.09158e-05 0.000705092
3.795 7.9987e-05 0.000691117
3.8 8.10187e-05 0.000692956
3.805 0.000100115 0.00102398
3.81 8.69371e-05 0.000695961
3.815 8.10806e-05 0.000691018
3.82 8.09134e-05 0.000708897
3.825 8.20343e-05 0.000697018
3.83 8.10061e-05 0.000705944
3.835 8.10134e-05 0.000696951
3.84 8.08926e-05 0.000692069
3.845 8.10305e-05 0.000698015
3.85 8.11087e-05 0.000695046
3.855 8.00409e-05 0.000698932
3.86 8.10591e-05 0.000697997
3.865 8.09982e-05 0.000696936
3.87 7.98841e-05 0.00069606
3.875 8.00616e-05 0.000692953
3.88 8.09148e-05 0.000704091
3.885 7.98866e-05 0.000690016
3.89 7.99784e-05 0.000691108
3.895 8.001e-05 0.000690948
3.9 8.00486e-05 0.000696986
3.905 8.10804e-05 0.000691018
3.91 8.40713e-05 0.00069491
3.915 8.4016e-05 0.000700093
3.92 9.19743e-05 0.000697945
3.925 8.60147e-05 0.000825946
3.93 8.49218e-05 0.000705045
3.935 8.0079e-05 0.000690017
3.94 8.11107e-05 0.000691048
3.945 8.01029e-05 0.000696994
3.95 8.19685e-05 0.000701952
3.955 8.10793e-05 0.000690017
3.96 8.00715e-05 0.000694963
3.965 8.09112e-05 0.000695087
3.97 7.99429e-05 0.000703073
3.975 8.20673e-05 0.000702051
3.98 8.18865e-05 0.000689109
3.985 8.31172e-05 0.000694909
3.99 8.40959e-05 0.000691934
3.995 8.20281e-05 0.000693012
4 8.19141e-05 0.000697898
4.005 8.11107e-05 0.000691095
4.01 8.19041e-05 0.000689888
4.015 8.30352e-05 0.000697066
4.02 8.18941e-05 0.000727116
4.025 8.29808e-05 0.000706011
4.03 8.39923e-05 0.000691069
4.035 8.41098e-05 0.000689948
4.04 8.30026e-05 0.000691079
4.045 8.2935e-05 0.000699965
4.05 8.39994e-05 0.000692076
4.055 8.30244e-05 0.000691055
4.06 8.29566e-05 0.000690987
4.065 8.29421e-05 0.000695972
4.07 8.29602e-05 0.000691991
4.075 8.79389e-05 0.000689962
4.08 8.30564e-05 0.000696087
4.085 8.18893e-05 0.00069192
4.09 8.30996e-05 0.000691891
4.095 8.29924e-05 0.000689023
4.1 8.2024e-05 0.000697008
4.105 8.30422e-05 0.000694073
4.11 8.19745e-05 0.000687959
4.115 8.20525e-05 0.000696037
4.12 8.31103e-05 0.000717902
4.125 8.29259e-05 0.000693003
4.13 8.29904e-05 0.000974021
4.135 0.000109076 0.00115412
4.14 0.000110995 0.000809892
4.145 8.39025e-05 0.000691979
4.15 8.39737e-05 0.00069505
4.155 8.30846e-05 0.000705115
4.16 8.3036e-05 0.000694066
4.165 8.31073e-05 0.000697899
4.17 8.29333e-05 0.000696964
4.175 8.30973e-05 0.000700889
4.18 8.30691e-05 0.000691099
4.185 8.29482e-05 0.000691979
4.19 8.3119e-05 0.000703911
4.195 8.3892e-05 0.000711969
4.2 8.40683e-05 0.000692907
4.205 8.29011e-05 0.000692931
4.21 8.7065e-05 0.000694042
4.215 9.60233e-05 0.000879941
4.22 8.39188e-05 0.000691995
4.225 8.50827e-05 0.00106297
4.23 8.2969e-05 0.000701999
4.235 8.3073e-05 0.000692103
4.24 8.20449e-05 0.000690029
4.245 9.40303e-05 0.000688901
4.25 9.30484e-05 0.000697065
4.255 8.30994e-05 0.000693891
4.26 8.30712e-05 0.000698101
4.265 8.08836e-05 0.000690106
4.27 8.20012e-05 0.000690985
4.275 8.10397e-05 0.000690977
4.28 8.01178e-05 0.000698009
4.285 8.00625e-05 0.000692954
4.29 8.00084e-05 0.0006939
4.295 8.00401e-05 0.000687931
4.3 8.00391e-05 0.00069793
4.305 7.99714e-05 0.000697101
4.31 8.09501e-05 0.000691888
4.315 8.20677e-05 0.000698052
4.32 8.19025e-05 0.000691887
4.325 8.1106e-05 0.000700044
4.33 0.000100082 0.000966993
4.335 8.19844e-05 0.000693968
4.34 8.00489e-05 0.000691987
4.345 7.99417e-05 0.00100007
4.35 9.70268e-05 0.00103704
4.355 9.6886e-05 0.00103509
4.36 9.71102e-05 0.00101707
4.365 9.6923e-05 0.00101689
4.37 9.80748e-05 0.00102608
4.375 9.71192e-05 0.00101808
4.38 9.59332e-05 0.00101809
4.385 9.49721e-05 0.00103408
4.39 9.49498e-05 0.00101711
4.395 9.40158e-05 0.000732079
4.4 8.00428e-05 0.000701934
4.405 7.80146e-05 0.000698052
4.41 7.99537e-05 0.000702083
4.415 7.80713e-05 0.000708916
4.42 7.90827e-05 0.000756928
4.425 0.00010391 0.00108596
4.43 9.89379e-05 0.00107099
4.435 0.000100948 0.00107291
4.44 9.80176e-05 0.00107103
4.445 9.68958e-05 0.0010861
4.45 9.69052e-05 0.00106592
4.455 9.78953e-05 0.00106991
4.46 9.69657e-05 0.00109493
4.465 9.70077e-05 0.00107497
4.47 9.80317e-05 0.00108004
4.475 0.00010611 0.00104901
4.48 8.99911e-05 0.000832107
4.485 9.38958e-05 0.000965959
4.49 0.000104913 0.00107601
4.495 9.89428e-05 0.001078
4.5 9.89317e-05 0.00108299
4.505 9.68946e-05 0.0010711
4.51 9.40644e-05 0.00106889
4.515 9.40083e-05 0.00108312
4.52 9.39644e-05 0.00107303
4.525 9.40472e-05 0.00104711
4.53 9.29582e-05 0.00103497
4.535 9.40952e-05 0.00102792
4.54 8.60458e-05 0.000695977
4.545 0.000104919 0.00103801
4.55 9.90945e-05 0.000885912
4.555 7.89268e-05 0.00069101
4.56 7.81179e-05 0.000689917
4.565 7.6087e-05 0.000693031
4.57 7.50859e-05 0.00071203
4.575 7.59942e-05 0.000699939
4.58 7.59932e-05 0.000695938
4.585 7.70781e-05 0.000693069
4.59 7.50307e-05 0.000693975
4.595 7.49766e-05 0.000707921
4.6 7.59936e-05 0.000689938
4.605 7.70525e-05 0.000691043
4.61 7.58989e-05 0.000695082
4.615 7.59442e-05 0.000692889
4.62 9.89396e-05 0.000992042
4.625 8.19705e-05 0.000913954
4.63 7.99011e-05 0.000695031
4.635 7.71182e-05 0.000695109
4.64 7.69745e-05 0.000699965
4.645 7.50459e-05 0.000701944
4.65 7.39917e-05 0.00069289
4.655 7.40833e-05 0.000687981
4.66 7.38971e-05 0.000695987
4.665 7.3896e-05 0.000705986
4.67 7.29741e-05 0.000696018
4.675 7.30725e-05 0.000691116
4.68 7.50907e-05 0.000703989
4.685 7.4884e-05 0.000691021
4.69 7.68898e-05 0.000695119
4.695 7.4074e-05 0.000691926
4.7 7.40335e-05 0.000725885
4.705 7.50246e-05 0.000695923
4.71 7.41094e-05 0.000701961
4.715 7.29559e-05 0.000695
4.72 7.39616e-05 0.000700052
4.725 7.40928e-05 0.000696945
4.73 7.49528e-05 0.000695089
4.735 7.30908e-05 0.000797896
4.74 9.10906e-05 0.000868015
4.745 7.49872e-05 0.000693885
4.75 7.49523e-05 0.000689089
4.755 9.09241e-05 0.000865894
4.76 7.50481e-05 0.000696946
4.765 7.39408e-05 0.000700031
4.77 7.48867e-05 0.000690023
4.775 7.39851e-05 0.000701075
4.78 7.39242e-05 0.000698014
4.785 7.51085e-05 0.000700007
4.79 7.60871e-05 0.000698032
4.795 7.60725e-05 0.000702017
4.8 7.49122e-05 0.000721049
4.805 7.39212e-05 0.000694011
4.81 7.40195e-05 0.00069011
4.815 7.39327e-05 0.000695023
4.82 9.39972e-05 0.00128506
4.825 0.000101986 0.00115899
4.83 7.59666e-05 0.000700911
4.835 7.40761e-05 0.000690928
4.84 9.38838e-05 0.00105195
4.845 0.000100092 0.00103696
4.85 9.30154e-05 0.00102103
4.855 8.89412e-05 0.00103606
4.86 8.9893e-05 0.00101901
4.865 8.90709e-05 0.0010149
4.87 8.99176e-05 0.00102203
4.875 9.20015e-05 0.00101697
4.88 9.00269e-05 0.0010199
4.885 8.91052e-05 0.00102594
4.89 9.09248e-05 0.00101909
4.895 8.99433e-05 0.00101811
4.9 9.21143e-05 0.00103208
4.905 9.18808e-05 0.00101609
4.91 9.40198e-05 0.00101808
4.915 9.20822e-05 0.00108605
4.92 9.09594e-05 0.00101193
4.925 9.09519e-05 0.00102411
4.93 9.19636e-05 0.00101393
4.935 9.49029e-05 0.00102301
4.94 8.99283e-05 0.00103804
4.945 9.19196e-05 0.00101489
4.95 0.000147952 0.00101994
4.955 9.40807e-05 0.00102695
4.96 9.30788e-05 0.0010171
4.965 9.40114e-05 0.00101907
4.97 9.30694e-05 0.00101809
4.975 9.28958e-05 0.00101896
4.98 9.28947e-05 0.000971911
4.985 7.89958e-05 0.000890079
4.99 7.89944e-05 0.000701078
4.995 7.8973e-05 0.000692056
5 7.8111e-05 0.000708956
5.005 7.99303e-05 0.00098906
5.01 0.000101022 0.000692933
5.015 8.39534e-05 0.00071203
5.02 8.29771e-05 0.000712007
5.025 8.30934e-05 0.000694885
5.03 8.30981e-05 0.00071189
5.035 8.20032e-05 0.000699987
5.04 8.20146e-05 0.000696999
5.045 8.29401e-05 0.00070197
5.05 8.29583e-05 0.000689988
5.055 8.29368e-05 0.000698967
5.06 8.50408e-05 0.000694925
5.065 8.19201e-05 0.00069495
5.07 8.38919e-05 0.000899969
5.075 8.70777e-05 0.000734055
5.08 8.302e-05 0.00069905
5.085 8.79307e-05 0.000714954
5.09 0.000110887 0.000771022
5.095 8.80129e-05 0.000697036
5.1 8.60082e-05 0.000695939
5.105 8.30388e-05 0.000689069
5.11 8.39847e-05 0.000700061
5.115 8.20615e-05 0.000719046
5.12 8.40784e-05 0.000693917
5.125 8.9117e-05 0.000692948
5.13 8.28807e-05 0.000689911
5.135 8.40514e-05 0.00069889
5.14 8.29498e-05 0.00068898
5.145 8.38956e-05 0.000694972
5.15 8.29534e-05 0.000693984
5.155 8.28981e-05 0.000694928
5.16 8.28834e-05 0.000694914
5.165 8.20734e-05 0.000689057
5.17 8.50359e-05 0.000982921
5.175 0.000105034 0.00101889
5.18 9.40242e-05 0.000739087
5.185 0.000101007 0.000787964
5.19 8.70544e-05 0.000689032
5.195 8.39935e-05 0.00078807
5.2 8.31007e-05 0.000707893
5.205 8.39855e-05 0.000697062
5.21 8.3911e-05 0.000690988
5.215 8.40805e-05 0.000692919
5.22 8.60116e-05 0.000697989
5.225 8.50353e-05 0.00069592
5.23 8.40183e-05 0.000700095
5.235 8.49823e-05 0.000690105
5.24 8.40714e-05 0.00069791
5.245 8.50828e-05 0.000700014
5.25 8.50466e-05 0.000694931
5.255 8.41167e-05 0.000700955
5.26 8.70849e-05 0.000983062
5.265 0.000115005 0.00115509
5.27 0.000119944 0.000749066
5.275 8.69711e-05 0.000694948
5.28 8.50343e-05 0.000695919
5.285 8.60061e-05 0.000692937
5.29 8.50379e-05 0.000695922
5.295 8.39103e-05 0.000705987
5.3 8.39668e-05 0.000689043
5.305 8.40109e-05 0.000707895
5.31 8.59872e-05 0.000694918
5.315 8.79646e-05 0.000693988
5.32 8.59759e-05 0.000689907
5.325 8.89262e-05 0.000689996
5.33 8.99023e-05 0.000701019
5.335 0.000126985 0.000899908
5.34 9.20409e-05 0.000715011
5.345 9.20906e-05 0.000812061
5.35 0.000129926 0.00101499
5.355 0.000109983 0.000982072
5.36 0.000113042 0.00107803
5.365 8.89137e-05 0.000689983
5.37 8.79046e-05 0.000693928
5.375 8.69216e-05 0.000692899
5.38 8.70991e-05 0.000698076
5.385 8.60246e-05 0.000693956
5.39 8.90563e-05 0.000743888
5.395 0.000157891 0.0010821
5.4 0.000108028 0.000715071
5.405 9.00504e-05 0.000929928
5.41 0.000110992 0.000733889
5.415 9.4992e-05 0.000693101
5.42 8.99546e-05 0.000694071
5.425 8.7906e-05 0.00069793
5.43 8.69501e-05 0.000690927
5.435 8.78857e-05 0.000700909
5.44 0.000104014 0.000798064
5.445 8.99091e-05 0.000703025
5.45 8.80458e-05 0.000695069
5.455 9.309e-05 0.000727107
5.46 0.000113005 0.000772995
5.465 9.18863e-05 0.000697095
5.47 8.90776e-05 0.000698909
5.475 8.68834e-05 0.000691099
5.48 8.68812e-05 0.000693097
5.485 9.29568e-05 0.000786974
5.49 9.00573e-05 0.000692935
5.495 8.70537e-05 0.000769031
5.5 0.00011206 0.000784004
5.505 9.29607e-05 0.000999977
5.51 0.000210963 0.00103501
5.515 8.99317e-05 0.000693048
5.52 9.00525e-05 0.00069193
5.525 8.80039e-05 0.000691027
5.53 0.000132981 0.00108894
5.535 0.00011393 0.00107697
5.54 0.000112112 0.00114905
5.545 0.000112912 0.0010629
5.55 0.000112915 0.0010759
5.555 0.000111931 0.000925113
5.56 0.00012401 0.00110103
5.565 0.000114999 0.00107689
5.57 0.000129113 0.00107389
5.575 0.000117893 0.00107592
5.58 0.000113981 0.00107906
5.585 0.000116065 0.00107295
5.59 0.000115101 0.00115094
5.595 0.000114988 0.00105307
5.6 9.59658e-05 0.000749883
5.605 0.000105987 0.000720891
5.61 9.10233e-05 0.000703947
5.615 9.10538e-05 0.000691978
5.62 9.11183e-05 0.000695042
5.625 9.09838e-05 0.000701908
5.63 9.49217e-05 0.000734077
5.635 9.19579e-05 0.000696928
5.64 9.00687e-05 0.000698993
5.645 9.11128e-05 0.000715037
5.65 9.70834e-05 0.000692047
5.655 9.20596e-05 0.00069403
5.66 9.50606e-05 0.000701932
5.665 9.00516e-05 0.000728929
5.67 9.90549e-05 0.000993111
5.675 0.00011303 0.00105202
5.68 0.000102041 0.001699
5.685 9.39245e-05 0.000696988
5.69 8.80206e-05 0.00069009
5.695 8.80918e-05 0.000709115
5.7 8.80692e-05 0.000696093
5.705 8.78873e-05 0.000702911
5.71 8.70771e-05 0.000690101
5.715 8.70409e-05 0.000766018
5.72 9.79042e-05 0.000718914
5.725 8.79144e-05 0.000706938
5.73 8.80962e-05 0.000698881
5.735 8.90545e-05 0.000688932
5.74 9.01098e-05 0.000700988
5.745 8.91143e-05 0.000693946
5.75 9.0119e-05 0.000882997
5.755 9.09965e-05 0.000697921
5.76 8.89084e-05 0.000748978
5.765 9.69532e-05 0.000698917
5.77 9.00888e-05 0.000694967
5.775 8.80199e-05 0.000724043
5.78 0.000114075 0.000750111
5.785 8.90174e-05 0.000691087
5.79 8.69498e-05 0.000697927
5.795 8.7047e-05 0.000690024
5.8 8.71182e-05 0.000696096
5.805 8.69432e-05 0.000741967
5.81 8.80719e-05 0.000718095
5.815 8.71068e-05 0.000692084
5.82 8.70323e-05 0.00068901
5.825 8.70042e-05 0.000707028
5.83 8.70933e-05 0.000690071
5.835 9.49195e-05 0.000691029
5.84 8.69216e-05 0.000696899
5.845 8.68867e-05 0.000699102
5.85 8.90685e-05 0.0006989
5.855 8.88978e-05 0.000716968
5.86 9.39314e-05 0.000715995
5.865 0.000105096 0.001305
5.87 0.000136975 0.00137988
5.875 9.48997e-05 0.000715009
5.88 8.79685e-05 0.000718992
5.885 8.7946e-05 0.00069197
5.89 8.99234e-05 0.00074704
5.895 8.80454e-05 0.000693069
5.9 8.69641e-05 0.000725941
5.905 8.79404e-05 0.000695964
5.91 8.70376e-05 0.000872061
5.915 9.19367e-05 0.000816907
5.92 0.000121098 0.00115998
5.925 0.000112978 0.00107597
5.93 0.000115032 0.00105511
5.935 0.000116927 0.0010071
5.94 0.000118908 0.00102794
5.945 0.000119904 0.00107203
5.95 0.000122978 0.00119195
5.955 0.000116936 0.00107511
5.96 0.000114002 0.00106704
5.965 0.000113892 0.00107593
5.97 0.00011409 0.00107189
5.975 0.00011391 0.00108095
5.98 0.000200996 0.00107006
5.985 0.000114078 0.00107092
5.99 0.000114104 0.0010639
5.995 0.000112931 0.00107397
6 0.00011301 0.001086
6.005 0.000114053 0.00114309
6.01 0.000115024 0.00106991
6.015 0.000112069 0.00107601
6.02 0.000112896 0.00106893
6.025 0.000110114 0.00107401
6.03 8.80565e-05 0.00068908
6.035 8.7042e-05 0.000694019
6.04 9.892e-05 0.000691976
6.045 8.81166e-05 0.000714902
6.05 8.58884e-05 0.000711058
6.055 8.59313e-05 0.000692101
6.06 0.000110072 0.000879923
6.065 8.9097e-05 0.000744928
6.07 8.80009e-05 0.000692024
6.075 8.79264e-05 0.000701996
6.08 9.3923e-05 0.000714986
6.085 8.89535e-05 0.00106402
6.09 0.00012196 0.00102094
6.095 0.000130916 0.00104502
6.1 0.000121944 0.000879112
6.105 9.21048e-05 0.000730075
6.11 9.20156e-05 0.000715986
6.115 0.00011194 0.000702883
6.12 9.09568e-05 0.000689881
6.125 9.0915e-05 0.000698078
6.13 9.01105e-05 0.000688988
6.135 9.00959e-05 0.000690974
6.14 8.99751e-05 0.000703899
6.145 8.99729e-05 0.000691089
6.15 9.00906e-05 0.000696015
6.155 8.99017e-05 0.000709018
6.16 9.09527e-05 0.000692115
6.165 8.99245e-05 0.000695041
6.17 9.00816e-05 0.000690006
6.175 8.99145e-05 0.000698077
6.18 0.000117914 0.00104194
6.185 0.000121114 0.000829998
6.19 9.19412e-05 0.00106491
6.195 0.000117117 0.00118905
6.2 9.29778e-05 0.000694994
6.205 9.00602e-05 0.000690984
6.21 9.00512e-05 0.000705929
6.215 9.09755e-05 0.0006959
6.22 9.00795e-05 0.000690957
6.225 8.99982e-05 0.000694114
6.23 8.99949e-05 0.000699111
6.235 8.98931e-05 0.000719009
6.24 8.99632e-05 0.000749079
6.245 9.10852e-05 0.000703056
6.25 8.99768e-05 0.000705093
6.255 9.00129e-05 0.000708937
6.26 9.09508e-05 0.000690113
6.265 9.49486e-05 0.000699058
6.27 9.10761e-05 0.000690047
6.275 9.08955e-05 0.000978058
6.28 0.000124118 0.00103895
6.285 0.00011808 0.00101106
6.29 0.000110992 0.00102589
6.295 0.000110003 0.00101909
6.3 0.000107922 0.00101792
6.305 0.000105085 0.00108494
6.31 0.000107981 0.00103298
6.315 0.000107887 0.00100888
6.32 0.000107911 0.00102491
6.325 0.000106929 0.00102693
6.33 0.000105946 0.00101309
6.335 0.000106885 0.00101707
6.34 0.000175956 0.00103
6.345 0.000106888 0.00101688
6.35 0.000107066 0.00102002
6.355 0.000108938 0.00101698
6.36 0.000108973 0.00102302
6.365 0.000109936 0.00102002
6.37 0.000185971 0.001022
6.375 0.000110057 0.00101795
6.38 0.000109032 0.00102808
6.385 0.000112943 0.00102198
6.39 0.000108926 0.00101997
6.395 0.000107935 0.00101693
6.4 0.00010805 0.00108205
6.405 0.000107985 0.00102798
6.41 0.000107007 0.00101896
6.415 0.000109004 0.00102305
6.42 0.000106072 0.000739976
6.425 9.09886e-05 0.000691913
6.43 8.78901e-05 0.00071696
6.435 9.00639e-05 0.000708942
6.44 8.80018e-05 0.000689025
6.445 8.79669e-05 0.00069199
6.45 8.79387e-05 0.000699962
6.455 8.69748e-05 0.000690998
6.46 8.70326e-05 0.00076201
6.465 8.79556e-05 0.000699979
6.47 8.70924e-05 0.00069107
6.475 8.69648e-05 0.000712942
6.48 8.68946e-05 0.00069511
6.485 8.70981e-05 0.000690883
6.49 8.69174e-05 0.000690895
6.495 8.69819e-05 0.000711005
6.5 8.71118e-05 0.000691089
6.505 8.79368e-05 0.00071196
6.51 8.90087e-05 0.000692079
6.515 8.59738e-05 0.000722905
6.52 0.000111983 0.00112193
6.525 8.80111e-05 0.000698035
6.53 8.60677e-05 0.000691999
6.535 8.59932e-05 0.00069397
6.54 8.69978e-05 0.000698975
6.545 8.60486e-05 0.00071198
6.55 8.8026e-05 0.00075505
6.555 8.59412e-05 0.00071911
6.56 8.59253e-05 0.000696903
6.565 8.70227e-05 0.000691
6.57 9.09413e-05 0.000703104
6.575 8.81177e-05 0.000697949
6.58 8.48949e-05 0.000691018
6.585 8.59131e-05 0.00112608
6.59 0.000126946 0.000767107
6.595 8.69334e-05 0.000801911
6.6 0.000105912 0.000705054
6.605 8.79205e-05 0.000739944
6.61 0.000100093 0.000838957
6.615 8.90373e-05 0.000793915
6.62 8.90834e-05 0.000691915
6.625 8.80949e-05 0.000692118
6.63 8.7942e-05 0.000693966
6.635 8.79534e-05 0.000715977
6.64 8.80889e-05 0.000778112
6.645 8.98991e-05 0.000735015
6.65 9.48876e-05 0.000745997
6.655 0.000121013 0.0010519
6.66 0.000121943 0.00135711
6.665 0.000121906 0.00124007
6.67 0.000118987 0.000738016
6.675 9.4089e-05 0.00102891
6.68 0.000121996 0.00102293
6.685 0.000115894 0.00175202
6.69 0.000119078 0.00102111
6.695 0.000114889 0.00102097
6.7 0.000115092 0.00107894
6.705 0.000114982 0.00102206
6.71 0.000116002 0.00107489
6.715 0.000115929 0.00101606
6.72 0.000130919 0.00101403
6.725 0.000167987 0.0010219
6.73 0.000115072 0.00105092
6.735 0.000114015 0.00105805
6.74 0.000115917 0.000977046
6.745 9.99258e-05 0.000888028
6.75 0.000123027 0.00104
6.755 0.000121016 0.00102395
6.76 0.000118939 0.00101997
6.765 0.000118089 0.00103107
6.77 0.000120086 0.000885923
6.775 9.90749e-05 0.000708893
6.78 0.000109024 0.000749067
6.785 0.000103906 0.000694956
6.79 0.000104022 0.000698071
6.795 0.000100951 0.0007081
6.8 0.000100013 0.000711116
6.805 0.000102883 0.000692887
6.81 0.000101894 0.000692897
6.815 9.99693e-05 0.000692072
6.82 0.000100079 0.000691943
6.825 9.90359e-05 0.000893092
6.83 0.000125107 0.00105494
6.835 0.000112009 0.00107395
6.84 0.000106097 0.000705
6.845 0.00010102 0.000689976
6.85 0.000113116 0.000691105
6.855 0.00010204 0.001354
6.86 0.000136117 0.00070698
6.865 0.000109064 0.000731915
6.87 0.000110005 0.000733094
6.875 0.000136905 0.000893053
6.88 0.000119921 0.000709996
6.885 0.000118901 0.000704931
6.89 0.000116029 0.000691919
6.895 0.000102091 0.000695048
6.9 0.000101034 0.000725945
6.905 0.000101037 0.000698947
6.91 0.000134031 0.00103009
6.915 0.00013607 0.00104698
6.92 0.000127926 0.0010359
6.925 0.000125962 0.00105508
6.93 0.000124012 0.00102003
6.935 0.000122956 0.00113198
6.94 0.000126109 0.00103099
6.945 0.00012292 0.0010209
6.95 0.000121885 0.00101705
6.955 0.000121961 0.00103194
6.96 0.000121997 0.00101993
6.965 0.000121902 0.00102212
6.97 0.0001219 0.00111007
6.975 0.000124028 0.00101905
6.98 0.000122946 0.00105592
6.985 0.000138043 0.000744999
6.99 0.0001071 0.00071505
6.995 0.00010191 0.000699913
7 0.0001019 0.000701095
7.005 0.000104895 0.000790991
7.01 0.000151044 0.00113793
7.015 0.000101011 0.000695922
7.02 9.69425e-05 0.000689906
7.025 0.000107094 0.000701044
7.03 9.80976e-05 0.000689108
7.035 0.000107882 0.000731117
7.04 0.000107083 0.000723033
7.045 0.00013007 0.000773894
7.05 0.000128882 0.0010509
7.055 0.000129047 0.00107206
7.06 0.000124902 0.00107597
7.065 0.00012111 0.00107199
7.07 0.000123085 0.00107806
7.075 0.000121894 0.00107106
7.08 0.000121984 0.000918914
7.085 0.000139965 0.00109601
7.09 0.000123083 0.00107806
7.095 0.000136993 0.00106995
7.1 0.000129989 0.00107205
7.105 0.000130945 0.0010791
7.11 0.000131894 0.00107705
7.115 0.000128036 0.00105501
7.12 0.000132066 0.00107498
7.125 0.000146064 0.00106496
7.13 0.000145932 0.00106807
7.135 0.00014902 0.00106601
7.14 0.000144988 0.00107303
7.145 0.000148029 0.000955971
7.15 0.000121955 0.000698884
7.155 0.000111998 0.000693941
7.16 9.88824e-05 0.000693985
7.165 9.89308e-05 0.000693033
7.17 0.000100987 0.000696898
7.175 0.000101991 0.000697948
7.18 0.000131974 0.00103489
7.185 0.000126048 0.00102493
7.19 0.000126938 0.0011491
7.195 0.000135969 0.00110907
7.2 0.000131992 0.000992908
7.205 0.000125042 0.00102511
7.21 0.000121927 0.0010191
7.215 0.000121023 0.00102391
7.22 0.000122107 0.00103004
7.225 0.000121006 0.00101394
7.23 0.000122963 0.00102399
7.235 0.00012308 0.0010231
7.24 0.000122012 0.00101794
7.245 0.000122047 0.00102402
7.25 0.000135939 0.00102109
7.255 0.0001241 0.00101688
7.26 0.000122966 0.00103494
7.265 0.000128041 0.00102301
7.27 0.000110021 0.00069811
7.275 0.000132071 0.000971987
7.28 0.00010501 0.000992914
7.285 0.000132989 0.00105595
7.29 0.000133043 0.00108101
7.295 0.000135951 0.00108405
7.3 0.000130966 0.00101207
7.305 0.000132975 0.00108098
7.31 9.99502e-05 0.000697053
7.315 0.000110014 0.000727103
7.32 0.000110949 0.000723892
7.325 9.89635e-05 0.00069302
7.33 9.79409e-05 0.000695951
7.335 9.90708e-05 0.000693889
7.34 9.69421e-05 0.000786952
7.345 0.000130994 0.00106191
7.35 0.000131972 0.00106589
7.355 0.000132979 0.00108299
7.36 0.000135033 0.00106109
7.365 0.000130068 0.00106994
7.37 0.000136113 0.000843977
7.375 0.000143048 0.001961
7.38 0.000128072 0.00106804
7.385 0.000123949 0.00106897
7.39 0.000134944 0.001076
7.395 0.000123031 0.00107205
7.4 0.000122952 0.00108393
7.405 0.000123012 0.00102799
7.41 0.000124061 0.00106608
7.415 0.000122907 0.00107988
7.42 0.000124948 0.00107202
7.425 0.000122923 0.0010679
7.43 0.000123096 0.00107607
7.435 0.000126103 0.00107498
7.44 0.00012511 0.00107994
7.445 0.000128938 0.00107795
7.45 0.000880052 0.000760049
7.455 0.000106925 0.000699114
7.46 9.89682e-05 0.000694024
7.465 9.69896e-05 0.000693953
7.47 9.48879e-05 0.000694044
7.475 9.80881e-05 0.000692098
7.48 9.59864e-05 0.000695904
7.485 9.507e-05 0.000702941
7.49 9.5063e-05 0.000735934
7.495 9.69003e-05 0.00069791
7.5 9.69104e-05 0.000696112
7.505 9.49941e-05 0.000693911
7.51 9.60844e-05 0.000881002
7.515 0.000127913 0.000941882
7.52 0.000101972 0.000694929
7.525 0.000101081 0.000697991
7.53 9.80311e-05 0.000699087
7.535 9.69882e-05 0.000734952
7.54 9.60503e-05 0.000693014
7.545 9.40808e-05 0.000690905
7.55 9.50323e-05 0.000697903
7.555 9.41091e-05 0.000699934
7.56 9.41001e-05 0.000692925
7.565 0.000113939 0.000884974
7.57 9.49618e-05 0.000697071
7.575 9.30851e-05 0.000715102
7.58 9.3894e-05 0.000727957
7.585 9.30758e-05 0.000738093
7.59 9.18935e-05 0.000692102
7.595 9.10346e-05 0.000693959
7.6 9.10324e-05 0.000690003
7.605 9.10901e-05 0.000691014
7.61 9.10087e-05 0.000696933
7.615 8.99071e-05 0.000791023
7.62 0.000116999 0.000696982
7.625 8.99566e-05 0.000705073
7.63 8.98932e-05 0.000714009
7.635 8.88997e-05 0.00069997
7.64 8.98975e-05 0.000694014
7.645 8.90943e-05 0.000699926
7.65 8.79135e-05 0.000690937
7.655 9.09317e-05 0.000689094
7.66 9.09921e-05 0.000703916
7.665 8.90158e-05 0.000691086
7.67 9.10803e-05 0.000702004
7.675 9.00078e-05 0.000711886
7.68 8.90112e-05 0.000710081
7.685 8.90418e-05 0.000696112
7.69 8.88937e-05 0.000693964
7.695 0.000107003 0.00108795
7.7 9.39707e-05 0.000698034
7.705 8.80543e-05 0.000691078
7.71 8.79854e-05 0.000701009
7.715 8.90759e-05 0.000700907
7.72 9.09797e-05 0.000690904
7.725 9.00307e-05 0.000689909
7.73 8.9102e-05 0.000713933
7.735 8.89065e-05 0.000733976
7.74 9.40352e-05 0.000703098
7.745 9.01188e-05 0.000694997
7.75 8.90635e-05 0.000854895
7.755 9.10201e-05 0.000688944
7.76 8.90383e-05 0.000698916
7.765 8.98971e-05 0.00103901
7.77 0.000121882 0.00102405
7.775 0.000113999 0.00109004
7.78 0.000103018 0.000701068
7.785 9.40736e-05 0.000696898
7.79 9.01109e-05 0.000692989
7.795 8.79766e-05 0.000689
7.8 8.98985e-05 0.000691015
7.805 9.10284e-05 0.000816953
7.81 0.0001219 0.00100011
7.815 0.00011597 0.0010301
7.82 0.000117104 0.00107204
7.825 0.000113913 0.00107095
7.83 0.000113983 0.00103202
7.835 0.00011406 0.0010801
7.84 0.000113909 0.00106994
7.845 0.000114011 0.00107509
7.85 0.000114013 0.00108809
7.855 0.00011304 0.00107503
7.86 0.000113093 0.00078089
7.865 0.000115958 0.00104109
7.87 0.000121921 0.00106209
7.875 0.000118054 0.00106408
7.88 0.000114084 0.00106788
7.885 0.000114061 0.000959097
7.89 0.000114888 0.00104797
7.895 0.000112991 0.000992981
7.9 0.000113108 0.000982098
7.905 0.000104975 0.00102807
7.91 0.000113107 0.000994096
7.915 9.38887e-05 0.00101195
7.92 0.000117098 0.00107503
7.925 0.000112093 0.00107408
7.93 0.000115001 0.00106908
7.935 0.000116076 0.00107501
7.94 0.000113907 0.000998943
7.945 9.00315e-05 0.000936909
7.95 0.000114912 0.00103099
7.955 0.000115907 0.00104404
7.96 0.000112989 0.00106398
7.965 0.000111966 0.000996909
7.97 9.70444e-05 0.000862008
7.975 8.80033e-05 0.000695073
7.98 8.51074e-05 0.000698038
7.985 8.39198e-05 0.000689043
7.99 8.59129e-05 0.000690082
7.995 8.6062e-05 0.000695993
8 8.69998e-05 0.000692977
8.005 0.000106063 0.000943967
8.01 8.60965e-05 0.000700027
8.015 8.49145e-05 0.000695037
8.02 8.50309e-05 0.000696915
8.025 8.59033e-05 0.000696073
8.03 8.50456e-05 0.00070393
8.035 8.89032e-05 0.000699019
8.04 8.39992e-05 0.00102008
8.045 0.000114071 0.00109311
8.05 0.000112952 0.00106794
8.055 0.000113001 0.00100499
8.06 0.000102013 0.00103097
8.065 0.000106932 0.000751882
8.07 0.00011093 0.00106607
8.075 0.000110885 0.00105502
8.08 8.89896e-05 0.000982059
8.085 0.000106949 0.0011309
8.09 0.00011792 0.000746903
8.095 8.8079e-05 0.000699103
8.1 8.40237e-05 0.0007221
8.105 8.51061e-05 0.000718037
8.11 8.30372e-05 0.000690068
8.115 8.30417e-05 0.000709072
8.12 8.2887e-05 0.000711964
8.125 8.307e-05 0.0006911
8.13 8.20679e-05 0.000691052
8.135 8.19674e-05 0.000700951
8.14 9.39245e-05 0.000691988
8.145 8.39087e-05 0.000691985
8.15 8.28997e-05 0.00069793
8.155 8.19369e-05 0.000689921
8.16 8.40066e-05 0.000690083
8.165 8.00483e-05 0.000692986
8.17 8.09343e-05 0.00069011
8.175 8.10124e-05 0.00069695
8.18 8.10102e-05 0.000692948
8.185 8.20814e-05 0.000700065
8.19 8.18858e-05 0.000692108
8.195 8.19176e-05 0.000702902
8.2 8.20815e-05 0.000703066
8.205 8.20837e-05 0.000696068
8.21 8.11155e-05 0.000692053
8.215 8.29595e-05 0.00069299
8.22 8.20839e-05 0.000691114
8.225 8.19766e-05 0.000691961
8.23 8.71054e-05 0.000702083
8.235 8.80737e-05 0.000698097
8.24 8.48849e-05 0.000738008
8.245 8.0895e-05 0.000688071
8.25 8.09528e-05 0.000689937
8.255 8.38938e-05 0.00071097
8.26 8.79491e-05 0.000696973
8.265 8.29141e-05 0.000690944
8.27 8.38996e-05 0.000704023
8.275 8.49752e-05 0.000694098
8.28 8.19007e-05 0.000741885
8.285 8.10295e-05 0.00122801
8.29 8.39301e-05 0.000695007
8.295 8.20126e-05 0.000694997
8.3 7.98961e-05 0.000715072
8.305 7.80397e-05 0.000690077
8.31 9.30825e-05 0.000691099
8.315 7.8955e-05 0.000696038
8.32 7.80794e-05 0.000694924
8.325 7.79438e-05 0.000691981
8.33 8.60976e-05 0.000711028
8.335 8.0101e-05 0.000705992
8.34 7.80524e-05 0.00069809
8.345 8.39867e-05 0.000691063
8.35 8.00703e-05 0.000691008
8.355 8.39891e-05 0.000736112
8.36 0.000121023 0.000997952
8.365 0.000119997 0.00104812
8.37 0.000108919 0.00102396
8.375 0.000104882 0.00103598
8.38 9.70247e-05 0.00102199
8.385 9.81075e-05 0.00102212
8.39 9.31056e-05 0.00101788
8.395 9.29591e-05 0.00103898
8.4 9.10227e-05 0.00104495
8.405 9.40536e-05 0.00102912
8.41 9.19251e-05 0.00102994
8.415 9.10622e-05 0.00104199
8.42 9.20962e-05 0.00103107
8.425 8.90752e-05 0.00103591
8.43 8.9888e-05 0.001032
8.435 8.90861e-05 0.00102692
8.44 8.80515e-05 0.00102708
8.445 8.69841e-05 0.00102696
8.45 8.59223e-05 0.00103109
8.455 8.70347e-05 0.00104101
8.46 8.59469e-05 0.00102712
8.465 8.70908e-05 0.00102307
8.47 8.69239e-05 0.0010319
8.475 8.70135e-05 0.00104104
8.48 9.0919e-05 0.00102508
8.485 8.80234e-05 0.00103805
8.49 8.59831e-05 0.00103091
8.495 9.49121e-05 0.000814021
8.5 8.09118e-05 0.000778088
8.505 7.40802e-05 0.000700932
8.51 9.09729e-05 0.000920897
8.515 9.4021e-05 0.00110308
8.52 8.30031e-05 0.000798033
8.525 7.80639e-05 0.000752909
8.53 7.49012e-05 0.000736038
8.535 7.50775e-05 0.000696976
8.54 7.30301e-05 0.000698074
8.545 7.19872e-05 0.000695985
8.55 7.39442e-05 0.000739034
8.555 7.40786e-05 0.000699977
8.56 7.49781e-05 0.000697115
8.565 0.000104055 0.0011681
8.57 9.21002e-05 0.00108407
8.575 8.98902e-05 0.00110601
8.58 9.00336e-05 0.00107491
8.585 7.6025e-05 0.000697969
8.59 7.59233e-05 0.000707106
8.595 8.20996e-05 0.000703084
8.6 7.50319e-05 0.00073093
