0 0.013272 0.00151635 0.744755
0.005 0.0132721 0.00151633 0.744755
0.01 0.0132726 0.0015163 0.744753
0.015 0.0132733 0.00151623 0.744749
0.02 0.0132743 0.00151615 0.744745
0.025 0.0132757 0.00151604 0.744739
0.03 0.0132773 0.0015159 0.744732
0.035 0.0132792 0.00151574 0.744724
0.04 0.0132813 0.00151556 0.744714
0.045 0.0132838 0.00151535 0.744703
0.05 0.0132866 0.00151512 0.744691
0.055 0.0132896 0.00151487 0.744678
0.06 0.0132929 0.0015146 0.744663
0.065 0.0132965 0.0015143 0.744648
0.07 0.0133003 0.00151399 0.744631
0.075 0.0133045 0.00151365 0.744612
0.08 0.0133089 0.00151329 0.744593
0.085 0.0133135 0.00151292 0.744573
0.09 0.0133185 0.00151252 0.744551
0.095 0.0133237 0.0015121 0.744528
0.1 0.0133292 0.00151167 0.744504
0.105 0.0133349 0.00151122 0.744479
0.11 0.0133409 0.00151075 0.744453
0.115 0.0133472 0.00151026 0.744425
0.12 0.0133537 0.00150976 0.744397
0.125 0.0133605 0.00150924 0.744367
0.13 0.0133676 0.00150871 0.744337
0.135 0.0133749 0.00150816 0.744305
0.14 0.0133824 0.0015076 0.744272
0.145 0.0133902 0.00150702 0.744238
0.15 0.0133983 0.00150644 0.744203
0.155 0.0134066 0.00150584 0.744167
0.16 0.0134152 0.00150523 0.74413
0.165 0.013424 0.00150461 0.744092
0.17 0.013433 0.00150398 0.744052
0.175 0.0134423 0.00150334 0.744012
0.18 0.0134519 0.0015027 0.743971
0.185 0.0134617 0.00150204 0.743929
0.19 0.0134717 0.00150138 0.743885
0.195 0.013482 0.00150071 0.743841
0.2 0.0134925 0.00150004 0.743796
0.205 0.0135032 0.00149936 0.74375
0.21 0.0135142 0.00149868 0.743703
0.215 0.0135254 0.001498 0.743655
0.22 0.0135369 0.00149731 0.743605
0.225 0.0135486 0.00149662 0.743555
0.23 0.0135605 0.00149594 0.743505
0.235 0.0135726 0.00149525 0.743453
0.24 0.013585 0.00149456 0.7434
0.245 0.0135976 0.00149387 0.743346
0.25 0.0136104 0.00149319 0.743292
0.255 0.0136235 0.0014925 0.743236
0.26 0.0136368 0.00149183 0.74318
0.265 0.0136503 0.00149115 0.743123
0.27 0.013664 0.00149048 0.743065
0.275 0.0136779 0.00148982 0.743006
0.28 0.0136921 0.00148917 0.742946
0.285 0.0137065 0.00148852 0.742885
0.29 0.0137211 0.00148788 0.742824
0.295 0.0137359 0.00148725 0.742761
0.3 0.0137509 0.00148663 0.742698
0.305 0.0137662 0.00148602 0.742634
0.31 0.0137816 0.00148542 0.74257
0.315 0.0137973 0.00148484 0.742504
0.32 0.0138132 0.00148427 0.742438
0.325 0.0138293 0.00148371 0.742371
0.33 0.0138455 0.00148317 0.742303
0.335 0.013862 0.00148264 0.742235
0.34 0.0138787 0.00148213 0.742165
0.345 0.0138956 0.00148163 0.742095
0.35 0.0139127 0.00148115 0.742025
0.355 0.01393 0.0014807 0.741953
0.36 0.0139475 0.00148026 0.741881
0.365 0.0139652 0.00147984 0.741808
0.37 0.0139831 0.00147944 0.741735
0.375 0.0140012 0.00147906 0.74166
0.38 0.0140195 0.0014787 0.741585
0.385 0.014038 0.00147837 0.74151
0.39 0.0140566 0.00147806 0.741434
0.395 0.0140755 0.00147778 0.741357
0.4 0.0140945 0.00147752 0.741279
0.405 0.0141137 0.00147728 0.741201
0.41 0.0141331 0.00147707 0.741122
0.415 0.0141527 0.00147689 0.741043
0.42 0.0141725 0.00147674 0.740963
0.425 0.0141925 0.00147661 0.740882
0.43 0.0142126 0.00147651 0.740801
0.435 0.0142329 0.00147644 0.740719
0.44 0.0142534 0.00147641 0.740637
0.445 0.014274 0.0014764 0.740554
0.45 0.0142949 0.00147642 0.74047
0.455 0.0143159 0.00147648 0.740386
0.46 0.0143371 0.00147657 0.740301
0.465 0.0143584 0.00147669 0.740216
0.47 0.0143799 0.00147684 0.740131
0.475 0.0144016 0.00147703 0.740044
0.48 0.0144234 0.00147726 0.739958
0.485 0.0144454 0.00147752 0.73987
0.49 0.0144675 0.00147781 0.739783
0.495 0.0144899 0.00147814 0.739695
0.5 0.0145123 0.00147851 0.739606
0.505 0.0145349 0.00147891 0.739517
0.51 0.0145577 0.00147935 0.739427
0.515 0.0145806 0.00147983 0.739337
0.52 0.0146037 0.00148035 0.739247
0.525 0.0146269 0.00148091 0.739156
0.53 0.0146503 0.00148151 0.739065
0.535 0.0146738 0.00148215 0.738973
0.54 0.0146975 0.00148282 0.738881
0.545 0.0147212 0.00148354 0.738788
0.55 0.0147452 0.0014843 0.738695
0.555 0.0147692 0.0014851 0.738602
0.56 0.0147934 0.00148594 0.738508
0.565 0.0148178 0.00148683 0.738414
0.57 0.0148422 0.00148775 0.73832
0.575 0.0148668 0.00148872 0.738225
0.58 0.0148915 0.00148973 0.73813
0.585 0.0149164 0.00149079 0.738035
0.59 0.0149413 0.00149189 0.737939
0.595 0.0149664 0.00149303 0.737843
0.6 0.0149916 0.00149421 0.737747
0.605 0.0150169 0.00149544 0.73765
0.61 0.0150423 0.00149672 0.737553
0.615 0.0150679 0.00149804 0.737456
0.62 0.0150935 0.0014994 0.737358
0.625 0.0151193 0.00150081 0.737261
0.63 0.0151451 0.00150226 0.737163
0.635 0.0151711 0.00150376 0.737064
0.64 0.0151972 0.00150531 0.736966
0.645 0.0152233 0.0015069 0.736867
0.65 0.0152496 0.00150853 0.736768
0.655 0.015276 0.00151021 0.736669
0.66 0.0153024 0.00151194 0.73657
0.665 0.0153289 0.00151371 0.73647
0.67 0.0153556 0.00151553 0.73637
0.675 0.0153823 0.00151739 0.73627
0.68 0.0154091 0.0015193 0.73617
0.685 0.0154359 0.00152126 0.73607
0.69 0.0154629 0.00152326 0.73597
0.695 0.0154899 0.00152531 0.735869
0.7 0.015517 0.0015274 0.735768
0.705 0.0155442 0.00152954 0.735668
0.71 0.0155714 0.00153172 0.735567
0.715 0.0155987 0.00153395 0.735466
0.72 0.0156261 0.00153622 0.735364
0.725 0.0156535 0.00153854 0.735263
0.73 0.015681 0.00154091 0.735162
0.735 0.0157086 0.00154332 0.73506
0.74 0.0157362 0.00154577 0.734959
0.745 0.0157638 0.00154827 0.734857
0.75 0.0157915 0.00155081 0.734756
0.755 0.0158192 0.0015534 0.734654
0.76 0.015847 0.00155603 0.734552
0.765 0.0158749 0.0015587 0.734451
0.77 0.0159027 0.00156142 0.734349
0.775 0.0159306 0.00156418 0.734247
0.78 0.0159599 0.00156795 0.734146
0.785 0.01599 0.00157228 0.734045
0.79 0.0160204 0.00157688 0.733944
0.795 0.016051 0.00158162 0.733844
0.8 0.0160816 0.00158645 0.733743
0.805 0.0161124 0.00159135 0.733643
0.81 0.0161432 0.00159631 0.733542
0.815 0.016174 0.00160133 0.733442
0.82 0.0162048 0.0016064 0.733341
0.825 0.0162357 0.00161152 0.733241
0.83 0.0162666 0.00161668 0.73314
0.835 0.0162976 0.00162189 0.73304
0.84 0.0163285 0.00162715 0.73294
0.845 0.0163595 0.00163244 0.73284
0.85 0.0163904 0.00163778 0.73274
0.855 0.0164214 0.00164316 0.732641
0.86 0.0164523 0.00164858 0.732541
0.865 0.0164833 0.00165403 0.732441
0.87 0.0165142 0.00165952 0.732342
0.875 0.0165452 0.00166503 0.732243
0.88 0.0165761 0.00167059 0.732144
0.885 0.016607 0.00167617 0.732045
0.89 0.0166378 0.00168178 0.731946
0.895 0.0166687 0.00168741 0.731847
0.9 0.0166995 0.00169307 0.731749
0.905 0.0167302 0.00169876 0.731651
0.91 0.016761 0.00170446 0.731553
0.915 0.0167916 0.00171019 0.731455
0.92 0.0168223 0.00171593 0.731357
0.925 0.0168528 0.00172169 0.73126
0.93 0.0168833 0.00172747 0.731163
0.935 0.0169138 0.00173326 0.731066
0.94 0.0169442 0.00173906 0.730969
0.945 0.0169745 0.00174487 0.730873
0.95 0.0170047 0.00175069 0.730777
0.955 0.0170349 0.00175651 0.730681
0.96 0.017065 0.00176235 0.730585
0.965 0.0170949 0.00176818 0.73049
0.97 0.0171248 0.00177402 0.730395
0.975 0.0171546 0.00177985 0.7303
0.98 0.0171844 0.00178569 0.730206
0.985 0.017214 0.00179152 0.730112
0.99 0.0172434 0.00179734 0.730018
0.995 0.0172728 0.00180317 0.729925
1 0.0173021 0.001809 0.729831
1.005 0.0173314 0.00181484 0.729739
1.01 0.0173605 0.00182069 0.729646
1.015 0.0173895 0.00182654 0.729554
1.02 0.0174185 0.0018324 0.729462
1.025 0.0174473 0.00183827 0.729371
1.03 0.0174761 0.00184414 0.72928
1.035 0.0175048 0.00185003 0.729189
1.04 0.0175334 0.00185592 0.729099
1.045 0.0175619 0.00186182 0.729008
1.05 0.0175903 0.00186772 0.728919
1.055 0.0176187 0.00187364 0.728829
1.06 0.0176469 0.00187956 0.72874
1.065 0.0176751 0.00188548 0.728651
1.07 0.0177032 0.00189141 0.728562
1.075 0.0177312 0.00189734 0.728474
1.08 0.0177591 0.00190328 0.728386
1.085 0.0177869 0.00190923 0.728298
1.09 0.0178147 0.00191518 0.728211
1.095 0.0178423 0.00192113 0.728124
1.1 0.0178699 0.00192709 0.728037
1.105 0.0178974 0.00193305 0.72795
1.11 0.0179249 0.00193902 0.727864
1.115 0.0179522 0.00194499 0.727778
1.12 0.0179794 0.00195096 0.727693
1.125 0.0180066 0.00195694 0.727607
1.13 0.0180337 0.00196292 0.727522
1.135 0.0180607 0.0019689 0.727437
1.14 0.0180877 0.00197489 0.727353
1.145 0.0181145 0.00198088 0.727268
1.15 0.0181413 0.00198687 0.727184
1.155 0.018168 0.00199286 0.727101
1.16 0.0181946 0.00199886 0.727017
1.165 0.0182211 0.00200485 0.726934
1.17 0.0182476 0.00201085 0.726851
1.175 0.018274 0.00201685 0.726768
1.18 0.0183003 0.00202286 0.726686
1.185 0.0183265 0.00202886 0.726604
1.19 0.0183526 0.00203487 0.726522
1.195 0.0183787 0.00204088 0.72644
1.2 0.0184047 0.00204689 0.726359
1.205 0.0184306 0.0020529 0.726278
1.21 0.0184565 0.00205891 0.726197
1.215 0.0184822 0.00206493 0.726116
1.22 0.018508 0.00207094 0.726036
1.225 0.0185336 0.00207696 0.725955
1.23 0.0185591 0.00208298 0.725875
1.235 0.0185846 0.002089 0.725796
1.24 0.01861 0.00209502 0.725716
1.245 0.0186354 0.00210104 0.725637
1.25 0.0186606 0.00210706 0.725558
1.255 0.0186858 0.00211309 0.725479
1.26 0.018711 0.00211911 0.7254
1.265 0.018736 0.00212514 0.725322
1.27 0.018761 0.00213117 0.725244
1.275 0.018786 0.00213719 0.725166
1.28 0.0188108 0.00214322 0.725088
1.285 0.0188356 0.00214925 0.725011
1.29 0.0188603 0.00215529 0.724934
1.295 0.018885 0.00216132 0.724857
1.3 0.0189096 0.00216735 0.72478
1.305 0.0189341 0.00217339 0.724703
1.31 0.0189586 0.00217943 0.724627
1.315 0.018983 0.00218546 0.72455
1.32 0.0190073 0.0021915 0.724474
1.325 0.0190316 0.00219754 0.724398
1.33 0.0190558 0.00220359 0.724323
1.335 0.01908 0.00220963 0.724247
1.34 0.0191042 0.0022157 0.724172
1.345 0.0191284 0.00222183 0.724097
1.35 0.0191526 0.002228 0.724022
1.355 0.0191767 0.00223419 0.723947
1.36 0.0192009 0.0022404 0.723873
1.365 0.019225 0.00224663 0.723799
1.37 0.0192491 0.00225287 0.723724
1.375 0.0192731 0.00225912 0.72365
1.38 0.0192971 0.00226537 0.723577
1.385 0.019321 0.00227163 0.723503
1.39 0.0193449 0.00227789 0.72343
1.395 0.0193687 0.00228416 0.723356
1.4 0.0193925 0.00229043 0.723283
1.405 0.0194162 0.00229671 0.72321
1.41 0.0194398 0.00230298 0.723137
1.415 0.0194635 0.00230927 0.723065
1.42 0.019487 0.00231555 0.722992
1.425 0.0195106 0.00232184 0.72292
1.43 0.019534 0.00232813 0.722848
1.435 0.0195575 0.00233443 0.722776
1.44 0.0195808 0.00234073 0.722704
1.445 0.0196042 0.00234704 0.722632
1.45 0.0196275 0.00235335 0.722561
1.455 0.0196507 0.00235966 0.722489
1.46 0.0196739 0.00236598 0.722418
1.465 0.0196971 0.0023723 0.722347
1.47 0.0197202 0.00237863 0.722276
1.475 0.0197432 0.00238496 0.722205
1.48 0.0197663 0.0023913 0.722134
1.485 0.0197893 0.00239765 0.722063
1.49 0.0198122 0.002404 0.721993
1.495 0.0198351 0.00241035 0.721922
1.5 0.019858 0.00241671 0.721852
1.505 0.0198808 0.00242308 0.721782
1.51 0.0199036 0.00242945 0.721712
1.515 0.0199264 0.00243583 0.721642
1.52 0.0199491 0.00244221 0.721572
1.525 0.0199718 0.0024486 0.721502
1.53 0.0199945 0.002455 0.721433
1.535 0.0200171 0.0024614 0.721363
1.54 0.0200397 0.00246782 0.721294
1.545 0.0200623 0.00247424 0.721225
1.55 0.0200848 0.00248066 0.721156
1.555 0.0201073 0.00248709 0.721086
1.56 0.0201298 0.00249354 0.721017
1.565 0.0201522 0.00249998 0.720949
1.57 0.0201746 0.00250644 0.72088
1.575 0.020197 0.00251291 0.720811
1.58 0.0202194 0.00251938 0.720742
1.585 0.0202417 0.00252586 0.720674
1.59 0.020264 0.00253235 0.720605
1.595 0.0202863 0.00253885 0.720537
1.6 0.0203085 0.00254536 0.720469
1.605 0.0203307 0.00255188 0.720401
1.61 0.020353 0.0025584 0.720332
1.615 0.0203751 0.00256494 0.720264
1.62 0.0203973 0.00257149 0.720196
1.625 0.0204195 0.00257804 0.720128
1.63 0.0204416 0.00258461 0.72006
1.635 0.0204637 0.00259119 0.719993
1.64 0.0204858 0.00259778 0.719925
1.645 0.0205078 0.00260437 0.719857
1.65 0.0205299 0.00261098 0.71979
1.655 0.0205519 0.0026176 0.719722
1.66 0.0205739 0.00262424 0.719654
1.665 0.0205959 0.00263088 0.719587
1.67 0.0206179 0.00263753 0.71952
1.675 0.0206399 0.0026442 0.719452
1.68 0.0206618 0.00265088 0.719385
1.685 0.0206838 0.00265757 0.719317
1.69 0.0207057 0.00266427 0.71925
1.695 0.0207276 0.00267099 0.719183
1.7 0.0207496 0.00267772 0.719116
1.705 0.0207715 0.00268446 0.719049
1.71 0.0207934 0.00269122 0.718982
1.715 0.0208152 0.00269799 0.718914
1.72 0.0208371 0.00270477 0.718847
1.725 0.020859 0.00271157 0.71878
1.73 0.0208809 0.00271838 0.718713
1.735 0.0209027 0.00272521 0.718646
1.74 0.0209246 0.00273205 0.718579
1.745 0.0209464 0.00273891 0.718512
1.75 0.0209683 0.00274578 0.718445
1.755 0.0209901 0.00275266 0.718378
1.76 0.0210119 0.00275956 0.718311
1.765 0.0210338 0.00276648 0.718244
1.77 0.0210556 0.00277341 0.718178
1.775 0.0210774 0.00278036 0.718111
1.78 0.0210993 0.00278733 0.718044
1.785 0.0211211 0.00279431 0.717977
1.79 0.0211429 0.00280131 0.71791
1.795 0.0211648 0.00280833 0.717843
1.8 0.0211866 0.00281536 0.717776
1.805 0.0212085 0.00282241 0.717709
1.81 0.0212303 0.00282948 0.717642
1.815 0.0212522 0.00283657 0.717575
1.82 0.021274 0.00284367 0.717508
1.825 0.0212959 0.00285079 0.717441
1.83 0.0213178 0.00285794 0.717374
1.835 0.0213396 0.0028651 0.717307
1.84 0.0213615 0.00287228 0.71724
1.845 0.0213834 0.00287948 0.717172
1.85 0.0214053 0.00288669 0.717105
1.855 0.0214272 0.00289393 0.717038
1.86 0.0214491 0.00290119 0.716971
1.865 0.0214711 0.00290847 0.716904
1.87 0.021493 0.00291577 0.716836
1.875 0.021515 0.00292309 0.716769
1.88 0.0215369 0.00293043 0.716702
1.885 0.0215589 0.00293779 0.716634
1.89 0.0215809 0.00294518 0.716567
1.895 0.0216029 0.00295258 0.716499
1.9 0.021625 0.00296001 0.716431
1.905 0.021647 0.00296746 0.716364
1.91 0.0216691 0.00297493 0.716296
1.915 0.0216911 0.00298242 0.716228
1.92 0.0217132 0.00298994 0.716161
1.925 0.0217353 0.00299748 0.716093
1.93 0.0217575 0.00300504 0.716025
1.935 0.0217796 0.00301263 0.715957
1.94 0.0218018 0.00302024 0.715889
1.945 0.021824 0.00302788 0.71582
1.95 0.0218462 0.00303554 0.715752
1.955 0.0218684 0.00304322 0.715684
1.96 0.0218906 0.00305093 0.715615
1.965 0.0219129 0.00305866 0.715547
1.97 0.0219352 0.00306642 0.715478
1.975 0.0219575 0.00307421 0.71541
1.98 0.0219799 0.00308201 0.715341
1.985 0.0220022 0.00308985 0.715272
1.99 0.0220246 0.0030977 0.715203
1.995 0.022047 0.00310557 0.715134
2 0.0220694 0.00311345 0.715065
2.005 0.0220918 0.00312136 0.714996
2.01 0.0221142 0.00312928 0.714927
2.015 0.0221366 0.00313722 0.714857
2.02 0.022159 0.00314517 0.714788
2.025 0.0221814 0.00315313 0.714718
2.03 0.0222039 0.00316111 0.714649
2.035 0.0222263 0.00316911 0.714579
2.04 0.0222487 0.00317712 0.714509
2.045 0.0222711 0.00318514 0.714439
2.05 0.0222936 0.00319318 0.714369
2.055 0.022316 0.00320123 0.714299
2.06 0.0223384 0.00320929 0.714229
2.065 0.0223608 0.00321737 0.714159
2.07 0.0223833 0.00322546 0.714089
2.075 0.0224057 0.00323357 0.714018
2.08 0.0224281 0.00324168 0.713948
2.085 0.0224505 0.00324981 0.713877
2.09 0.0224729 0.00325796 0.713806
2.095 0.0224954 0.00326611 0.713736
2.1 0.0225178 0.00327428 0.713665
2.105 0.0225402 0.00328246 0.713594
2.11 0.0225626 0.00329065 0.713523
2.115 0.0225849 0.00329886 0.713452
2.12 0.0226073 0.00330707 0.713381
2.125 0.0226297 0.0033153 0.713309
2.13 0.0226521 0.00332354 0.713238
2.135 0.0226744 0.00333179 0.713167
2.14 0.0226968 0.00334006 0.713095
2.145 0.0227191 0.00334833 0.713024
2.15 0.0227415 0.00335662 0.712952
2.155 0.0227638 0.00336491 0.71288
2.16 0.0227861 0.00337322 0.712808
2.165 0.0228084 0.00338154 0.712736
2.17 0.0228307 0.00338987 0.712664
2.175 0.022853 0.00339821 0.712592
2.18 0.0228753 0.00340657 0.71252
2.185 0.0228976 0.00341493 0.712448
2.19 0.0229198 0.0034233 0.712376
2.195 0.0229421 0.00343169 0.712303
2.2 0.0229643 0.00344008 0.712231
2.205 0.0229865 0.00344848 0.712158
2.21 0.0230087 0.0034569 0.712086
2.215 0.0230309 0.00346532 0.712013
2.22 0.0230531 0.00347376 0.71194
2.225 0.0230753 0.0034822 0.711867
2.23 0.0230974 0.00349066 0.711794
2.235 0.0231195 0.00349912 0.711721
2.24 0.0231416 0.00350759 0.711648
2.245 0.0231637 0.00351608 0.711575
2.25 0.0231858 0.00352457 0.711502
2.255 0.0232079 0.00353307 0.711429
2.26 0.0232299 0.00354158 0.711355
2.265 0.023252 0.0035501 0.711282
2.27 0.023274 0.00355863 0.711208
2.275 0.023296 0.00356716 0.711135
2.28 0.0233179 0.00357571 0.711061
2.285 0.0233399 0.00358426 0.710987
2.29 0.0233618 0.00359283 0.710914
2.295 0.0233837 0.0036014 0.71084
2.3 0.0234056 0.00360998 0.710766
2.305 0.0234275 0.00361857 0.710692
2.31 0.0234493 0.00362716 0.710618
2.315 0.0234712 0.00363577 0.710543
2.32 0.023493 0.00364438 0.710469
2.325 0.0235148 0.003653 0.710395
2.33 0.0235365 0.00366163 0.71032
2.335 0.0235583 0.00367027 0.710246
2.34 0.02358 0.00367891 0.710171
2.345 0.0236017 0.00368756 0.710097
2.35 0.0236234 0.00369622 0.710022
2.355 0.023645 0.00370489 0.709948
2.36 0.0236667 0.00371356 0.709873
2.365 0.0236883 0.00372224 0.709798
2.37 0.0237098 0.00373093 0.709723
2.375 0.0237314 0.00373963 0.709648
2.38 0.0237529 0.00374833 0.709573
2.385 0.0237744 0.00375704 0.709498
2.39 0.0237959 0.00376576 0.709423
2.395 0.0238174 0.00377448 0.709347
2.4 0.0238388 0.00378321 0.709272
2.405 0.0238602 0.00379194 0.709197
2.41 0.0238815 0.00380069 0.709121
2.415 0.0239029 0.00380944 0.709046
2.42 0.0239242 0.00381819 0.70897
2.425 0.0239455 0.00382695 0.708894
2.43 0.0239667 0.00383572 0.708819
2.435 0.023988 0.00384449 0.708743
2.44 0.0240092 0.00385327 0.708667
2.445 0.0240304 0.00386206 0.708591
2.45 0.0240515 0.00387085 0.708515
2.455 0.0240726 0.00387965 0.708439
2.46 0.0240937 0.00388845 0.708363
2.465 0.0241147 0.00389726 0.708287
2.47 0.0241358 0.00390607 0.708211
2.475 0.0241568 0.00391489 0.708134
2.48 0.0241777 0.00392371 0.708058
2.485 0.0241987 0.00393254 0.707982
2.49 0.0242196 0.00394138 0.707905
2.495 0.0242404 0.00395022 0.707829
2.5 0.0242613 0.00395906 0.707752
2.505 0.0242821 0.00396791 0.707675
2.51 0.0243029 0.00397676 0.707599
2.515 0.0243236 0.00398562 0.707522
2.52 0.0243443 0.00399448 0.707445
2.525 0.024365 0.00400335 0.707368
2.53 0.0243856 0.00401222 0.707291
2.535 0.0244062 0.0040211 0.707214
2.54 0.0244268 0.00402998 0.707137
2.545 0.0244474 0.00403887 0.70706
2.55 0.0244679 0.00404776 0.706983
2.555 0.0244883 0.00405665 0.706906
2.56 0.0245088 0.00406554 0.706828
2.565 0.0245292 0.00407445 0.706751
2.57 0.0245496 0.00408335 0.706674
2.575 0.0245699 0.00409226 0.706596
2.58 0.0245902 0.00410117 0.706519
2.585 0.0246105 0.00411008 0.706441
2.59 0.0246307 0.004119 0.706364
2.595 0.0246509 0.00412792 0.706286
2.6 0.024671 0.00413685 0.706208
2.605 0.0246912 0.00414578 0.706131
2.61 0.0247113 0.00415471 0.706053
2.615 0.0247313 0.00416364 0.705975
2.62 0.0247513 0.00417258 0.705897
2.625 0.0247713 0.00418152 0.705819
2.63 0.0247912 0.00419046 0.705741
2.635 0.0248111 0.0041994 0.705663
2.64 0.024831 0.00420835 0.705585
2.645 0.0248508 0.0042173 0.705507
2.65 0.0248706 0.00422625 0.705428
2.655 0.0248904 0.00423521 0.70535
2.66 0.0249101 0.00424416 0.705272
2.665 0.0249297 0.00425312 0.705193
2.67 0.0249494 0.00426208 0.705115
2.675 0.024969 0.00427104 0.705037
2.68 0.0249885 0.00428 0.704958
2.685 0.0250081 0.00428897 0.704879
2.69 0.0250275 0.00429794 0.704801
2.695 0.025047 0.0043069 0.704722
2.7 0.0250664 0.00431587 0.704643
2.705 0.0250857 0.00432484 0.704565
2.71 0.0251051 0.00433381 0.704486
2.715 0.0251243 0.00434279 0.704407
2.72 0.0251436 0.00435176 0.704328
2.725 0.0251628 0.00436074 0.704249
2.73 0.0251819 0.00436971 0.70417
2.735 0.0252011 0.00437869 0.704091
2.74 0.0252201 0.00438766 0.704012
2.745 0.0252392 0.00439664 0.703933
2.75 0.0252582 0.00440562 0.703854
2.755 0.0252771 0.0044146 0.703775
2.76 0.025296 0.00442357 0.703695
2.765 0.0253149 0.00443255 0.703616
2.77 0.0253337 0.00444153 0.703537
2.775 0.0253525 0.00445051 0.703457
2.78 0.0253713 0.00445948 0.703378
2.785 0.02539 0.00446846 0.703298
2.79 0.0254086 0.00447744 0.703219
2.795 0.0254273 0.00448641 0.703139
2.8 0.0254458 0.00449539 0.70306
2.805 0.0254644 0.00450436 0.70298
2.81 0.0254829 0.00451334 0.702901
2.815 0.0255013 0.00452231 0.702821
2.82 0.0255197 0.00453128 0.702741
2.825 0.0255381 0.00454025 0.702661
2.83 0.0255564 0.00454922 0.702581
2.835 0.0255747 0.00455819 0.702502
2.84 0.0255929 0.00456715 0.702422
2.845 0.0256111 0.00457612 0.702342
2.85 0.0256293 0.00458508 0.702262
2.855 0.0256474 0.00459404 0.702182
2.86 0.0256654 0.004603 0.702102
2.865 0.0256835 0.00461195 0.702022
2.87 0.0257014 0.00462091 0.701942
2.875 0.0257194 0.00462986 0.701861
2.88 0.0257372 0.00463881 0.701781
2.885 0.0257551 0.00464776 0.701701
2.89 0.0257729 0.0046567 0.701621
2.895 0.0257906 0.00466564 0.70154
2.9 0.0258083 0.00467458 0.70146
2.905 0.025826 0.00468352 0.70138
2.91 0.0258436 0.00469245 0.701299
2.915 0.0258612 0.00470138 0.701219
2.92 0.0258787 0.00471031 0.701138
2.925 0.0258962 0.00471923 0.701058
2.93 0.0259136 0.00472815 0.700977
2.935 0.025931 0.00473706 0.700897
2.94 0.0259484 0.00474597 0.700816
2.945 0.0259657 0.00475488 0.700735
2.95 0.0259829 0.00476378 0.700655
2.955 0.0260001 0.00477268 0.700574
2.96 0.0260173 0.00478158 0.700493
2.965 0.0260344 0.00479047 0.700413
2.97 0.0260515 0.00479935 0.700332
2.975 0.0260685 0.00480824 0.700251
2.98 0.0260855 0.00481712 0.70017
2.985 0.0261024 0.00482599 0.700089
2.99 0.0261193 0.00483486 0.700008
2.995 0.0261362 0.00484374 0.699928
3 0.026153 0.0048526 0.699847
3.005 0.0261697 0.00486147 0.699766
3.01 0.0261864 0.00487034 0.699685
3.015 0.0262031 0.0048792 0.699604
3.02 0.0262197 0.00488806 0.699523
3.025 0.0262363 0.00489693 0.699441
3.03 0.0262529 0.00490579 0.69936
3.035 0.0262694 0.00491465 0.699279
3.04 0.0262858 0.00492351 0.699198
3.045 0.0263022 0.00493237 0.699117
3.05 0.0263186 0.00494123 0.699036
3.055 0.0263349 0.00495009 0.698955
3.06 0.0263512 0.00495896 0.698873
3.065 0.0263675 0.00496782 0.698792
3.07 0.0263837 0.00497669 0.698711
3.075 0.0263998 0.00498556 0.69863
3.08 0.026416 0.00499443 0.698548
3.085 0.0264321 0.0050033 0.698467
3.09 0.0264481 0.00501218 0.698386
3.095 0.0264641 0.00502106 0.698304
3.1 0.0264801 0.00502994 0.698223
3.105 0.026496 0.00503883 0.698142
3.11 0.0265119 0.00504772 0.69806
3.115 0.0265278 0.00505661 0.697979
3.12 0.0265436 0.00506551 0.697898
3.125 0.0265594 0.00507441 0.697816
3.13 0.0265751 0.00508332 0.697735
3.135 0.0265908 0.00509223 0.697653
3.14 0.0266065 0.00510115 0.697572
3.145 0.0266221 0.00511008 0.697491
3.15 0.0266377 0.00511901 0.697409
3.155 0.0266532 0.00512795 0.697328
3.16 0.0266688 0.00513689 0.697246
3.165 0.0266843 0.00514585 0.697165
3.17 0.0266997 0.00515481 0.697083
3.175 0.0267151 0.00516377 0.697002
3.18 0.0267305 0.00517275 0.69692
3.185 0.0267459 0.00518173 0.696839
3.19 0.0267612 0.00519073 0.696757
3.195 0.0267765 0.00519973 0.696676
3.2 0.0267917 0.00520874 0.696594
3.205 0.0268069 0.00521776 0.696513
3.21 0.0268221 0.00522679 0.696432
3.215 0.0268373 0.00523583 0.69635
3.22 0.0268524 0.00524488 0.696269
3.225 0.0268675 0.00525394 0.696187
3.23 0.0268825 0.00526302 0.696106
3.235 0.0268975 0.0052721 0.696024
3.24 0.0269125 0.0052812 0.695943
3.245 0.0269275 0.0052903 0.695861
3.25 0.0269424 0.00529943 0.69578
3.255 0.0269573 0.00530856 0.695698
3.26 0.0269722 0.00531771 0.695617
3.265 0.026987 0.00532687 0.695536
3.27 0.0270018 0.00533604 0.695454
3.275 0.0270166 0.00534523 0.695373
3.28 0.0270314 0.00535443 0.695291
3.285 0.0270461 0.00536365 0.69521
3.29 0.0270608 0.00537288 0.695129
3.295 0.0270755 0.00538212 0.695047
3.3 0.0270901 0.00539139 0.694966
3.305 0.0271047 0.00540067 0.694885
3.31 0.0271193 0.00540996 0.694803
3.315 0.0271339 0.00541927 0.694722
3.32 0.0271484 0.0054286 0.694641
3.325 0.027163 0.00543795 0.69456
3.33 0.0271774 0.00544731 0.694478
3.335 0.0271919 0.0054567 0.694397
3.34 0.0272063 0.0054661 0.694316
3.345 0.0272208 0.00547552 0.694235
3.35 0.0272351 0.00548495 0.694154
3.355 0.0272495 0.00549441 0.694073
3.36 0.0272639 0.00550389 0.693991
3.365 0.0272782 0.00551339 0.69391
3.37 0.0272925 0.00552291 0.693829
3.375 0.0273068 0.00553244 0.693748
3.38 0.027321 0.005542 0.693667
3.385 0.0273352 0.00555159 0.693586
3.39 0.0273494 0.00556119 0.693505
3.395 0.0273636 0.00557082 0.693424
3.4 0.0273778 0.00558046 0.693343
3.405 0.027392 0.00559013 0.693263
3.41 0.0274061 0.00559983 0.693182
3.415 0.0274202 0.00560955 0.693101
3.42 0.0274343 0.00561929 0.69302
3.425 0.0274483 0.00562906 0.692939
3.43 0.0274624 0.00563885 0.692859
3.435 0.0274764 0.00564866 0.692778
3.44 0.0274904 0.00565851 0.692697
3.445 0.0275044 0.00566837 0.692617
3.45 0.0275184 0.00567827 0.692536
3.455 0.0275324 0.00568819 0.692456
3.46 0.0275463 0.00569813 0.692375
3.465 0.0275603 0.00570811 0.692295
3.47 0.0275742 0.00571811 0.692214
3.475 0.0275881 0.00572814 0.692134
3.48 0.027602 0.0057382 0.692053
3.485 0.0276158 0.00574829 0.691973
3.49 0.0276297 0.0057584 0.691893
3.495 0.0276435 0.00576855 0.691813
3.5 0.0276574 0.00577873 0.691733
3.505 0.0276712 0.00578893 0.691652
3.51 0.027685 0.00579917 0.691572
3.515 0.0276988 0.00580944 0.691492
3.52 0.0277126 0.00581974 0.691412
3.525 0.0277263 0.00583007 0.691332
3.53 0.0277401 0.00584044 0.691252
3.535 0.0277538 0.00585083 0.691173
3.54 0.0277676 0.00586126 0.691093
3.545 0.0277813 0.00587173 0.691013
3.55 0.027795 0.00588222 0.690933
3.555 0.0278087 0.00589275 0.690854
3.56 0.0278224 0.00590332 0.690774
3.565 0.0278361 0.00591392 0.690695
3.57 0.0278498 0.00592456 0.690615
3.575 0.0278635 0.00593523 0.690536
3.58 0.0278771 0.00594594 0.690456
3.585 0.0278908 0.00595668 0.690377
3.59 0.0279044 0.00596746 0.690298
3.595 0.0279181 0.00597828 0.690219
3.6 0.0279317 0.00598914 0.69014
3.605 0.0279454 0.00600003 0.690061
3.61 0.027959 0.00601097 0.689982
3.615 0.0279726 0.00602194 0.689903
3.62 0.0279862 0.00603295 0.689824
3.625 0.0279999 0.006044 0.689745
3.63 0.0280135 0.0060551 0.689666
3.635 0.0280271 0.00606623 0.689588
3.64 0.0280407 0.0060774 0.689509
3.645 0.0280543 0.00608862 0.689431
3.65 0.0280679 0.00609988 0.689352
3.655 0.0280815 0.00611118 0.689274
3.66 0.0280951 0.00612252 0.689195
3.665 0.0281087 0.00613391 0.689117
3.67 0.0281223 0.00614534 0.689039
3.675 0.0281359 0.00615681 0.688961
3.68 0.0281495 0.00616833 0.688883
3.685 0.0281631 0.00617989 0.688805
3.69 0.0281767 0.0061915 0.688727
3.695 0.0281904 0.00620315 0.688649
3.7 0.028204 0.00621485 0.688572
3.705 0.0282176 0.0062266 0.688494
3.71 0.0282312 0.00623839 0.688416
3.715 0.0282448 0.00625024 0.688339
3.72 0.0282585 0.00626213 0.688261
3.725 0.0282721 0.00627406 0.688184
3.73 0.0282857 0.00628605 0.688107
3.735 0.0282994 0.00629809 0.68803
3.74 0.028313 0.00631017 0.687953
3.745 0.0283267 0.00632231 0.687876
3.75 0.0283404 0.00633449 0.687799
3.755 0.0283541 0.00634673 0.687722
3.76 0.0283677 0.00635902 0.687645
3.765 0.0283814 0.00637136 0.687569
3.77 0.0283951 0.00638375 0.687492
3.775 0.0284088 0.0063962 0.687416
3.78 0.0284226 0.0064087 0.68734
3.785 0.0284363 0.00642125 0.687263
3.79 0.02845 0.00643386 0.687187
3.795 0.0284638 0.00644652 0.687111
3.8 0.0284776 0.00645924 0.687035
3.805 0.0284914 0.00647201 0.686959
3.81 0.0285052 0.00648484 0.686883
3.815 0.028519 0.00649772 0.686808
3.82 0.0285328 0.00651066 0.686732
3.825 0.0285466 0.00652366 0.686657
3.83 0.0285608 0.00653681 0.686581
3.835 0.0285751 0.00655006 0.686506
3.84 0.0285894 0.00656339 0.686431
3.845 0.0286038 0.00657678 0.686356
3.85 0.0286182 0.00659024 0.686281
3.855 0.0286326 0.00660376 0.686206
3.86 0.028647 0.00661735 0.686132
3.865 0.0286615 0.00663099 0.686057
3.87 0.028676 0.0066447 0.685983
3.875 0.0286905 0.00665847 0.685908
3.88 0.028705 0.00667231 0.685834
3.885 0.0287195 0.00668621 0.68576
3.89 0.0287341 0.00670017 0.685686
3.895 0.0287487 0.00671419 0.685612
3.9 0.0287633 0.00672828 0.685538
3.905 0.0287779 0.00674244 0.685465
3.91 0.0287925 0.00675666 0.685391
3.915 0.0288072 0.00677095 0.685318
3.92 0.0288219 0.0067853 0.685244
3.925 0.0288366 0.00679972 0.685171
3.93 0.0288513 0.00681421 0.685098
3.935 0.0288661 0.00682877 0.685025
3.94 0.0288809 0.0068434 0.684952
3.945 0.0288957 0.00685809 0.684879
3.95 0.0289106 0.00687286 0.684807
3.955 0.0289255 0.00688769 0.684734
3.96 0.0289404 0.00690259 0.684662
3.965 0.0289553 0.00691756 0.68459
3.97 0.0289703 0.00693259 0.684518
3.975 0.0289853 0.00694769 0.684446
3.98 0.0290003 0.00696285 0.684374
3.985 0.0290154 0.00697808 0.684302
3.99 0.0290304 0.00699336 0.68423
3.995 0.0290455 0.00700871 0.684158
4 0.0290607 0.00702412 0.684087
4.005 0.0290758 0.00703959 0.684015
4.01 0.029091 0.00705511 0.683944
4.015 0.0291062 0.00707069 0.683873
4.02 0.0291214 0.00708633 0.683802
4.025 0.0291367 0.00710202 0.68373
4.03 0.0291519 0.00711777 0.683659
4.035 0.0291672 0.00713356 0.683588
4.04 0.0291825 0.00714941 0.683517
4.045 0.0291979 0.00716531 0.683446
4.05 0.0292132 0.00718126 0.683376
4.055 0.0292286 0.00719725 0.683305
4.06 0.0292439 0.0072133 0.683234
4.065 0.0292593 0.00722938 0.683163
4.07 0.0292748 0.00724552 0.683093
4.075 0.0292902 0.00726169 0.683022
4.08 0.0293056 0.00727791 0.682951
4.085 0.0293211 0.00729417 0.682881
4.09 0.0293365 0.00731047 0.68281
4.095 0.029352 0.00732681 0.68274
4.1 0.0293675 0.00734318 0.682669
4.105 0.029383 0.00735959 0.682599
4.11 0.0293985 0.00737604 0.682528
4.115 0.029414 0.00739252 0.682458
4.12 0.0294296 0.00740904 0.682387
4.125 0.0294451 0.00742558 0.682317
4.13 0.0294607 0.00744216 0.682246
4.135 0.0294762 0.00745877 0.682176
4.14 0.0294923 0.00747552 0.682106
4.145 0.0295097 0.0074926 0.682036
4.15 0.029527 0.00750969 0.681966
4.155 0.0295444 0.00752678 0.681897
4.16 0.0295617 0.00754388 0.681827
4.165 0.029579 0.007561 0.681757
4.17 0.0295962 0.00757811 0.681687
4.175 0.0296135 0.00759524 0.681617
4.18 0.0296307 0.00761236 0.681547
4.185 0.0296479 0.00762949 0.681477
4.19 0.029665 0.00764662 0.681407
4.195 0.0296821 0.00766376 0.681337
4.2 0.0296992 0.00768089 0.681267
4.205 0.0297163 0.00769802 0.681197
4.21 0.0297333 0.00771514 0.681127
4.215 0.0297503 0.00773226 0.681057
4.22 0.0297672 0.00774938 0.680986
4.225 0.0297841 0.00776649 0.680916
4.23 0.029801 0.00778359 0.680845
4.235 0.0298178 0.00780068 0.680775
4.24 0.0298346 0.00781777 0.680704
4.245 0.0298514 0.00783484 0.680633
4.25 0.0298681 0.0078519 0.680562
4.255 0.0298848 0.00786895 0.680491
4.26 0.0299014 0.00788598 0.68042
4.265 0.029918 0.00790299 0.680349
4.27 0.0299345 0.00791999 0.680278
4.275 0.029951 0.00793697 0.680206
4.28 0.0299675 0.00795394 0.680135
4.285 0.0299839 0.00797088 0.680063
4.29 0.0300002 0.0079878 0.679991
4.295 0.0300165 0.00800469 0.67992
4.3 0.0300327 0.00802157 0.679847
4.305 0.0300489 0.00803842 0.679775
4.31 0.0300651 0.00805524 0.679703
4.315 0.0300812 0.00807203 0.679631
4.32 0.0300972 0.0080888 0.679558
4.325 0.0301132 0.00810554 0.679485
4.33 0.0301291 0.00812225 0.679412
4.335 0.030145 0.00813892 0.679339
4.34 0.0301608 0.00815556 0.679266
4.345 0.0301766 0.00817217 0.679193
4.35 0.0301923 0.00818874 0.679119
4.355 0.0302079 0.00820528 0.679046
4.36 0.0302235 0.00822178 0.678972
4.365 0.030239 0.00823824 0.678898
4.37 0.0302544 0.00825466 0.678823
4.375 0.0302698 0.00827104 0.678749
4.38 0.0302851 0.00828738 0.678674
4.385 0.0303004 0.00830367 0.6786
4.39 0.0303156 0.00831992 0.678525
4.395 0.0303307 0.00833613 0.678449
4.4 0.0303458 0.00835229 0.678374
4.405 0.0303607 0.0083684 0.678298
4.41 0.0303757 0.00838446 0.678222
4.415 0.0303905 0.00840048 0.678146
4.42 0.0304053 0.00841644 0.67807
4.425 0.03042 0.00843235 0.677994
4.43 0.0304346 0.00844821 0.677917
4.435 0.0304492 0.00846401 0.67784
4.44 0.0304637 0.00847976 0.677763
4.445 0.0304781 0.00849545 0.677685
4.45 0.0304924 0.00851108 0.677607
4.455 0.0305067 0.00852665 0.67753
4.46 0.0305209 0.00854217 0.677451
4.465 0.030535 0.00855762 0.677373
4.47 0.030549 0.00857301 0.677294
4.475 0.0305629 0.00858834 0.677215
4.48 0.0305768 0.00860361 0.677136
4.485 0.0305906 0.00861881 0.677056
4.49 0.0306043 0.00863394 0.676976
4.495 0.0306179 0.00864901 0.676896
4.5 0.0306314 0.008664 0.676816
4.505 0.0306449 0.00867893 0.676735
4.51 0.0306583 0.00869379 0.676654
4.515 0.0306715 0.00870857 0.676573
4.52 0.0306847 0.00872328 0.676492
4.525 0.0306978 0.00873792 0.67641
4.53 0.0307109 0.00875248 0.676327
4.535 0.0307238 0.00876696 0.676245
4.54 0.0307366 0.00878137 0.676162
4.545 0.0307494 0.0087957 0.676079
4.55 0.0307621 0.00880995 0.675996
4.555 0.0307746 0.00882412 0.675912
4.56 0.0307871 0.00883821 0.675828
4.565 0.0307995 0.00885221 0.675743
4.57 0.0308118 0.00886613 0.675658
4.575 0.030824 0.00887997 0.675573
4.58 0.0308361 0.00889372 0.675488
4.585 0.0308481 0.00890738 0.675402
4.59 0.03086 0.00892096 0.675316
4.595 0.0308718 0.00893444 0.675229
4.6 0.0308836 0.00894784 0.675142
4.605 0.0308952 0.00896114 0.675055
4.61 0.0309067 0.00897435 0.674967
4.615 0.0309181 0.00898747 0.674879
4.62 0.0309294 0.00900049 0.674791
4.625 0.0309407 0.00901342 0.674702
4.63 0.0309518 0.00902624 0.674612
4.635 0.0309628 0.00903898 0.674523
4.64 0.0309737 0.00905161 0.674433
4.645 0.0309845 0.00906414 0.674342
4.65 0.0309953 0.00907657 0.674251
4.655 0.0310059 0.0090889 0.67416
4.66 0.0310164 0.00910113 0.674068
4.665 0.0310268 0.00911325 0.673976
4.67 0.0310371 0.00912527 0.673884
4.675 0.0310472 0.00913718 0.673791
4.68 0.0310573 0.00914898 0.673697
4.685 0.0310673 0.00916067 0.673604
4.69 0.0310771 0.00917225 0.673509
4.695 0.0310869 0.00918373 0.673415
4.7 0.0310965 0.00919509 0.673319
4.705 0.0311061 0.00920634 0.673224
4.71 0.0311155 0.00921747 0.673128
4.715 0.0311248 0.00922849 0.673031
4.72 0.031134 0.0092394 0.672934
4.725 0.0311431 0.00925018 0.672837
4.73 0.0311521 0.00926085 0.672739
4.735 0.031161 0.0092714 0.67264
4.74 0.0311697 0.00928183 0.672541
4.745 0.0311784 0.00929214 0.672442
4.75 0.0311869 0.00930233 0.672342
4.755 0.0311953 0.00931239 0.672241
4.76 0.0312036 0.00932233 0.67214
4.765 0.0312118 0.00933214 0.672039
4.77 0.0312198 0.00934183 0.671937
4.775 0.0312278 0.00935139 0.671834
4.78 0.0312356 0.00936082 0.671731
4.785 0.0312433 0.00937012 0.671628
4.79 0.0312509 0.00937929 0.671524
4.795 0.0312584 0.00938833 0.671419
4.8 0.0312658 0.00939723 0.671314
4.805 0.031273 0.00940601 0.671208
4.81 0.0312802 0.00941464 0.671102
4.815 0.0312872 0.00942315 0.670995
4.82 0.031294 0.00943151 0.670888
4.825 0.0313008 0.00943974 0.67078
4.83 0.0313075 0.00944783 0.670671
4.835 0.031314 0.00945578 0.670562
4.84 0.0313204 0.00946359 0.670453
4.845 0.0313267 0.00947125 0.670342
4.85 0.0313328 0.00947878 0.670232
4.855 0.0313389 0.00948615 0.67012
4.86 0.0313448 0.00949339 0.670008
4.865 0.0313506 0.00950048 0.669896
4.87 0.0313563 0.00950742 0.669782
4.875 0.0313618 0.00951421 0.669669
4.88 0.0313672 0.00952086 0.669554
4.885 0.0313726 0.00952735 0.669439
4.89 0.0313777 0.0095337 0.669323
4.895 0.0313828 0.00953989 0.669207
4.9 0.0313877 0.00954593 0.66909
4.905 0.0313925 0.00955181 0.668972
4.91 0.0313972 0.00955754 0.668854
4.915 0.0314018 0.00956312 0.668735
4.92 0.0314062 0.00956854 0.668616
4.925 0.0314105 0.0095738 0.668496
4.93 0.0314147 0.0095789 0.668375
4.935 0.0314188 0.00958384 0.668253
4.94 0.0314227 0.00958862 0.668131
4.945 0.0314265 0.00959324 0.668008
4.95 0.0314302 0.00959771 0.667885
4.955 0.0314338 0.00960202 0.667761
4.96 0.0314372 0.00960616 0.667636
4.965 0.0314405 0.00961015 0.66751
4.97 0.0314437 0.00961398 0.667384
4.975 0.0314467 0.00961765 0.667257
4.98 0.0314496 0.00962116 0.667129
4.985 0.0314524 0.00962452 0.667001
4.99 0.0314551 0.00962771 0.666872
4.995 0.0314576 0.00963074 0.666742
5 0.03146 0.00963362 0.666612
5.005 0.0314622 0.00963634 0.666481
5.01 0.0314643 0.00963889 0.666349
5.015 0.0314663 0.00964129 0.666217
5.02 0.0314682 0.00964353 0.666084
5.025 0.0314699 0.00964561 0.66595
5.03 0.0314715 0.00964753 0.665815
5.035 0.031473 0.00964929 0.66568
5.04 0.0314743 0.00965089 0.665544
5.045 0.0314755 0.00965234 0.665407
5.05 0.0314765 0.00965362 0.66527
5.055 0.0314774 0.00965474 0.665132
5.06 0.0314782 0.0096557 0.664993
5.065 0.0314789 0.00965651 0.664853
5.07 0.0314794 0.00965715 0.664713
5.075 0.0314798 0.00965764 0.664572
5.08 0.03148 0.00965796 0.66443
5.085 0.0314801 0.00965812 0.664288
5.09 0.0314801 0.00965812 0.664144
5.095 0.0314799 0.00965797 0.664001
5.1 0.0314796 0.00965765 0.663856
5.105 0.0314792 0.00965717 0.66371
5.11 0.0314786 0.00965653 0.663564
5.115 0.0314779 0.00965573 0.663417
5.12 0.0314771 0.00965477 0.66327
5.125 0.0314761 0.00965365 0.663121
5.13 0.031475 0.00965236 0.662972
5.135 0.0314738 0.00965092 0.662822
5.14 0.0314724 0.00964931 0.662672
5.145 0.0314709 0.00964754 0.66252
5.15 0.0314693 0.00964561 0.662368
5.155 0.0314675 0.00964352 0.662215
5.16 0.0314656 0.00964126 0.662062
5.165 0.0314636 0.00963884 0.661907
5.17 0.0314614 0.00963626 0.661752
5.175 0.0314591 0.00963352 0.661596
5.18 0.0314567 0.00963062 0.661439
5.185 0.0314541 0.00962755 0.661282
5.19 0.0314514 0.00962431 0.661124
5.195 0.0314486 0.00962092 0.660965
5.2 0.0314457 0.00961736 0.660805
5.205 0.0314426 0.00961363 0.660644
5.21 0.0314394 0.00960974 0.660483
5.215 0.031436 0.00960569 0.660321
5.22 0.0314326 0.00960147 0.660158
5.225 0.031429 0.00959709 0.659994
5.23 0.0314253 0.00959254 0.659829
5.235 0.0314214 0.00958783 0.659664
5.24 0.0314175 0.00958295 0.659498
5.245 0.0314134 0.0095779 0.659331
5.25 0.0314091 0.00957269 0.659164
5.255 0.0314048 0.00956731 0.658995
5.26 0.0314003 0.00956177 0.658826
5.265 0.0313958 0.00955605 0.658656
5.27 0.031391 0.00955017 0.658485
5.275 0.0313862 0.00954413 0.658313
5.28 0.0313813 0.00953791 0.658141
5.285 0.0313762 0.00953153 0.657967
5.29 0.031371 0.00952498 0.657793
5.295 0.0313657 0.00951825 0.657618
5.3 0.0313603 0.00951136 0.657443
5.305 0.0313548 0.0095043 0.657266
5.31 0.0313491 0.00949707 0.657089
5.315 0.0313433 0.00948967 0.656911
5.32 0.0313375 0.0094821 0.656732
5.325 0.0313315 0.00947436 0.656552
5.33 0.0313254 0.00946644 0.656371
5.335 0.0313192 0.00945835 0.65619
5.34 0.0313128 0.0094501 0.656007
5.345 0.0313064 0.00944167 0.655824
5.35 0.0312999 0.00943306 0.65564
5.355 0.0312932 0.00942428 0.655456
5.36 0.0312865 0.00941533 0.65527
5.365 0.0312796 0.00940621 0.655084
5.37 0.0312726 0.00939691 0.654896
5.375 0.0312656 0.00938743 0.654708
5.38 0.0312584 0.00937778 0.654519
5.385 0.0312511 0.00936795 0.654329
5.39 0.0312438 0.00935795 0.654139
5.395 0.0312363 0.00934777 0.653947
5.4 0.0312287 0.00933741 0.653755
5.405 0.0312211 0.00932687 0.653562
5.41 0.0312133 0.00931616 0.653368
5.415 0.0312054 0.00930527 0.653173
5.42 0.0311975 0.00929419 0.652977
5.425 0.0311895 0.00928294 0.652781
5.43 0.0311813 0.00927151 0.652583
5.435 0.0311731 0.00925989 0.652385
5.44 0.0311648 0.0092481 0.652186
5.445 0.0311564 0.00923612 0.651986
5.45 0.0311479 0.00922396 0.651785
5.455 0.0311393 0.00921162 0.651583
5.46 0.0311307 0.00919909 0.65138
5.465 0.0311219 0.00918638 0.651177
5.47 0.0311131 0.00917348 0.650973
5.475 0.0311042 0.0091604 0.650767
5.48 0.0310952 0.00914713 0.650561
5.485 0.0310862 0.00913368 0.650354
5.49 0.0310771 0.00912004 0.650147
5.495 0.0310678 0.0091062 0.649938
5.5 0.0310586 0.00909219 0.649728
5.505 0.0310492 0.00907798 0.649518
5.51 0.0310398 0.00906358 0.649307
5.515 0.0310303 0.00904899 0.649094
5.52 0.0310207 0.00903421 0.648881
5.525 0.0310111 0.00901924 0.648667
5.53 0.0310014 0.00900407 0.648453
5.535 0.0309916 0.00898871 0.648237
5.54 0.0309818 0.00897316 0.64802
5.545 0.0309719 0.00895741 0.647803
5.55 0.0309619 0.00894147 0.647584
5.555 0.0309519 0.00892533 0.647365
5.56 0.0309418 0.00890899 0.647145
5.565 0.0309317 0.00889246 0.646924
5.57 0.0309215 0.00887572 0.646702
5.575 0.0309113 0.00885879 0.646479
5.58 0.030901 0.00884166 0.646255
5.585 0.0308906 0.00882432 0.646031
5.59 0.0308802 0.00880679 0.645805
5.595 0.0308698 0.00878905 0.645579
5.6 0.0308593 0.00877111 0.645351
5.605 0.0308487 0.00875296 0.645123
5.61 0.0308381 0.00873461 0.644894
5.615 0.0308275 0.00871605 0.644664
5.62 0.0308168 0.00869728 0.644433
5.625 0.0308061 0.00867831 0.644201
5.63 0.0307953 0.00865912 0.643968
5.635 0.0307845 0.00863973 0.643734
5.64 0.0307737 0.00862013 0.6435
5.645 0.0307628 0.00860031 0.643264
5.65 0.0307519 0.00858028 0.643028
5.655 0.030741 0.00856004 0.642791
5.66 0.03073 0.00853958 0.642552
5.665 0.030719 0.00851891 0.642313
5.67 0.030708 0.00849802 0.642073
5.675 0.0306969 0.00847692 0.641832
5.68 0.0306858 0.00845559 0.64159
5.685 0.0306747 0.00843405 0.641347
5.69 0.0306636 0.00841228 0.641104
5.695 0.0306524 0.00839029 0.640859
5.7 0.0306413 0.00836808 0.640613
5.705 0.03063 0.00834565 0.640367
5.71 0.0306188 0.00832299 0.640119
5.715 0.0306076 0.00830012 0.639871
5.72 0.0305964 0.00827703 0.639622
5.725 0.0305851 0.00825372 0.639372
5.73 0.0305739 0.00823021 0.639121
5.735 0.0305626 0.00820648 0.638869
5.74 0.0305514 0.00818255 0.638616
5.745 0.0305401 0.00815842 0.638363
5.75 0.0305289 0.00813409 0.638109
5.755 0.0305177 0.00810956 0.637854
5.76 0.0305065 0.00808483 0.637598
5.765 0.0304953 0.00805991 0.637342
5.77 0.0304842 0.0080348 0.637084
5.775 0.030473 0.0080095 0.636826
5.78 0.0304619 0.00798402 0.636568
5.785 0.0304509 0.00795835 0.636308
5.79 0.0304398 0.0079325 0.636048
5.795 0.0304288 0.00790648 0.635787
5.8 0.0304179 0.00788028 0.635526
5.805 0.030407 0.00785391 0.635264
5.81 0.0303961 0.00782736 0.635001
5.815 0.0303853 0.00780065 0.634738
5.82 0.0303745 0.00777378 0.634474
5.825 0.0303638 0.00774674 0.634209
5.83 0.0303531 0.00771954 0.633944
5.835 0.0303425 0.00769218 0.633679
5.84 0.030332 0.00766467 0.633413
5.845 0.0303215 0.00763701 0.633146
5.85 0.0303111 0.00760919 0.632879
5.855 0.0303007 0.00758123 0.632611
5.86 0.0302904 0.00755312 0.632343
5.865 0.0302802 0.00752487 0.632074
5.87 0.0302701 0.00749647 0.631805
5.875 0.03026 0.00746794 0.631536
5.88 0.03025 0.00743928 0.631266
5.885 0.0302401 0.00741048 0.630995
5.89 0.0302303 0.00738155 0.630724
5.895 0.0302205 0.00735249 0.630453
5.9 0.0302108 0.0073233 0.630182
5.905 0.0302012 0.007294 0.62991
5.91 0.0301917 0.00726457 0.629638
5.915 0.0301823 0.00723502 0.629365
5.92 0.030173 0.00720536 0.629092
5.925 0.0301637 0.00717558 0.628819
5.93 0.0301546 0.00714569 0.628546
5.935 0.0301455 0.00711569 0.628272
5.94 0.0301366 0.00708558 0.627998
5.945 0.0301277 0.00705538 0.627724
5.95 0.0301189 0.00702506 0.627449
5.955 0.0301103 0.00699465 0.627175
5.96 0.0301017 0.00696415 0.6269
5.965 0.0300932 0.00693354 0.626625
5.97 0.0300849 0.00690285 0.62635
5.975 0.0300766 0.00687206 0.626074
5.98 0.0300684 0.00684119 0.625799
5.985 0.0300603 0.00681024 0.625523
5.99 0.0300524 0.0067792 0.625248
5.995 0.0300445 0.00674807 0.624972
6 0.0300368 0.00671688 0.624696
6.005 0.0300291 0.0066856 0.62442
6.01 0.0300216 0.00665425 0.624144
6.015 0.0300141 0.00662284 0.623868
6.02 0.0300068 0.00659135 0.623592
6.025 0.0299996 0.00655979 0.623316
6.03 0.0299925 0.00652818 0.62304
6.035 0.0299854 0.0064965 0.622764
6.04 0.0299785 0.00646476 0.622488
6.045 0.0299718 0.00643296 0.622212
6.05 0.0299651 0.00640111 0.621937
6.055 0.0299585 0.00636921 0.621661
6.06 0.029952 0.00633726 0.621385
6.065 0.0299457 0.00630526 0.62111
6.07 0.0299394 0.00627322 0.620835
6.075 0.0299333 0.00624113 0.620559
6.08 0.0299273 0.006209 0.620284
6.085 0.0299213 0.00617684 0.62001
6.09 0.0299155 0.00614463 0.619735
6.095 0.0299098 0.0061124 0.61946
6.1 0.0299042 0.00608013 0.619186
6.105 0.0298987 0.00604783 0.618912
6.11 0.0298933 0.00601551 0.618638
6.115 0.029888 0.00598317 0.618365
6.12 0.0298829 0.0059508 0.618092
6.125 0.0298778 0.00591841 0.617819
6.13 0.0298728 0.005886 0.617546
6.135 0.029868 0.00585358 0.617274
6.14 0.0298632 0.00582115 0.617002
6.145 0.0298585 0.00578871 0.616731
6.15 0.029854 0.00575626 0.61646
6.155 0.0298495 0.0057238 0.616189
6.16 0.0298452 0.00569134 0.615918
6.165 0.0298409 0.00565888 0.615648
6.17 0.0298368 0.00562642 0.615379
6.175 0.0298327 0.00559396 0.61511
6.18 0.0298287 0.00556151 0.614841
6.185 0.0298249 0.00552907 0.614573
6.19 0.0298211 0.00549664 0.614305
6.195 0.0298174 0.00546422 0.614038
6.2 0.0298138 0.00543181 0.613772
6.205 0.0298103 0.00539943 0.613506
6.21 0.0298069 0.00536706 0.61324
6.215 0.0298036 0.00533472 0.612975
6.22 0.0298003 0.0053024 0.612711
6.225 0.0297972 0.00527011 0.612447
6.23 0.0297941 0.00523784 0.612184
6.235 0.0297911 0.00520561 0.611922
6.24 0.0297882 0.00517341 0.61166
6.245 0.0297854 0.00514125 0.611399
6.25 0.0297827 0.00510912 0.611138
6.255 0.02978 0.00507704 0.610878
6.26 0.0297774 0.005045 0.610619
6.265 0.0297749 0.005013 0.610361
6.27 0.0297724 0.00498106 0.610103
6.275 0.02977 0.00494916 0.609846
6.28 0.0297677 0.00491731 0.60959
6.285 0.0297654 0.00488552 0.609335
6.29 0.0297632 0.00485379 0.60908
6.295 0.0297611 0.00482211 0.608827
6.3 0.029759 0.0047905 0.608574
6.305 0.029757 0.00475895 0.608322
6.31 0.0297551 0.00472747 0.608071
6.315 0.0297532 0.00469606 0.60782
6.32 0.0297513 0.00466471 0.607571
6.325 0.0297495 0.00463345 0.607322
6.33 0.0297477 0.00460225 0.607075
6.335 0.029746 0.00457114 0.606828
6.34 0.0297444 0.0045401 0.606582
6.345 0.0297427 0.00450915 0.606338
6.35 0.0297411 0.00447828 0.606094
6.355 0.0297396 0.00444751 0.605851
6.36 0.0297381 0.00441682 0.60561
6.365 0.0297366 0.00438622 0.605369
6.37 0.0297351 0.00435572 0.605129
6.375 0.0297337 0.00432531 0.604891
6.38 0.0297323 0.00429501 0.604653
6.385 0.0297309 0.00426481 0.604417
6.39 0.0297295 0.00423471 0.604181
6.395 0.0297281 0.00420471 0.603947
6.4 0.0297268 0.00417483 0.603714
6.405 0.0297255 0.00414506 0.603482
6.41 0.0297242 0.0041154 0.603252
6.415 0.0297228 0.00408586 0.603022
6.42 0.0297215 0.00405644 0.602794
6.425 0.0297202 0.00402714 0.602567
6.43 0.0297189 0.00399796 0.602341
6.435 0.0297176 0.00396891 0.602116
6.44 0.0297162 0.00393999 0.601893
6.445 0.0297149 0.0039112 0.60167
6.45 0.0297136 0.00388254 0.60145
6.455 0.0297122 0.00385402 0.60123
6.46 0.0297108 0.00382563 0.601012
6.465 0.0297094 0.00379739 0.600795
6.47 0.029708 0.00376929 0.60058
6.475 0.0297065 0.00374134 0.600365
6.48 0.029705 0.00371353 0.600153
6.485 0.0297035 0.00368588 0.599941
6.49 0.0297019 0.00365838 0.599731
6.495 0.0297003 0.00363103 0.599523
6.5 0.0296987 0.00360385 0.599316
6.505 0.029697 0.00357682 0.59911
6.51 0.0296952 0.00354996 0.598906
6.515 0.0296935 0.00352327 0.598703
6.52 0.0296916 0.00349674 0.598502
6.525 0.0296897 0.00347039 0.598303
6.53 0.0296877 0.00344421 0.598104
6.535 0.0296857 0.00341821 0.597908
6.54 0.0296836 0.00339238 0.597713
6.545 0.0296815 0.00336674 0.59752
6.55 0.0296792 0.00334128 0.597328
6.555 0.0296769 0.00331601 0.597138
6.56 0.0296745 0.00329093 0.596949
6.565 0.0296721 0.00326604 0.596762
6.57 0.0296695 0.00324135 0.596577
6.575 0.0296668 0.00321685 0.596393
6.58 0.0296641 0.00319256 0.596211
6.585 0.0296613 0.00316847 0.596031
6.59 0.0296583 0.00314458 0.595853
6.595 0.0296553 0.0031209 0.595676
6.6 0.0296522 0.00309744 0.595501
6.605 0.0296489 0.00307419 0.595328
6.61 0.0296456 0.00305116 0.595156
6.615 0.0296421 0.00302833 0.594987
6.62 0.0296385 0.00300572 0.594819
6.625 0.0296348 0.00298332 0.594653
6.63 0.029631 0.00296112 0.594488
6.635 0.029627 0.00293911 0.594325
6.64 0.029623 0.00291731 0.594164
6.645 0.0296188 0.00289569 0.594005
6.65 0.0296145 0.00287427 0.593847
6.655 0.0296101 0.00285302 0.593691
6.66 0.0296056 0.00283196 0.593536
6.665 0.0296009 0.00281108 0.593383
6.67 0.0295961 0.00279037 0.593232
6.675 0.0295912 0.00276984 0.593082
6.68 0.0295861 0.00274947 0.592933
6.685 0.029581 0.00272927 0.592787
6.69 0.0295757 0.00270922 0.592641
6.695 0.0295702 0.00268934 0.592497
6.7 0.0295647 0.00266961 0.592355
6.705 0.029559 0.00265003 0.592214
6.71 0.0295532 0.00263059 0.592074
6.715 0.0295472 0.0026113 0.591936
6.72 0.0295412 0.00259216 0.5918
6.725 0.029535 0.00257314 0.591664
6.73 0.0295286 0.00255427 0.59153
6.735 0.0295222 0.00253552 0.591398
6.74 0.0295156 0.0025169 0.591266
6.745 0.0295088 0.00249841 0.591136
6.75 0.029502 0.00248003 0.591007
6.755 0.029495 0.00246178 0.59088
6.76 0.0294878 0.00244364 0.590754
6.765 0.0294806 0.00242561 0.590629
6.77 0.0294732 0.00240768 0.590505
6.775 0.0294657 0.00238987 0.590382
6.78 0.029458 0.00237215 0.590261
6.785 0.0294502 0.00235453 0.590141
6.79 0.0294423 0.00233701 0.590021
6.795 0.0294343 0.00231958 0.589903
6.8 0.0294261 0.00230223 0.589786
6.805 0.0294178 0.00228498 0.589671
6.81 0.0294093 0.0022678 0.589556
6.815 0.0294008 0.00225071 0.589442
6.82 0.0293921 0.00223369 0.58933
6.825 0.0293832 0.00221674 0.589218
6.83 0.0293743 0.00219986 0.589107
6.835 0.0293652 0.00218305 0.588998
6.84 0.029356 0.0021663 0.588889
6.845 0.0293467 0.00214961 0.588781
6.85 0.0293372 0.00213298 0.588674
6.855 0.0293276 0.0021164 0.588568
6.86 0.0293179 0.00209987 0.588463
6.865 0.0293081 0.00208339 0.588359
6.87 0.0292982 0.00206696 0.588256
6.875 0.0292881 0.00205057 0.588153
6.88 0.0292779 0.00203421 0.588051
6.885 0.0292676 0.00201789 0.58795
6.89 0.0292572 0.0020016 0.58785
6.895 0.0292466 0.00198534 0.587751
6.9 0.029236 0.0019691 0.587652
6.905 0.0292252 0.00195289 0.587554
6.91 0.0292143 0.0019367 0.587457
6.915 0.0292033 0.00192052 0.587361
6.92 0.0291922 0.00190435 0.587265
6.925 0.0291809 0.0018882 0.58717
6.93 0.0291696 0.00187205 0.587075
6.935 0.0291582 0.00185591 0.586981
6.94 0.0291466 0.00183976 0.586888
6.945 0.0291349 0.00182362 0.586795
6.95 0.0291232 0.00180747 0.586703
6.955 0.0291113 0.00179131 0.586611
6.96 0.0290993 0.00177513 0.58652
6.965 0.0290873 0.00175895 0.58643
6.97 0.0290751 0.00174274 0.586339
6.975 0.0290628 0.00172651 0.58625
6.98 0.0290504 0.00171026 0.586161
6.985 0.0290382 0.00169388 0.586073
6.99 0.029026 0.00167743 0.585985
6.995 0.0290137 0.00166095 0.585899
7 0.0290013 0.00164443 0.585812
7.005 0.0289888 0.00162787 0.585726
7.01 0.0289762 0.00161126 0.58564
7.015 0.0289635 0.00159461 0.585555
7.02 0.0289508 0.00157791 0.585469
7.025 0.0289379 0.00156115 0.585384
7.03 0.028925 0.00154435 0.5853
7.035 0.028912 0.00152748 0.585215
7.04 0.028899 0.00151056 0.585131
7.045 0.0288858 0.00149358 0.585047
7.05 0.0288726 0.00147653 0.584963
7.055 0.0288593 0.00145941 0.584879
7.06 0.028846 0.00144222 0.584796
7.065 0.0288326 0.00142497 0.584712
7.07 0.0288191 0.00140763 0.584629
7.075 0.0288056 0.00139022 0.584546
7.08 0.028792 0.00137273 0.584463
7.085 0.0287783 0.00135516 0.58438
7.09 0.0287646 0.0013375 0.584297
7.095 0.0287509 0.00131975 0.584214
7.1 0.028737 0.00130191 0.584131
7.105 0.0287232 0.00128397 0.584048
7.11 0.0287093 0.00126594 0.583965
7.115 0.0286953 0.00124781 0.583882
7.12 0.0286813 0.00122958 0.583799
7.125 0.0286672 0.00121124 0.583715
7.13 0.0286531 0.00119279 0.583632
7.135 0.028639 0.00117423 0.583549
7.14 0.0286248 0.00115556 0.583465
7.145 0.0286106 0.00113677 0.583381
7.15 0.0285964 0.00111786 0.583297
7.155 0.0285821 0.00109883 0.583213
7.16 0.0285678 0.00107967 0.583129
7.165 0.0285535 0.00106039 0.583044
7.17 0.0285391 0.00104097 0.58296
7.175 0.0285248 0.00102141 0.582875
7.18 0.0285104 0.00100172 0.582789
7.185 0.028496 0.000981888 0.582704
7.19 0.0284815 0.000961911 0.582618
7.195 0.0284671 0.000941785 0.582531
7.2 0.0284526 0.000921509 0.582445
7.205 0.0284382 0.000901078 0.582358
7.21 0.0284237 0.000880491 0.58227
7.215 0.0284092 0.000859743 0.582182
7.22 0.0283947 0.00083883 0.582094
7.225 0.0283803 0.000817751 0.582005
7.23 0.0283658 0.000796501 0.581916
7.235 0.0283513 0.000775077 0.581827
7.24 0.0283368 0.000753476 0.581736
7.245 0.0283223 0.000731694 0.581646
7.25 0.0283079 0.000709727 0.581554
7.255 0.0282934 0.000687573 0.581463
7.26 0.028279 0.000665227 0.58137
7.265 0.0282646 0.000642686 0.581277
7.27 0.0282502 0.000619947 0.581184
7.275 0.0282358 0.000597005 0.58109
7.28 0.0282214 0.000573858 0.580995
7.285 0.0282071 0.000550501 0.580899
7.29 0.0281928 0.000526931 0.580803
7.295 0.0281785 0.000503144 0.580706
7.3 0.0281642 0.000479136 0.580608
7.305 0.02815 0.000454903 0.58051
7.31 0.0281358 0.000430442 0.580411
7.315 0.0281217 0.000405748 0.580311
7.32 0.0281076 0.000380819 0.58021
7.325 0.0280935 0.000355649 0.580108
7.33 0.0280795 0.000330235 0.580006
7.335 0.0280655 0.000304573 0.579902
7.34 0.0280516 0.000278658 0.579798
7.345 0.0280377 0.000252487 0.579693
7.35 0.0280238 0.000226059 0.579587
7.355 0.02801 0.000199375 0.57948
7.36 0.0279963 0.000172437 0.579372
7.365 0.0279826 0.000145249 0.579264
7.37 0.0279689 0.000117813 0.579154
7.375 0.0279553 9.01316e-05 0.579044
7.38 0.0279417 6.2209e-05 0.578933
7.385 0.0279282 3.40481e-05 0.578822
7.39 0.0279147 5.65216e-06 0.578709
7.395 0.0279012 -2.29756e-05 0.578596
7.4 0.0278878 -5.18319e-05 0.578482
7.405 0.0278744 -8.09133e-05 0.578367
7.41 0.0278611 -0.000110216 0.578252
7.415 0.0278478 -0.000139738 0.578136
7.42 0.0278346 -0.000169474 0.578019
7.425 0.0278214 -0.000199421 0.577901
7.43 0.0278082 -0.000229575 0.577783
7.435 0.0277951 -0.000259934 0.577665
7.44 0.0277821 -0.000290493 0.577545
7.445 0.027769 -0.000321248 0.577425
7.45 0.027756 -0.000352197 0.577305
7.455 0.0277431 -0.000383334 0.577184
7.46 0.0277302 -0.000414656 0.577062
7.465 0.0277173 -0.00044616 0.57694
7.47 0.0277045 -0.000477841 0.576817
7.475 0.0276918 -0.000509696 0.576694
7.48 0.027679 -0.00054172 0.576571
7.485 0.0276663 -0.000573909 0.576447
7.49 0.0276537 -0.00060626 0.576322
7.495 0.0276411 -0.000638769 0.576197
7.5 0.0276285 -0.00067143 0.576072
7.505 0.027616 -0.00070424 0.575946
7.51 0.0276035 -0.000737196 0.575819
7.515 0.0275911 -0.000770292 0.575693
7.52 0.0275787 -0.000803524 0.575566
7.525 0.0275664 -0.000836889 0.575439
7.53 0.027554 -0.000870381 0.575311
7.535 0.0275418 -0.000903997 0.575183
7.54 0.0275296 -0.000937731 0.575055
7.545 0.0275174 -0.000971581 0.574926
7.55 0.0275052 -0.00100554 0.574797
7.555 0.0274931 -0.00103961 0.574668
7.56 0.0274811 -0.00107377 0.574539
7.565 0.0274691 -0.00110804 0.57441
7.57 0.0274571 -0.00114239 0.57428
7.575 0.0274452 -0.00117684 0.57415
7.58 0.0274333 -0.00121137 0.57402
7.585 0.0274215 -0.00124597 0.57389
7.59 0.0274097 -0.00128065 0.57376
7.595 0.0273979 -0.0013154 0.573629
7.6 0.0273862 -0.00135022 0.573499
7.605 0.0273745 -0.00138509 0.573368
7.61 0.0273629 -0.00142002 0.573238
7.615 0.0273513 -0.00145501 0.573107
7.62 0.0273398 -0.00149004 0.572976
7.625 0.0273283 -0.00152511 0.572845
7.63 0.0273168 -0.00156021 0.572715
7.635 0.0273054 -0.00159535 0.572584
7.64 0.0272941 -0.00163052 0.572453
7.645 0.0272827 -0.00166571 0.572323
7.65 0.0272715 -0.00170091 0.572192
7.655 0.0272602 -0.00173614 0.572062
7.66 0.027249 -0.00177137 0.571932
7.665 0.0272379 -0.0018066 0.571801
7.67 0.0272268 -0.00184183 0.571671
7.675 0.0272158 -0.00187706 0.571541
7.68 0.0272047 -0.00191228 0.571412
7.685 0.0271938 -0.00194748 0.571282
7.69 0.0271834 -0.00198239 0.571154
7.695 0.0271736 -0.00201704 0.571027
7.7 0.0271639 -0.00205166 0.5709
7.705 0.0271542 -0.00208625 0.570773
7.71 0.0271445 -0.0021208 0.570647
7.715 0.0271349 -0.00215531 0.570521
7.72 0.0271253 -0.00218977 0.570395
7.725 0.0271158 -0.00222419 0.57027
7.73 0.0271063 -0.00225855 0.570145
7.735 0.0270968 -0.00229286 0.57002
7.74 0.0270874 -0.0023271 0.569896
7.745 0.027078 -0.00236127 0.569772
7.75 0.0270687 -0.00239538 0.569648
7.755 0.0270594 -0.00242941 0.569525
7.76 0.0270501 -0.00246336 0.569403
7.765 0.0270409 -0.00249723 0.56928
7.77 0.0270317 -0.00253101 0.569159
7.775 0.0270225 -0.0025647 0.569037
7.78 0.0270134 -0.0025983 0.568917
7.785 0.0270043 -0.00263179 0.568796
7.79 0.0269952 -0.00266518 0.568677
7.795 0.0269862 -0.00269846 0.568557
7.8 0.0269771 -0.00273163 0.568439
7.805 0.0269681 -0.00276468 0.568321
7.81 0.0269592 -0.00279761 0.568203
7.815 0.0269502 -0.00283041 0.568087
7.82 0.0269413 -0.00286308 0.56797
7.825 0.0269323 -0.00289562 0.567855
7.83 0.0269234 -0.00292802 0.56774
7.835 0.0269146 -0.00296028 0.567626
7.84 0.0269057 -0.00299239 0.567512
7.845 0.0268968 -0.00302434 0.5674
7.85 0.026888 -0.00305614 0.567288
7.855 0.0268791 -0.00308778 0.567176
7.86 0.0268703 -0.00311926 0.567066
7.865 0.0268615 -0.00315057 0.566956
7.87 0.0268527 -0.0031817 0.566847
7.875 0.0268439 -0.00321265 0.566739
7.88 0.0268351 -0.00324343 0.566631
7.885 0.0268263 -0.00327401 0.566525
7.89 0.0268175 -0.00330441 0.566419
7.895 0.0268086 -0.00333461 0.566314
7.9 0.0267998 -0.00336461 0.56621
7.905 0.026791 -0.0033944 0.566107
7.91 0.0267822 -0.00342399 0.566005
7.915 0.0267734 -0.00345336 0.565904
7.92 0.0267645 -0.00348252 0.565803
7.925 0.0267557 -0.00351145 0.565704
7.93 0.0267468 -0.00354016 0.565606
7.935 0.0267379 -0.00356863 0.565508
7.94 0.026729 -0.00359687 0.565412
7.945 0.0267201 -0.00362487 0.565317
7.95 0.0267111 -0.00365263 0.565222
7.955 0.0267022 -0.00368014 0.565129
7.96 0.0266932 -0.00370739 0.565037
7.965 0.0266842 -0.00373438 0.564946
7.97 0.0266752 -0.00376112 0.564856
7.975 0.0266661 -0.00378758 0.564767
7.98 0.026657 -0.00381378 0.564679
7.985 0.0266479 -0.00383969 0.564593
7.99 0.0266387 -0.00386533 0.564507
7.995 0.0266295 -0.00389068 0.564423
8 0.0266203 -0.00391574 0.56434
8.005 0.026611 -0.00394051 0.564258
8.01 0.0266017 -0.00396498 0.564178
8.015 0.0265924 -0.00398914 0.564099
8.02 0.026583 -0.004013 0.564021
8.025 0.0265736 -0.00403654 0.563944
8.03 0.0265641 -0.00405976 0.563868
8.035 0.0265545 -0.00408266 0.563794
8.04 0.026545 -0.00410524 0.563721
8.045 0.0265353 -0.00412748 0.56365
8.05 0.0265256 -0.00414939 0.56358
8.055 0.0265159 -0.00417095 0.563511
8.06 0.0265061 -0.00419217 0.563444
8.065 0.0264962 -0.00421304 0.563378
8.07 0.0264863 -0.00423355 0.563313
8.075 0.0264764 -0.00425371 0.56325
8.08 0.0264663 -0.00427353 0.563188
8.085 0.0264562 -0.004293 0.563128
8.09 0.0264461 -0.00431213 0.563069
8.095 0.0264358 -0.00433093 0.563011
8.1 0.0264255 -0.00434941 0.562955
8.105 0.0264152 -0.00436755 0.5629
8.11 0.0264048 -0.00438538 0.562846
8.115 0.0263943 -0.0044029 0.562793
8.12 0.0263837 -0.0044201 0.562742
8.125 0.0263731 -0.00443699 0.562692
8.13 0.0263624 -0.00445359 0.562643
8.135 0.0263516 -0.00446988 0.562596
8.14 0.0263407 -0.00448589 0.562549
8.145 0.0263298 -0.0045016 0.562504
8.15 0.0263188 -0.00451704 0.56246
8.155 0.0263078 -0.00453219 0.562417
8.16 0.0262966 -0.00454708 0.562375
8.165 0.0262854 -0.00456169 0.562334
8.17 0.0262741 -0.00457604 0.562294
8.175 0.0262627 -0.00459013 0.562255
8.18 0.0262513 -0.00460396 0.562217
8.185 0.0262397 -0.00461755 0.56218
8.19 0.0262281 -0.00463089 0.562145
8.195 0.0262164 -0.00464399 0.56211
8.2 0.0262047 -0.00465685 0.562076
8.205 0.0261928 -0.00466948 0.562043
8.21 0.0261809 -0.00468189 0.562011
8.215 0.0261689 -0.00469408 0.56198
8.22 0.0261568 -0.00470605 0.56195
8.225 0.0261446 -0.00471782 0.56192
8.23 0.0261323 -0.00472937 0.561892
8.235 0.0261199 -0.00474073 0.561864
8.24 0.0261075 -0.00475189 0.561837
8.245 0.026095 -0.00476285 0.561811
8.25 0.0260823 -0.00477364 0.561786
8.255 0.0260696 -0.00478424 0.561761
8.26 0.0260568 -0.00479467 0.561738
8.265 0.0260439 -0.00480492 0.561715
8.27 0.026031 -0.00481501 0.561692
8.275 0.0260179 -0.00482494 0.56167
8.28 0.0260047 -0.00483472 0.561649
8.285 0.0259915 -0.00484435 0.561629
8.29 0.0259781 -0.00485383 0.561609
8.295 0.0259647 -0.00486317 0.56159
8.3 0.0259511 -0.00487238 0.561571
8.305 0.0259375 -0.00488145 0.561553
8.31 0.0259238 -0.00489041 0.561536
8.315 0.0259099 -0.00489924 0.561519
8.32 0.025896 -0.00490797 0.561502
8.325 0.025882 -0.00491658 0.561486
8.33 0.0258679 -0.00492509 0.561471
8.335 0.0258537 -0.00493351 0.561456
8.34 0.0258393 -0.00494183 0.561441
8.345 0.0258249 -0.00495007 0.561427
8.35 0.0258104 -0.00495823 0.561413
8.355 0.0257958 -0.00496631 0.5614
8.36 0.0257811 -0.00497432 0.561387
8.365 0.0257662 -0.00498227 0.561374
8.37 0.0257513 -0.00499016 0.561362
8.375 0.0257362 -0.00499799 0.56135
8.38 0.0257211 -0.00500578 0.561338
8.385 0.0257058 -0.00501352 0.561327
8.39 0.0256905 -0.00502123 0.561315
8.395 0.025675 -0.00502891 0.561304
8.4 0.0256594 -0.00503656 0.561294
8.405 0.0256437 -0.00504419 0.561283
8.41 0.0256279 -0.00505181 0.561273
8.415 0.025612 -0.00505942 0.561262
8.42 0.025596 -0.00506703 0.561252
8.425 0.0255798 -0.00507464 0.561242
8.43 0.0255636 -0.00508226 0.561232
8.435 0.0255472 -0.00508989 0.561223
8.44 0.0255307 -0.00509754 0.561213
8.445 0.0255141 -0.00510523 0.561203
8.45 0.0254974 -0.00511294 0.561193
8.455 0.0254805 -0.00512069 0.561184
8.46 0.0254636 -0.00512849 0.561174
8.465 0.0254465 -0.00513634 0.561164
8.47 0.0254293 -0.00514424 0.561155
8.475 0.0254119 -0.0051522 0.561145
8.48 0.0253945 -0.00516024 0.561135
8.485 0.0253769 -0.00516835 0.561125
8.49 0.0253592 -0.00517653 0.561115
8.495 0.0253413 -0.00518481 0.561104
8.5 0.0253234 -0.00519318 0.561094
8.505 0.0253053 -0.00520164 0.561083
8.51 0.025287 -0.00521021 0.561072
8.515 0.0252687 -0.0052189 0.561061
8.52 0.0252502 -0.0052277 0.56105
8.525 0.0252315 -0.00523662 0.561038
8.53 0.0252128 -0.00524568 0.561027
8.535 0.0251939 -0.00525487 0.561014
8.54 0.0251748 -0.0052642 0.561002
8.545 0.0251557 -0.00527368 0.560989
8.55 0.0251363 -0.00528332 0.560976
8.555 0.0251169 -0.00529312 0.560962
8.56 0.0250973 -0.00530309 0.560949
8.565 0.0250775 -0.00531324 0.560934
8.57 0.0250576 -0.00532356 0.560919
8.575 0.0250376 -0.00533408 0.560904
8.58 0.0250174 -0.00534479 0.560888
8.585 0.0249971 -0.0053557 0.560872
8.59 0.0249766 -0.00536682 0.560856
8.595 0.024956 -0.00537815 0.560838
8.6 0.0249352 -0.00538971 0.56082
8.605 0.0249143 -0.00540149 0.560802
8.61 0.0248932 -0.00541351 0.560783
8.615 0.0248719 -0.00542577 0.560764
8.62 0.0248505 -0.00543828 0.560743
8.625 0.0248289 -0.00545105 0.560723
8.63 0.0248072 -0.00546408 0.560701
8.635 0.0247853 -0.00547736 0.560679
8.64 0.0247633 -0.0054909 0.560656
8.645 0.0247411 -0.00550468 0.560633
8.65 0.0247187 -0.00551889 0.560609
8.655 0.024696 -0.00553366 0.560584
8.66 0.024673 -0.0055489 0.560559
8.665 0.0246499 -0.00556457 0.560534
8.67 0.0246266 -0.0055806 0.560507
8.675 0.0246031 -0.00559697 0.560481
8.68 0.0245795 -0.00561362 0.560454
8.685 0.0245558 -0.00563053 0.560426
8.69 0.0245319 -0.00564766 0.560398
8.695 0.024508 -0.00566497 0.560369
8.7 0.024484 -0.00568245 0.56034
8.705 0.0244599 -0.00570023 0.560311
8.71 0.0244356 -0.00571841 0.560281
8.715 0.0244112 -0.00573698 0.560251
8.72 0.0243867 -0.00575589 0.56022
8.725 0.024362 -0.00577514 0.560189
8.73 0.0243373 -0.00579468 0.560158
8.735 0.0243124 -0.00581448 0.560126
8.74 0.0242875 -0.00583451 0.560094
8.745 0.0242626 -0.00585474 0.560061
8.75 0.0242376 -0.00587512 0.560029
8.755 0.0242127 -0.00589561 0.559996
8.76 0.0241877 -0.00591618 0.559962
8.765 0.0241628 -0.00593677 0.559929
8.77 0.0241379 -0.00595734 0.559895
8.775 0.024113 -0.00597784 0.55986
8.78 0.0240883 -0.00599823 0.559826
8.785 0.0240636 -0.00601845 0.559791
8.79 0.0240391 -0.00603847 0.559756
8.795 0.0240147 -0.00605821 0.55972
8.8 0.0239905 -0.00607765 0.559685
8.805 0.0239664 -0.00609674 0.559649
8.81 0.0239426 -0.00611541 0.559613
8.815 0.0239189 -0.00613364 0.559576
8.82 0.0238956 -0.00615138 0.55954
8.825 0.0238724 -0.0061686 0.559503
8.83 0.0238496 -0.00618524 0.559465
8.835 0.023827 -0.0062013 0.559428
8.84 0.0238047 -0.00621674 0.559391
8.845 0.0237828 -0.00623155 0.559353
8.85 0.0237612 -0.00624572 0.559315
8.855 0.0237399 -0.00625928 0.559276
8.86 0.023719 -0.00627224 0.559238
8.865 0.0236984 -0.00628466 0.559199
8.87 0.0236781 -0.00629664 0.55916
8.875 0.0236582 -0.00630831 0.559121
8.88 0.0236367 -0.00632435 0.559084
8.885 0.0236143 -0.00634289 0.559047
8.89 0.0235921 -0.00636138 0.55901
8.895 0.02357 -0.00637978 0.558974
8.9 0.0235481 -0.0063981 0.558938
8.905 0.0235264 -0.00641632 0.558902
8.91 0.0235049 -0.00643445 0.558866
8.915 0.0234836 -0.00645247 0.55883
8.92 0.0234624 -0.00647037 0.558794
8.925 0.0234415 -0.00648814 0.558759
8.93 0.0234208 -0.00650579 0.558724
8.935 0.0234002 -0.00652329 0.558689
8.94 0.02338 -0.00654065 0.558654
8.945 0.0233599 -0.00655785 0.55862
8.95 0.0233401 -0.00657489 0.558586
8.955 0.0233206 -0.00659176 0.558553
8.96 0.0233013 -0.00660844 0.558519
8.965 0.0232823 -0.00662494 0.558486
8.97 0.0232635 -0.00664124 0.558454
8.975 0.023245 -0.00665734 0.558421
8.98 0.0232268 -0.00667323 0.55839
8.985 0.0232089 -0.0066889 0.558358
8.99 0.0231913 -0.00670434 0.558327
8.995 0.0231741 -0.00671954 0.558297
9 0.0231571 -0.0067345 0.558267
9.005 0.0231404 -0.00674921 0.558237
9.01 0.0231241 -0.00676366 0.558208
9.015 0.0231081 -0.00677783 0.55818
9.02 0.0230925 -0.00679173 0.558152
9.025 0.0230772 -0.00680535 0.558124
9.03 0.0230623 -0.00681867 0.558097
9.035 0.0230477 -0.00683169 0.558071
9.04 0.0230335 -0.0068444 0.558046
9.045 0.0230197 -0.0068568 0.558021
9.05 0.0230063 -0.00686887 0.557996
9.055 0.0229932 -0.0068806 0.557973
9.06 0.0229806 -0.00689199 0.55795
9.065 0.0229684 -0.00690303 0.557927
9.07 0.0229566 -0.00691372 0.557906
9.075 0.0229452 -0.00692404 0.557885
9.08 0.0229343 -0.00693398 0.557865
9.085 0.0229238 -0.00694354 0.557845
9.09 0.0229137 -0.00695271 0.557827
9.095 0.0229041 -0.00696148 0.557809
9.1 0.0228949 -0.00696985 0.557792
9.105 0.0228863 -0.0069778 0.557776
9.11 0.022878 -0.00698533 0.557761
9.115 0.0228703 -0.00699242 0.557746
9.12 0.0228631 -0.00699908 0.557733
9.125 0.0228563 -0.0070053 0.55772
9.13 0.0228501 -0.00701106 0.557709
9.135 0.0228443 -0.00701636 0.557698
9.14 0.0228391 -0.00702119 0.557688
9.145 0.0228344 -0.00702554 0.557679
9.15 0.0228302 -0.00702941 0.557671
9.155 0.0228266 -0.00703278 0.557664
9.16 0.0228235 -0.00703566 0.557658
9.165 0.022821 -0.00703803 0.557654
9.17 0.022819 -0.00703988 0.55765
9.175 0.0228175 -0.00704122 0.557647
9.18 0.0228167 -0.00704202 0.557645
9.185 0.0228167 -0.00704201 0.557645
9.19 0.0228167 -0.00704201 0.557645
9.195 0.0228167 -0.00704201 0.557645
9.2 0.0228167 -0.00704201 0.557645
9.205 0.0228167 -0.00704201 0.557645
9.21 0.0228167 -0.00704201 0.557645
9.215 0.0228167 -0.00704201 0.557645
9.22 0.0228167 -0.007042 0.557645
9.225 0.0228167 -0.007042 0.557645
9.23 0.0228167 -0.007042 0.557645
9.235 0.0228167 -0.007042 0.557645
9.24 0.0228167 -0.007042 0.557645
9.245 0.0228167 -0.007042 0.557645
9.25 0.0228167 -0.007042 0.557645
9.255 0.0228167 -0.007042 0.557645
9.26 0.0228167 -0.00704199 0.557645
9.265 0.0228167 -0.00704199 0.557645
9.27 0.0228167 -0.00704199 0.557645
9.275 0.0228167 -0.00704199 0.557645
9.28 0.0228167 -0.00704199 0.557645
9.285 0.0228167 -0.00704199 0.557645
9.29 0.0228167 -0.00704199 0.557645
9.295 0.0228167 -0.00704199 0.557645
9.3 0.0228167 -0.00704199 0.557645
9.305 0.0228167 -0.00704199 0.557645
9.31 0.0228167 -0.00704198 0.557645
9.315 0.0228167 -0.00704198 0.557645
9.32 0.0228166 -0.00704198 0.557645
9.325 0.0228166 -0.00704198 0.557645
9.33 0.0228166 -0.00704198 0.557645
9.335 0.0228166 -0.00704198 0.557645
9.34 0.0228166 -0.00704198 0.557645
9.345 0.0228166 -0.00704198 0.557645
9.35 0.0228166 -0.00704198 0.557645
9.355 0.0228166 -0.00704198 0.557645
9.36 0.0228166 -0.00704197 0.557645
9.365 0.0228166 -0.00704197 0.557645
9.37 0.0228166 -0.00704197 0.557645
9.375 0.0228166 -0.00704197 0.557645
9.38 0.0228166 -0.00704197 0.557645
9.385 0.0228166 -0.00704197 0.557645
9.39 0.0228166 -0.00704197 0.557645
9.395 0.0228166 -0.00704197 0.557645
9.4 0.0228166 -0.00704197 0.557645
9.405 0.0228166 -0.00704197 0.557645
9.41 0.0228166 -0.00704197 0.557645
9.415 0.0228166 -0.00704196 0.557645
9.42 0.0228166 -0.00704196 0.557645
9.425 0.0228166 -0.00704196 0.557645
9.43 0.0228166 -0.00704196 0.557645
9.435 0.0228166 -0.00704196 0.557645
9.44 0.0228166 -0.00704196 0.557645
9.445 0.0228166 -0.00704196 0.557645
9.45 0.0228166 -0.00704196 0.557645
9.455 0.0228166 -0.00704196 0.557645
9.46 0.0228166 -0.00704196 0.557645
9.465 0.0228166 -0.00704196 0.557645
9.47 0.0228166 -0.00704196 0.557645
9.475 0.0228166 -0.00704195 0.557645
9.48 0.0228166 -0.00704195 0.557645
9.485 0.0228166 -0.00704195 0.557645
9.49 0.0228166 -0.00704195 0.557645
9.495 0.0228166 -0.00704195 0.557645
9.5 0.0228166 -0.00704195 0.557645
9.505 0.0228166 -0.00704195 0.557645
9.51 0.0228166 -0.00704195 0.557645
9.515 0.0228166 -0.00704195 0.557645
9.52 0.0228166 -0.00704195 0.557645
9.525 0.0228166 -0.00704195 0.557645
9.53 0.0228166 -0.00704195 0.557645
9.535 0.0228166 -0.00704195 0.557645
9.54 0.0228166 -0.00704194 0.557645
9.545 0.0228166 -0.00704194 0.557645
9.55 0.0228166 -0.00704194 0.557645
9.555 0.0228166 -0.00704194 0.557645
9.56 0.0228166 -0.00704194 0.557645
9.565 0.0228166 -0.00704194 0.557645
9.57 0.0228166 -0.00704194 0.557645
9.575 0.0228166 -0.00704194 0.557645
9.58 0.0228166 -0.00704194 0.557645
9.585 0.0228166 -0.00704194 0.557645
9.59 0.0228166 -0.00704194 0.557645
9.595 0.0228166 -0.00704194 0.557645
9.6 0.0228166 -0.00704194 0.557645
9.605 0.0228166 -0.00704194 0.557645
9.61 0.0228166 -0.00704194 0.557645
9.615 0.0228166 -0.00704193 0.557645
9.62 0.0228166 -0.00704193 0.557645
9.625 0.0228166 -0.00704193 0.557645
9.63 0.0228166 -0.00704193 0.557645
9.635 0.0228166 -0.00704193 0.557645
9.64 0.0228166 -0.00704193 0.557645
9.645 0.0228166 -0.00704193 0.557645
9.65 0.0228166 -0.00704193 0.557645
9.655 0.0228166 -0.00704193 0.557645
9.66 0.0228166 -0.00704193 0.557645
9.665 0.0228166 -0.00704193 0.557645
9.67 0.0228166 -0.00704193 0.557645
9.675 0.0228166 -0.00704193 0.557645
9.68 0.0228166 -0.00704193 0.557645
9.685 0.0228166 -0.00704193 0.557645
9.69 0.0228166 -0.00704193 0.557645
9.695 0.0228166 -0.00704192 0.557645
9.7 0.0228166 -0.00704192 0.557645
9.705 0.0228166 -0.00704192 0.557645
9.71 0.0228166 -0.00704192 0.557645
9.715 0.0228166 -0.00704192 0.557645
9.72 0.0228166 -0.00704192 0.557645
9.725 0.0228166 -0.00704192 0.557645
9.73 0.0228166 -0.00704192 0.557645
9.735 0.0228166 -0.00704192 0.557645
9.74 0.0228166 -0.00704192 0.557645
9.745 0.0228166 -0.00704192 0.557645
9.75 0.0228166 -0.00704192 0.557645
9.755 0.0228166 -0.00704192 0.557645
9.76 0.0228166 -0.00704192 0.557645
9.765 0.0228166 -0.00704192 0.557645
9.77 0.0228166 -0.00704192 0.557645
9.775 0.0228166 -0.00704192 0.557645
9.78 0.0228166 -0.00704192 0.557645
9.785 0.0228166 -0.00704191 0.557645
9.79 0.0228166 -0.00704191 0.557645
9.795 0.0228166 -0.00704191 0.557645
9.8 0.0228166 -0.00704191 0.557645
9.805 0.0228166 -0.00704191 0.557645
9.81 0.0228166 -0.00704191 0.557645
9.815 0.0228166 -0.00704191 0.557645
9.82 0.0228166 -0.00704191 0.557645
9.825 0.0228166 -0.00704191 0.557645
9.83 0.0228166 -0.00704191 0.557645
9.835 0.0228166 -0.00704191 0.557645
9.84 0.0228166 -0.00704191 0.557645
9.845 0.0228166 -0.00704191 0.557645
9.85 0.0228166 -0.00704191 0.557645
9.855 0.0228166 -0.00704191 0.557645
9.86 0.0228166 -0.00704191 0.557645
9.865 0.0228166 -0.00704191 0.557645
9.87 0.0228166 -0.00704191 0.557645
9.875 0.0228166 -0.00704191 0.557645
9.88 0.0228166 -0.00704191 0.557645
9.885 0.0228166 -0.0070419 0.557645
9.89 0.0228166 -0.0070419 0.557645
9.895 0.0228166 -0.0070419 0.557645
9.9 0.0228166 -0.0070419 0.557645
9.905 0.0228166 -0.0070419 0.557645
9.91 0.0228166 -0.0070419 0.557645
9.915 0.0228166 -0.0070419 0.557645
9.92 0.0228166 -0.0070419 0.557645
9.925 0.0228166 -0.0070419 0.557645
9.93 0.0228166 -0.0070419 0.557645
9.935 0.0228166 -0.0070419 0.557645
9.94 0.0228166 -0.0070419 0.557645
9.945 0.0228166 -0.0070419 0.557645
9.95 0.0228166 -0.0070419 0.557645
9.955 0.0228166 -0.0070419 0.557645
9.96 0.0228166 -0.0070419 0.557645
9.965 0.0228166 -0.0070419 0.557645
9.97 0.0228166 -0.0070419 0.557645
9.975 0.0228166 -0.0070419 0.557645
9.98 0.0228166 -0.0070419 0.557645
9.985 0.0228166 -0.0070419 0.557645
9.99 0.0228166 -0.0070419 0.557645
9.995 0.0228166 -0.0070419 0.557645
10 0.0228166 -0.00704189 0.557645
10.005 0.0228166 -0.00704189 0.557645
10.01 0.0228166 -0.00704189 0.557645
10.015 0.0228166 -0.00704189 0.557645
10.02 0.0228166 -0.00704189 0.557645
10.025 0.0228166 -0.00704189 0.557645
10.03 0.0228166 -0.00704189 0.557645
10.035 0.0228166 -0.00704189 0.557645
10.04 0.0228166 -0.00704189 0.557645
10.045 0.0228166 -0.00704189 0.557645
10.05 0.0228166 -0.00704189 0.557645
10.055 0.0228166 -0.00704189 0.557645
10.06 0.0228166 -0.00704189 0.557645
10.065 0.0228166 -0.00704189 0.557645
10.07 0.0228166 -0.00704189 0.557645
10.075 0.0228166 -0.00704189 0.557645
10.08 0.0228166 -0.00704189 0.557645
10.085 0.0228166 -0.00704189 0.557645
10.09 0.0228166 -0.00704189 0.557645
10.095 0.0228166 -0.00704189 0.557645
10.1 0.0228166 -0.00704189 0.557645
10.105 0.0228166 -0.00704189 0.557645
10.11 0.0228166 -0.00704189 0.557645
10.115 0.0228166 -0.00704189 0.557645
10.12 0.0228166 -0.00704189 0.557645
10.125 0.0228166 -0.00704188 0.557645
10.13 0.0228166 -0.00704188 0.557645
10.135 0.0228166 -0.00704188 0.557645
10.14 0.0228166 -0.00704188 0.557645
10.145 0.0228166 -0.00704188 0.557645
10.15 0.0228166 -0.00704188 0.557645
10.155 0.0228166 -0.00704188 0.557645
10.16 0.0228166 -0.00704188 0.557645
10.165 0.0228166 -0.00704188 0.557645
10.17 0.0228166 -0.00704188 0.557645
10.175 0.0228166 -0.00704188 0.557645
10.18 0.0228166 -0.00704188 0.557645
