0 0.000119022 0.000549051
0.005 0.000103053 0.000493056
0.01 0.000123982 0.000515051
0.015 0.000101904 0.000489099
0.02 9.90389e-05 0.000502095
0.025 9.99346e-05 0.000490037
0.03 9.89229e-05 0.000489979
0.035 9.90186e-05 0.000489075
0.04 9.90583e-05 0.000559115
0.045 9.8991e-05 0.000502094
0.05 9.90584e-05 0.000491115
0.055 9.8962e-05 0.000489018
0.06 9.90441e-05 0.0004901
0.065 9.90923e-05 0.00048991
0.07 0.000135973 0.000707075
0.075 0.000100093 0.000488957
0.08 9.89751e-05 0.000490078
0.085 9.80573e-05 0.000490067
0.09 9.79077e-05 0.000491918
0.095 9.79436e-05 0.00049
0.1 9.80787e-05 0.000501089
0.105 9.90016e-05 0.000491058
0.11 0.000101048 0.000491959
0.115 9.89357e-05 0.000490992
0.12 9.89715e-05 0.000490074
0.125 9.89542e-05 0.000497011
0.13 9.61154e-05 0.000491033
0.135 9.59727e-05 0.00049289
0.14 9.51147e-05 0.000489986
0.145 9.49053e-05 0.000491015
0.15 9.79546e-05 0.000471965
0.155 9.90221e-05 0.000481078
0.16 9.71017e-05 0.000471065
0.165 9.70165e-05 0.00046998
0.17 9.60771e-05 0.000484994
0.175 9.70246e-05 0.000529035
0.18 0.000111077 0.00049902
0.185 9.58857e-05 0.000477041
0.19 9.6092e-05 0.000472009
0.195 9.60666e-05 0.00047303
0.2 9.70414e-05 0.000491005
0.205 9.69425e-05 0.000496906
0.21 9.59692e-05 0.000483886
0.215 9.39099e-05 0.000491973
0.22 9.39852e-05 0.000491048
0.225 9.39746e-05 0.000504038
0.23 9.30105e-05 0.000504027
0.235 9.40327e-05 0.000491096
0.24 9.40821e-05 0.000548907
0.245 9.505e-05 0.000491921
0.25 9.40462e-05 0.000491109
0.255 9.39962e-05 0.000493106
0.26 9.50783e-05 0.000504949
0.265 9.50011e-05 0.00049111
0.27 9.40968e-05 0.000490921
0.275 9.40071e-05 0.00049007
0.28 9.29108e-05 0.000489974
0.285 9.30392e-05 0.000491056
0.29 9.29361e-05 0.000491953
0.295 9.39855e-05 0.000490095
0.3 9.40812e-05 0.000488906
0.305 9.39915e-05 0.000489055
0.31 9.29415e-05 0.000546958
0.315 9.31083e-05 0.000494887
0.32 9.31046e-05 0.000489929
0.325 9.4955e-05 0.000490064
0.33 9.60043e-05 0.000488922
0.335 9.51069e-05 0.000500978
0.34 9.49834e-05 0.000489093
0.345 9.5037e-05 0.00049004
0.35 9.59451e-05 0.000490101
0.355 9.40915e-05 0.000489916
0.36 9.40989e-05 0.000488924
0.365 9.31063e-05 0.000489885
0.37 9.4028e-05 0.000494091
0.375 9.39427e-05 0.000492006
0.38 9.59409e-05 0.000490097
0.385 9.39483e-05 0.000489058
0.39 9.49162e-05 0.000488026
0.395 9.40694e-05 0.00049394
0.4 9.30701e-05 0.000488895
0.405 9.40899e-05 0.000489915
0.41 0.000116085 0.000493021
0.415 9.29342e-05 0.000594951
0.42 0.000114104 0.000511902
0.425 0.000100064 0.000553928
0.43 0.000100076 0.00049194
0.435 0.000100991 0.000491901
0.44 9.18875e-05 0.000489096
0.445 8.98906e-05 0.000498007
0.45 9.10326e-05 0.000548957
0.455 8.90073e-05 0.000556885
0.46 0.000123106 0.00060489
0.465 8.99123e-05 0.000489029
0.47 8.5982e-05 0.000487913
0.475 8.39456e-05 0.000550069
0.48 7.99801e-05 0.00050111
0.485 8.60034e-05 0.000494934
0.49 8.00664e-05 0.000487958
0.495 7.90638e-05 0.000492909
0.5 8.70409e-05 0.000490018
0.505 7.99829e-05 0.000489113
0.51 8.10719e-05 0.00048801
0.515 8.11156e-05 0.000487053
0.52 8.10667e-05 0.000489051
0.525 8.09184e-05 0.000496095
0.53 8.18955e-05 0.000574118
0.535 8.11019e-05 0.000489086
0.54 7.99999e-05 0.000489891
0.545 8.00437e-05 0.000488935
0.55 8.20875e-05 0.000523072
0.555 8.40306e-05 0.000518107
0.56 8.39737e-05 0.00055205
0.565 8.21146e-05 0.000491099
0.57 8.19132e-05 0.000488897
0.575 8.98971e-05 0.00054506
0.58 7.89452e-05 0.000490029
0.585 8.41144e-05 0.000491953
0.59 0.000140906 0.000489001
0.595 7.69148e-05 0.000490906
0.6 7.8963e-05 0.000470093
0.605 7.99785e-05 0.000472108
0.61 8.00865e-05 0.000495978
0.615 7.89154e-05 0.000590999
0.62 7.80718e-05 0.000785109
0.625 7.60696e-05 0.00049206
0.63 7.39992e-05 0.000490089
0.635 7.40349e-05 0.000519887
0.64 7.49237e-05 0.00058206
0.645 7.89164e-05 0.000483
0.65 7.79387e-05 0.000469976
0.655 8.49812e-05 0.000568104
0.66 8.00734e-05 0.000493965
0.665 8.50615e-05 0.000575946
0.67 8.10407e-05 0.000470978
0.675 8.80301e-05 0.000470054
0.68 8.19665e-05 0.00046995
0.685 8.09096e-05 0.000522086
0.69 9.69634e-05 0.000471927
0.695 8.30826e-05 0.000503113
0.7 7.99838e-05 0.000490114
0.705 8.00987e-05 0.00051699
0.71 8.29875e-05 0.000573018
0.715 8.29801e-05 0.000498011
0.72 8.41141e-05 0.000598952
0.725 8.30661e-05 0.000480096
0.73 8.19425e-05 0.000482927
0.735 7.90574e-05 0.000469949
0.74 8.29542e-05 0.000594985
0.745 8.10316e-05 0.000573016
0.75 8.50242e-05 0.000471909
0.755 8.10859e-05 0.000472024
0.76 7.89759e-05 0.000487106
0.765 7.89914e-05 0.000470075
0.77 8.01131e-05 0.000471004
0.775 7.99488e-05 0.000470079
0.78 7.90624e-05 0.000473907
0.785 7.79593e-05 0.000477043
0.79 7.99419e-05 0.000472072
0.795 8.4971e-05 0.000499094
0.8 8.09592e-05 0.000567897
0.805 7.89124e-05 0.000469996
0.81 7.90475e-05 0.000580893
0.815 7.91001e-05 0.000565992
0.82 7.70668e-05 0.000519058
0.825 0.00012302 0.000509996
0.83 7.89718e-05 0.000489055
0.835 7.80787e-05 0.000489116
0.84 7.79472e-05 0.000489984
0.845 7.89397e-05 0.000491023
0.85 7.7093e-05 0.000499892
0.855 7.79694e-05 0.000490007
0.86 7.7891e-05 0.000487928
0.865 7.69052e-05 0.000488942
0.87 7.39275e-05 0.000489018
0.875 7.60163e-05 0.000506961
0.88 7.6991e-05 0.000493982
0.885 7.59737e-05 0.000488964
0.89 7.591e-05 0.000490093
0.895 7.59922e-05 0.000490937
0.9 7.69285e-05 0.000489919
0.905 7.89508e-05 0.000495034
0.91 7.90724e-05 0.000479918
0.915 7.9002e-05 0.000471085
0.92 7.60909e-05 0.000490035
0.925 0.000103028 0.000807077
0.93 9.70365e-05 0.000766
0.935 9.79541e-05 0.000762964
0.94 9.80636e-05 0.000642881
0.945 8.00323e-05 0.000483924
0.95 8.00138e-05 0.000480905
0.955 7.90089e-05 0.000477092
0.96 7.90571e-05 0.000469902
0.965 7.9973e-05 0.000487103
0.97 8.20855e-05 0.000470069
0.975 8.29878e-05 0.000505018
0.98 8.30812e-05 0.000470111
0.985 8.29904e-05 0.000470021
0.99 8.30917e-05 0.000476883
0.995 8.30551e-05 0.000469893
1 8.31101e-05 0.000489902
1.005 8.19989e-05 0.000744983
1.01 0.000107063 0.000559013
1.015 8.50017e-05 0.000478933
1.02 8.60376e-05 0.000469968
1.025 8.50857e-05 0.00049097
1.03 8.304e-05 0.00066707
1.035 8.69093e-05 0.000469886
1.04 8.41032e-05 0.000469988
1.045 8.49197e-05 0.000470043
1.05 8.39147e-05 0.000498991
1.055 8.3034e-05 0.000470064
1.06 8.10359e-05 0.000487974
1.065 8.10705e-05 0.000473008
1.07 8.2887e-05 0.000469917
1.075 8.28821e-05 0.000490912
1.08 8.01155e-05 0.000484007
1.085 8.20043e-05 0.000469035
1.09 8.19135e-05 0.000483898
1.095 8.10667e-05 0.000470004
1.1 7.90618e-05 0.000475907
1.105 8.11168e-05 0.000518054
1.11 8.49728e-05 0.000509096
1.115 8.50729e-05 0.000508958
1.12 8.38883e-05 0.000507011
1.125 8.49952e-05 0.000512118
1.13 8.40026e-05 0.000513079
1.135 8.70699e-05 0.000507047
1.14 8.50458e-05 0.000506977
1.145 8.49674e-05 0.00055909
1.15 0.000108892 0.000826935
1.155 0.000106893 0.000829082
1.16 0.000106067 0.000823971
1.165 9.40025e-05 0.000509066
1.17 8.30957e-05 0.000507888
1.175 8.20636e-05 0.000524048
1.18 8.3097e-05 0.000507889
1.185 8.39655e-05 0.000508042
1.19 8.2052e-05 0.000557036
1.195 0.000104971 0.000826067
1.2 8.39202e-05 0.000511043
1.205 8.2113e-05 0.000506097
1.21 8.19882e-05 0.000509972
1.215 8.2956e-05 0.000506986
1.22 8.20629e-05 0.000507047
1.225 8.2885e-05 0.000516915
1.23 8.29784e-05 0.000513009
1.235 8.19857e-05 0.00050797
1.24 8.30012e-05 0.000507032
1.245 8.30618e-05 0.000511092
1.25 8.29414e-05 0.000651972
1.255 8.39495e-05 0.000509026
1.26 8.29039e-05 0.000507981
1.265 8.31034e-05 0.000505942
1.27 8.29719e-05 0.000510002
1.275 8.3072e-05 0.000522102
1.28 8.31053e-05 0.000507897
1.285 8.29274e-05 0.000511004
1.29 8.30806e-05 0.000508111
1.295 8.30881e-05 0.000508118
1.3 8.50029e-05 0.000517887
1.305 8.60183e-05 0.000509949
1.31 8.69862e-05 0.000507963
1.315 8.79584e-05 0.000506982
1.32 9.40122e-05 0.000517075
1.325 8.79462e-05 0.00050797
1.33 8.88937e-05 0.000507964
1.335 8.80142e-05 0.000508038
1.34 8.80611e-05 0.000512085
1.345 8.79432e-05 0.000508967
1.35 8.79697e-05 0.000506993
1.355 9.18901e-05 0.000511099
1.36 8.69834e-05 0.000509961
1.365 9.50767e-05 0.000822948
1.37 0.000115033 0.000824115
1.375 0.000115994 0.000828884
1.38 0.000114909 0.000828991
1.385 9.89947e-05 0.000512097
1.39 9.81115e-05 0.000514883
1.395 9.70486e-05 0.000517059
1.4 9.80265e-05 0.000511036
1.405 9.79117e-05 0.000511968
1.41 9.80026e-05 0.000513013
1.415 9.09297e-05 0.0005119
1.42 0.000100027 0.000523892
1.425 9.30731e-05 0.00051509
1.43 9.30998e-05 0.000510117
1.435 9.40869e-05 0.000511911
1.44 9.28818e-05 0.000506945
1.445 9.68812e-05 0.000512083
1.45 9.59936e-05 0.000510911
1.455 9.5974e-05 0.000506891
1.46 9.60074e-05 0.000511971
1.465 9.60272e-05 0.000507944
1.47 9.70606e-05 0.000521024
1.475 9.29346e-05 0.000485951
1.48 9.21014e-05 0.000488118
1.485 9.20828e-05 0.0004911
1.49 9.20112e-05 0.000488982
1.495 9.2926e-05 0.000492943
1.5 9.30396e-05 0.000487056
1.505 9.2968e-05 0.000490031
1.51 9.20885e-05 0.000488059
1.515 8.99242e-05 0.00048804
1.52 9.09903e-05 0.000489914
1.525 9.09582e-05 0.000490882
1.53 9.08989e-05 0.000486061
1.535 8.91188e-05 0.00056495
1.54 0.000118937 0.000814013
1.545 0.000126031 0.000747908
1.55 9.5117e-05 0.000508988
1.555 9.39651e-05 0.000508028
1.56 9.29058e-05 0.000507969
1.565 9.29923e-05 0.000510009
1.57 9.31115e-05 0.00051289
1.575 9.30874e-05 0.000511104
1.58 9.29818e-05 0.000507045
1.585 9.29293e-05 0.000506946
1.59 9.30227e-05 0.000511039
1.595 9.4056e-05 0.000519119
1.6 9.38837e-05 0.000507993
1.605 9.71092e-05 0.000576073
1.61 9.29944e-05 0.000508011
1.615 9.28957e-05 0.000507912
1.62 9.49753e-05 0.000512085
1.625 9.51014e-05 0.000508972
1.63 9.59428e-05 0.000508098
1.635 9.50224e-05 0.000507893
1.64 9.50434e-05 0.000512914
1.645 9.61163e-05 0.000520034
1.65 9.61182e-05 0.000511036
1.655 9.50058e-05 0.000510115
1.66 9.4046e-05 0.000505917
1.665 9.49868e-05 0.000509096
1.67 9.49015e-05 0.000527011
1.675 9.60331e-05 0.00050795
1.68 9.40597e-05 0.000508884
1.685 9.29011e-05 0.000511918
1.69 9.08881e-05 0.000522051
1.695 9.21068e-05 0.000508077
1.7 9.09875e-05 0.000510958
1.705 9.4021e-05 0.000508084
1.71 9.29617e-05 0.000510025
1.715 9.19024e-05 0.000509111
1.72 9.28963e-05 0.000508959
1.725 9.39161e-05 0.000508979
1.73 9.39099e-05 0.000510973
1.735 9.29433e-05 0.00051196
1.74 9.40626e-05 0.000842887
1.745 0.000126043 0.00084892
1.75 0.000121897 0.000510065
1.755 9.40356e-05 0.000512907
1.76 9.50159e-05 0.000561887
1.765 9.61055e-05 0.000510023
1.77 9.61185e-05 0.000526036
1.775 9.69179e-05 0.000513882
1.78 9.40835e-05 0.000510908
1.785 9.50693e-05 0.000510987
1.79 9.49106e-05 0.00050902
1.795 9.60898e-05 0.000508007
1.8 9.48915e-05 0.000510001
1.805 9.50774e-05 0.000511995
1.81 9.50182e-05 0.000507889
1.815 9.49193e-05 0.000509029
1.82 9.91178e-05 0.000509936
1.825 9.49127e-05 0.000512022
1.83 9.58998e-05 0.000508055
1.835 9.5079e-05 0.00050895
1.84 9.70196e-05 0.000511983
1.845 0.000105966 0.000529108
1.85 0.000101005 0.000533915
1.855 9.9905e-05 0.000534054
1.86 0.000101898 0.000531093
1.865 0.000101082 0.000528993
1.87 0.000104048 0.000531097
1.875 0.00010104 0.000533951
1.88 0.00010194 0.000530897
1.885 0.000101079 0.000537989
1.89 0.000105111 0.000528968
1.895 0.000106023 0.000533927
1.9 0.000106076 0.00052998
1.905 0.000104965 0.000528107
1.91 0.000106092 0.000530996
1.915 0.000106078 0.000533982
1.92 0.000106083 0.000529987
1.925 0.000106048 0.000533952
1.93 0.000105888 0.000529031
1.935 0.000106113 0.000534063
1.94 0.000107046 0.000539995
1.945 0.000147936 0.000883117
1.95 0.000146079 0.000836975
1.955 0.000107967 0.000531964
1.96 0.000105912 0.000595055
1.965 0.000106994 0.000532944
1.97 0.00010702 0.00054797
1.975 0.000120985 0.000532107
1.98 0.000107069 0.000530019
1.985 0.000105909 0.000540051
1.99 0.000106928 0.000529116
1.995 0.00010596 0.000530102
2 0.000106078 0.000531028
2.005 0.000107111 0.000530061
2.01 0.000107029 0.000537979
2.015 0.000106055 0.000529005
2.02 0.000105941 0.000530083
2.025 0.000106927 0.000533115
2.03 0.000106959 0.000528909
2.035 0.000116991 0.000530928
2.04 0.000107103 0.000533053
2.045 0.00010589 0.000533032
2.05 0.000106114 0.000533018
2.055 0.000105993 0.000529943
2.06 0.000107919 0.000529916
2.065 0.000107998 0.000529994
2.07 0.000105076 0.000529934
2.075 0.000103958 0.000534054
2.08 0.000103884 0.00052898
2.085 0.000105043 0.000528901
2.09 0.000103983 0.000534079
2.095 0.000108082 0.000529078
2.1 0.000104107 0.000528918
2.105 0.000104015 0.000533064
2.11 0.00010304 0.000531044
2.115 0.000103934 0.000533983
2.12 0.000104012 0.000530062
2.125 0.000104044 0.000529094
2.13 0.00010407 0.000538881
2.135 0.000104042 0.000788091
2.14 0.000144044 0.000881039
2.145 0.000145962 0.000608096
2.15 0.000108924 0.000546013
2.155 0.000108922 0.000530011
2.16 0.000135941 0.000531042
2.165 0.000109118 0.000529922
2.17 0.000108097 0.000568901
2.175 0.000109094 0.000535898
2.18 0.00011192 0.00053191
2.185 0.000109992 0.000531081
2.19 0.000110076 0.000530927
2.195 0.000110975 0.000534918
2.2 0.000122941 0.000530916
2.205 0.000111084 0.000534981
2.21 0.00011005 0.000533901
2.215 0.00011193 0.000531111
2.22 0.00011291 0.000534899
2.225 0.0001141 0.000530898
2.23 0.000112927 0.000532916
2.235 0.000112892 0.000529882
2.24 0.000112964 0.000528954
2.245 0.000114055 0.000534091
2.25 0.000122967 0.000539943
2.255 0.000112959 0.000528948
2.26 0.000113885 0.00053392
2.265 0.000111989 0.000537932
2.27 0.00011104 0.000543984
2.275 0.000111893 0.000529074
2.28 0.00011305 0.00053904
2.285 0.000111903 0.000528892
2.29 0.000111882 0.00053211
2.295 0.000112093 0.000540082
2.3 0.000112998 0.000531988
2.305 0.000112917 0.000529907
2.31 0.000112989 0.000529979
2.315 0.000113107 0.000535097
2.32 0.000112999 0.000533989
2.325 0.00011311 0.0005301
2.33 0.000112944 0.000665933
2.335 0.000154996 0.000877024
2.34 0.000173046 0.000705954
2.345 0.000114024 0.00053006
2.35 0.000112095 0.000541039
2.355 0.000113993 0.000534029
2.36 0.000112063 0.000539007
2.365 0.000120923 0.000553044
2.37 0.00011304 0.000528075
2.375 0.000113051 0.000532087
2.38 0.00011307 0.00053006
2.385 0.000112042 0.000541986
2.39 0.000113047 0.000530037
2.395 0.000112119 0.000533109
2.4 0.000112038 0.000532981
2.405 0.000111096 0.000528993
2.41 0.000116923 0.000530098
2.415 0.000111935 0.000530116
2.42 0.000111099 0.000532996
2.425 0.000111932 0.000533922
2.43 0.00011009 0.00052994
2.435 0.000110002 0.000533091
2.44 0.000110021 0.00053311
2.445 0.000109092 0.000527897
2.45 0.000110025 0.000532114
2.455 0.000109056 0.000541907
2.46 0.000112061 0.000534005
2.465 0.00011208 0.000529023
2.47 0.000111013 0.000532956
2.475 0.000111939 0.000533882
2.48 0.000113023 0.000536012
2.485 0.000111981 0.000529925
2.49 0.000115007 0.000534089
2.495 0.000114072 0.000535108
2.5 0.000111938 0.000527927
2.505 0.000113945 0.000534981
2.51 0.000113992 0.000533028
2.515 0.00011296 0.000528996
2.52 0.000114025 0.000549061
2.525 0.000157041 0.00088397
2.53 0.000159018 0.00159899
2.535 0.000117893 0.000571114
2.54 0.000116028 0.000531918
2.545 0.000113922 0.000535958
2.55 0.000113923 0.000534959
2.555 0.000113988 0.000549024
2.56 0.000115111 0.000536955
2.565 0.00011407 0.000529914
2.57 0.000116008 0.000531899
2.575 0.000114928 0.00053001
2.58 0.000114046 0.00053289
2.585 0.000114097 0.000529894
2.59 0.000113956 0.000547992
2.595 0.000114061 0.000530097
2.6 0.000113967 0.000535003
2.605 0.000116957 0.000529893
2.61 0.000119107 0.000531898
2.615 0.000115092 0.000549982
2.62 0.000131885 0.000531039
2.625 0.000132114 0.00053103
2.63 0.000131106 0.000530976
2.635 0.000129998 0.00052906
2.64 0.000139101 0.000533103
2.645 0.000129887 0.000527949
2.65 0.00013107 0.00053194
2.655 0.000118101 0.000530084
2.66 0.000117053 0.00053399
2.665 0.000121966 0.000532895
2.67 0.000116063 0.000530953
2.675 0.000116075 0.000527965
2.68 0.000115948 0.000533076
2.685 0.000116006 0.000547896
2.69 0.000128997 0.000530013
2.695 0.000130943 0.000528051
2.7 0.000129927 0.000531989
2.705 0.000130058 0.000528881
2.71 0.000136062 0.000659971
2.715 0.000177086 0.000871988
2.72 0.000177957 0.000724097
2.725 0.000131993 0.000532909
2.73 0.000129984 0.000529045
2.735 0.000129068 0.000531083
2.74 0.00012692 0.000528081
2.745 0.000128018 0.000531987
2.75 0.000127917 0.000543886
2.755 0.00012808 0.000529049
2.76 0.000128032 0.000603001
2.765 0.000129021 0.000529036
2.77 0.000126885 0.000534047
2.775 0.00017207 0.000533932
2.78 0.000138885 0.000534887
2.785 0.000137914 0.000566916
2.79 0.000135902 0.000546049
2.795 0.000128938 0.000528954
2.8 0.000140021 0.000534069
2.805 0.000128045 0.000529014
2.81 0.000167962 0.000590115
2.815 0.000129003 0.000538018
2.82 0.00011902 0.000494049
2.825 0.000142894 0.000489082
2.83 0.000117986 0.000501969
2.835 0.0001179 0.000488883
2.84 0.000118091 0.000499074
2.845 0.000118012 0.000492041
2.85 0.000118078 0.000488061
2.855 0.000116966 0.000491902
2.86 0.000117038 0.000492021
2.865 0.000117012 0.000496948
2.87 0.000119025 0.000497054
2.875 0.000116945 0.000488882
2.88 0.000116886 0.000489061
2.885 0.00011692 0.000530094
2.89 0.000116892 0.000489113
2.895 0.000124026 0.000517048
2.9 0.000121912 0.00050708
2.905 0.000121004 0.000511934
2.91 0.00012299 0.000506966
2.915 0.000121063 0.000658993
2.92 0.000160082 0.000836911
2.925 0.000160055 0.000824076
2.93 0.000160055 0.000768076
2.935 0.000114925 0.000512007
2.94 0.000163085 0.000812053
2.945 0.000145939 0.000646027
2.95 0.000110999 0.000508896
2.955 0.000110005 0.000513094
2.96 0.000110958 0.000543094
2.965 0.000111095 0.000507992
2.97 0.000109009 0.000514098
2.975 0.000110015 0.000508104
2.98 0.000108982 0.000513025
2.985 0.000109041 0.000535084
2.99 0.000109106 0.00051191
2.995 0.00010902 0.000508109
3 0.000108033 0.000548029
3.005 0.000109991 0.000508888
3.01 0.000108933 0.000512976
3.015 0.000144107 0.00067791
3.02 0.000109073 0.000520116
3.025 0.00010798 0.000507023
3.03 0.0001079 0.000506897
3.035 0.000108093 0.000538089
3.04 0.000108899 0.000509942
3.045 0.000109104 0.000507909
3.05 0.000108025 0.000513021
3.055 0.000107985 0.000507981
3.06 0.000111097 0.000543994
3.065 0.000105963 0.000512913
3.07 0.000106976 0.000507926
3.075 0.000106022 0.000542926
3.08 0.000106034 0.000509984
3.085 0.000110994 0.000510891
3.09 0.000107 0.00051295
3.095 0.000106913 0.000508102
3.1 0.000106072 0.000507976
3.105 0.000105993 0.000510896
3.11 0.000109913 0.000511048
3.115 0.000105099 0.000739956
3.12 0.000137966 0.000829968
3.125 0.000138925 0.000522927
3.13 0.000107048 0.000514998
3.135 0.000106061 0.000507011
3.14 0.000106047 0.000512951
3.145 0.000107093 0.000517043
3.15 0.000112086 0.000508029
3.155 0.000105907 0.000512049
3.16 0.000105966 0.000512108
3.165 0.000105886 0.000509028
3.17 0.000106045 0.000511949
3.175 0.000110111 0.000508008
3.18 0.000105998 0.000549901
3.185 0.000107056 0.000510052
3.19 0.000105916 0.000509058
3.195 0.000106082 0.000508985
3.2 0.000105942 0.000511084
3.205 0.000108974 0.000509017
3.21 0.00010504 0.000512944
3.215 0.000106047 0.00050995
3.22 0.000106066 0.00050897
3.225 0.000106953 0.000512949
3.23 0.000140044 0.000826092
3.235 0.000137057 0.000523966
3.24 0.000106049 0.000549999
3.245 0.00010789 0.000515886
3.25 0.000107021 0.000513972
3.255 0.00010491 0.000513052
3.26 0.000106016 0.00050792
3.265 0.000120983 0.000537104
3.27 0.000106967 0.000515917
3.275 0.000107088 0.000504038
3.28 0.000103108 0.000488111
3.285 0.000102009 0.000491966
3.29 0.000101009 0.000486966
3.295 0.000100953 0.000641102
3.3 0.000106056 0.00049496
3.305 0.000118085 0.000526068
3.31 0.000104006 0.000490056
3.315 0.000102903 0.000489906
3.32 0.000101992 0.000521949
3.325 0.000108059 0.000490056
3.33 0.000109034 0.000524077
3.335 0.000105062 0.000512919
3.34 0.000105017 0.000508113
3.345 0.000125066 0.000582896
3.35 0.000108992 0.000500081
3.355 0.000101112 0.000509069
3.36 0.000104028 0.000509078
3.365 0.00010399 0.00051204
3.37 0.000105092 0.000541949
3.375 0.000104006 0.000517056
3.38 0.000105107 0.000517964
3.385 0.000104101 0.000506913
3.39 0.000103971 0.000506067
3.395 0.000104079 0.00051189
3.4 0.000103889 0.000515939
3.405 0.000101075 0.000491985
3.41 9.69718e-05 0.000473935
3.415 9.60483e-05 0.000473012
3.42 9.69791e-05 0.000469943
3.425 9.60624e-05 0.00047298
3.43 9.7e-05 0.000497964
3.435 9.69092e-05 0.000481111
3.44 9.9919e-05 0.000514022
3.445 9.70803e-05 0.000473044
3.45 0.00010299 0.000487993
3.455 0.000100079 0.000496943
3.46 0.000101074 0.000485984
3.465 9.98847e-05 0.000491987
3.47 9.89204e-05 0.000496977
3.475 9.89563e-05 0.000484059
3.48 9.49198e-05 0.000473029
3.485 9.50031e-05 0.000489112
3.49 9.49259e-05 0.000488035
3.495 9.49289e-05 0.000564038
3.5 0.000127045 0.000519967
3.505 9.9913e-05 0.000527016
3.51 9.49544e-05 0.000511064
3.515 0.000100016 0.000488119
3.52 9.8913e-05 0.000486969
3.525 9.89623e-05 0.000479019
3.53 9.48863e-05 0.000472996
3.535 9.50623e-05 0.000469933
3.54 9.50993e-05 0.00048697
3.545 0.000100102 0.000488967
3.55 9.41054e-05 0.000473976
3.555 9.50893e-05 0.00046896
3.56 9.50337e-05 0.000474905
3.565 9.60638e-05 0.000474027
3.57 0.000103074 0.000488077
3.575 0.000100076 0.00049794
3.58 0.000100885 0.000488034
3.585 9.9981e-05 0.000491084
3.59 9.98846e-05 0.000487987
3.595 9.8934e-05 0.00050299
3.6 9.89098e-05 0.000485966
3.605 9.89661e-05 0.000474022
3.61 9.5089e-05 0.00046896
3.615 9.40796e-05 0.000469904
3.62 9.4024e-05 0.000468895
3.625 9.29683e-05 0.000490985
3.63 9.80176e-05 0.000474028
3.635 9.30874e-05 0.000470104
3.64 9.29855e-05 0.000473002
3.645 9.39693e-05 0.000571032
3.65 9.40817e-05 0.000510906
3.655 0.000101011 0.000487922
3.66 9.79082e-05 0.000480964
3.665 9.49712e-05 0.000483081
3.67 9.38951e-05 0.000472958
3.675 9.39785e-05 0.000496088
3.68 9.48821e-05 0.000473992
3.685 9.79519e-05 0.000472962
3.69 9.81143e-05 0.000478886
3.695 9.69387e-05 0.000487902
3.7 9.90876e-05 0.000483905
3.705 9.89584e-05 0.000490061
3.71 0.000103052 0.000502055
3.715 9.49349e-05 0.000472091
3.72 9.80115e-05 0.000506021
3.725 9.49479e-05 0.000468057
3.73 9.40843e-05 0.000473909
3.735 9.39756e-05 0.000472039
3.74 9.50125e-05 0.000526884
3.745 9.90076e-05 0.00048011
3.75 9.79643e-05 0.000487021
3.755 9.7921e-05 0.000504931
3.76 9.895e-05 0.000471006
3.765 9.39339e-05 0.000471997
3.77 9.39709e-05 0.000489034
3.775 0.00010002 0.000476885
3.78 0.00010003 0.000474894
3.785 9.70536e-05 0.000473017
3.79 9.60375e-05 0.000467955
3.795 9.60269e-05 0.000471944
3.8 9.79509e-05 0.000472007
3.805 9.68816e-05 0.000489084
3.81 9.79842e-05 0.000473994
3.815 9.79545e-05 0.000479964
3.82 9.89247e-05 0.000491981
3.825 0.000104014 0.000499063
3.83 0.000103029 0.000490032
3.835 0.000104972 0.000474068
3.84 9.88962e-05 0.000469953
3.845 9.80722e-05 0.000472082
3.85 9.80562e-05 0.000468066
3.855 9.60932e-05 0.000488057
3.86 9.79505e-05 0.00047496
3.865 9.40665e-05 0.000504891
3.87 9.39101e-05 0.000467973
3.875 9.40003e-05 0.000472063
3.88 9.40373e-05 0.0004691
3.885 9.3889e-05 0.000493952
3.89 9.79316e-05 0.000493942
3.895 9.69742e-05 0.000486938
3.9 9.70303e-05 0.000492994
3.905 9.68876e-05 0.00048809
3.91 9.69901e-05 0.000489954
3.915 9.78869e-05 0.000467943
3.92 9.80031e-05 0.000530013
3.925 0.000103938 0.000491988
3.93 9.69276e-05 0.000487891
3.935 9.68843e-05 0.000531086
3.94 9.81179e-05 0.000486889
3.945 9.80147e-05 0.000671025
3.95 0.000101896 0.000494899
3.955 9.30778e-05 0.000484095
3.96 9.09555e-05 0.000469118
3.965 9.09461e-05 0.000478109
3.97 9.71085e-05 0.000477072
3.975 9.69331e-05 0.000477897
3.98 9.30028e-05 0.00047202
3.985 9.29935e-05 0.00047301
3.99 9.50238e-05 0.000494895
3.995 9.58811e-05 0.000487037
4 9.39304e-05 0.000472993
4.005 9.29605e-05 0.000510977
4.01 9.4897e-05 0.000469006
4.015 9.38877e-05 0.000469951
4.02 9.20636e-05 0.000490034
4.025 9.28881e-05 0.000481905
4.03 9.50438e-05 0.000484915
4.035 9.79011e-05 0.000491911
4.04 9.19041e-05 0.000471113
4.045 9.10405e-05 0.000467965
4.05 9.10381e-05 0.000472962
4.055 9.69823e-05 0.000476946
4.06 9.80386e-05 0.000494048
4.065 9.19421e-05 0.000470913
4.07 9.08865e-05 0.000491095
4.075 9.59426e-05 0.000492098
4.08 9.6992e-05 0.000513956
4.085 9.49544e-05 0.000484064
4.09 9.1971e-05 0.000473941
4.095 9.10012e-05 0.000468925
4.1 9.09987e-05 0.000474923
4.105 9.60289e-05 0.000473946
4.11 9.20128e-05 0.000479983
4.115 9.50294e-05 0.0004969
4.12 9.19793e-05 0.00047595
4.125 9.09169e-05 0.000469079
4.13 9.39607e-05 0.000492024
4.135 9.99162e-05 0.000481019
4.14 9.00718e-05 0.00048095
4.145 9.20421e-05 0.000473059
4.15 8.89797e-05 0.00051205
4.155 8.89691e-05 0.000469039
4.16 8.79203e-05 0.000468944
4.165 8.81099e-05 0.000472895
4.17 8.81006e-05 0.000481886
4.175 9.29319e-05 0.000489949
4.18 9.19417e-05 0.000483912
4.185 9.29052e-05 0.000481922
4.19 9.19219e-05 0.000478892
4.195 9.1899e-05 0.000477108
4.2 9.50681e-05 0.000494939
4.205 8.99649e-05 0.000482081
4.21 8.68889e-05 0.000470105
4.215 8.78932e-05 0.000471963
4.22 8.80827e-05 0.000470914
4.225 8.80338e-05 0.000536104
4.23 9.19487e-05 0.000495919
4.235 9.10443e-05 0.000486968
4.24 8.80146e-05 0.000468038
4.245 8.70189e-05 0.000471996
4.25 8.79633e-05 0.000480987
4.255 8.7093e-05 0.00048507
4.26 9.00701e-05 0.000479948
4.265 8.69014e-05 0.000478925
4.27 8.39384e-05 0.000467015
4.275 8.40952e-05 0.000471933
4.28 8.30068e-05 0.000470037
4.285 8.30179e-05 0.000468048
4.29 8.789e-05 0.000481913
4.295 8.60591e-05 0.00048199
4.3 8.20146e-05 0.000480999
4.305 8.2012e-05 0.000472996
4.31 8.20694e-05 0.000468054
4.315 8.09415e-05 0.000469118
4.32 8.40452e-05 0.000472883
4.325 8.50823e-05 0.000490967
4.33 8.39136e-05 0.000489037
4.335 8.40827e-05 0.000486921
4.34 8.30666e-05 0.000484097
4.345 7.89646e-05 0.000477048
4.35 8.1048e-05 0.000533032
4.355 8.51097e-05 0.000498994
4.36 8.40269e-05 0.000489912
4.365 8.49577e-05 0.000487081
4.37 8.3988e-05 0.000524111
4.375 8.61096e-05 0.00049204
4.38 8.50336e-05 0.000490918
4.385 9.40569e-05 0.000487882
4.39 8.20205e-05 0.000486005
4.395 8.21038e-05 0.000484896
4.4 8.18956e-05 0.000496926
4.405 7.6919e-05 0.00049091
4.41 7.89956e-05 0.000473079
4.415 7.4914e-05 0.00046805
4.42 7.40844e-05 0.000467936
4.425 7.49237e-05 0.00046706
4.43 7.40477e-05 0.0004719
4.435 7.40724e-05 0.000486924
4.44 7.70631e-05 0.000474054
4.445 7.79815e-05 0.000500065
4.45 7.39585e-05 0.000468049
4.455 7.40826e-05 0.000482934
4.46 7.80869e-05 0.000486886
4.465 7.79849e-05 0.000508022
4.47 7.88954e-05 0.000478979
4.475 8.10849e-05 0.000490023
4.48 7.90156e-05 0.000489099
4.485 8.10922e-05 0.00046903
4.49 7.611e-05 0.000472054
4.495 7.59888e-05 0.00048898
4.5 8.09728e-05 0.000468957
4.505 8.29839e-05 0.000479014
4.51 7.60807e-05 0.000472025
4.515 7.60059e-05 0.000466997
4.52 7.69378e-05 0.000509929
4.525 7.69941e-05 0.000485985
4.53 7.90706e-05 0.000476916
4.535 7.70749e-05 0.000469066
4.54 7.79537e-05 0.000469991
4.545 7.79253e-05 0.000482962
4.55 8.19758e-05 0.00049696
4.555 8.20319e-05 0.000500016
4.56 8.19424e-05 0.000473926
4.565 7.79002e-05 0.000490937
4.57 8.08842e-05 0.00053206
4.575 8.20917e-05 0.000489076
4.58 8.50756e-05 0.00047896
4.585 8.0073e-05 0.000493964
4.59 8.2997e-05 0.000493027
4.595 8.50668e-05 0.000508951
4.6 8.00699e-05 0.000470961
4.605 7.99419e-05 0.000471072
4.61 8.00524e-05 0.000472944
4.615 7.90171e-05 0.000486908
4.62 8.30936e-05 0.000477932
4.625 7.90912e-05 0.000482936
4.63 7.9996e-05 0.000472887
4.635 7.99076e-05 0.000470037
4.64 7.99717e-05 0.000469101
4.645 7.89895e-05 0.000486881
4.65 8.40197e-05 0.000482096
4.655 7.89178e-05 0.000469048
4.66 7.89356e-05 0.000470019
4.665 7.89535e-05 0.000473037
4.67 7.90639e-05 0.000506909
4.675 7.88885e-05 0.000487972
4.68 8.1965e-05 0.000477949
4.685 7.81083e-05 0.000472953
4.69 0.00010298 0.000732983
4.695 8.09287e-05 0.000481105
4.7 7.80718e-05 0.000492109
4.705 8.19359e-05 0.00047792
4.71 8.09266e-05 0.000486103
4.715 7.81093e-05 0.000487954
4.72 8.1908e-05 0.000488892
4.725 8.19382e-05 0.000488922
4.73 8.09684e-05 0.000497906
4.735 8.21172e-05 0.000475101
4.74 7.8883e-05 0.000511967
4.745 7.89393e-05 0.000471023
4.75 7.89571e-05 0.000473041
4.755 8.00608e-05 0.000481952
4.76 7.69192e-05 0.00049791
4.765 8.19822e-05 0.000476966
4.77 7.80791e-05 0.000486116
4.775 8.1063e-05 0.000483047
4.78 8.40536e-05 0.000469892
4.785 7.80647e-05 0.000489102
4.79 8.19492e-05 0.000745933
4.795 0.000108966 0.000546009
4.8 8.29779e-05 0.000473008
4.805 8.19335e-05 0.000482917
4.81 8.3107e-05 0.000506899
4.815 8.11009e-05 0.000487085
4.82 8.10823e-05 0.00049102
4.825 8.01034e-05 0.000482995
4.83 8.20385e-05 0.000468023
4.835 8.19477e-05 0.000484932
4.84 0.000107075 0.000794071
4.845 0.000103931 0.000605981
4.85 8.10537e-05 0.000469991
4.855 7.80624e-05 0.000469099
4.86 7.7932e-05 0.000467969
4.865 7.59012e-05 0.000474084
4.87 7.80951e-05 0.000476894
4.875 7.6958e-05 0.000502995
4.88 7.79191e-05 0.000468956
4.885 7.68881e-05 0.000471117
4.89 7.8089e-05 0.000478888
4.895 7.50376e-05 0.000467936
4.9 7.39672e-05 0.000472057
4.905 7.19634e-05 0.000484961
4.91 7.10975e-05 0.000472049
4.915 7.49672e-05 0.000482912
4.92 7.40617e-05 0.000470913
4.925 7.59381e-05 0.000481883
4.93 7.59005e-05 0.000468083
4.935 7.59226e-05 0.000470106
4.94 7.58917e-05 0.000483075
4.945 7.39016e-05 0.000486992
4.95 7.38854e-05 0.000846022
4.955 9.60062e-05 0.000763924
4.96 9.31103e-05 0.000759889
4.965 9.40358e-05 0.000783099
4.97 9.48809e-05 0.00048099
4.975 7.50286e-05 0.000486927
4.98 8.60576e-05 0.000561988
4.985 7.51101e-05 0.000488008
4.99 7.49866e-05 0.000473885
4.995 7.39625e-05 0.000474053
5 7.60119e-05 0.000485956
5.005 7.69007e-05 0.000474892
5.01 7.29513e-05 0.000471042
5.015 7.59012e-05 0.000467084
5.02 7.60964e-05 0.000480041
5.025 7.59796e-05 0.000467924
5.03 8.00685e-05 0.00046796
5.035 7.60184e-05 0.000480963
5.04 7.70079e-05 0.000467999
5.045 7.60505e-05 0.000474995
5.05 7.60399e-05 0.000467984
5.055 7.69628e-05 0.000472954
5.06 7.60517e-05 0.000483042
5.065 0.000102895 0.000761899
5.07 9.58932e-05 0.000629049
5.075 7.69106e-05 0.000468948
5.08 7.69396e-05 0.00047293
5.085 7.58895e-05 0.000472072
5.09 7.80179e-05 0.000469055
5.095 7.79679e-05 0.000468051
5.1 7.99506e-05 0.00048708
5.105 7.70314e-05 0.000479022
5.11 7.91e-05 0.000473945
5.115 7.88906e-05 0.000478974
5.12 7.91172e-05 0.000467962
5.125 7.60864e-05 0.000478077
5.13 7.69154e-05 0.000468906
5.135 7.7924e-05 0.000472961
5.14 8.29654e-05 0.000468996
5.145 7.59604e-05 0.000467905
5.15 7.59827e-05 0.000470927
5.155 7.50839e-05 0.000479982
5.16 7.99332e-05 0.000494063
5.165 7.68899e-05 0.000487119
5.17 7.19201e-05 0.000485918
5.175 7.49151e-05 0.000480052
5.18 9.60232e-05 0.000790987
5.185 9.38864e-05 0.000782996
5.19 9.4022e-05 0.000776085
5.195 9.30785e-05 0.000765095
5.2 8.90128e-05 0.000506891
5.205 7.60924e-05 0.000469037
5.21 7.59689e-05 0.000469913
5.215 7.89708e-05 0.000467054
5.22 7.90788e-05 0.000483924
5.225 7.89744e-05 0.000489058
5.23 7.99559e-05 0.000486086
5.235 7.9116e-05 0.000468961
5.24 7.892e-05 0.000474003
5.245 7.89084e-05 0.000469992
5.25 7.80695e-05 0.000468107
5.255 7.8025e-05 0.000498062
5.26 7.78867e-05 0.000476924
5.265 0.000134028 0.000468083
5.27 8.10078e-05 0.000467945
5.275 8.01091e-05 0.000467047
5.28 8.10646e-05 0.000486002
5.285 8.1106e-05 0.000482044
5.29 7.89689e-05 0.000488052
5.295 7.89639e-05 0.000492047
5.3 7.90517e-05 0.000482897
5.305 7.89077e-05 0.000471037
5.31 7.80158e-05 0.000492099
5.315 7.90695e-05 0.000467915
5.32 7.80782e-05 0.000474115
5.325 7.89342e-05 0.000468018
5.33 7.90887e-05 0.000522934
5.335 7.90159e-05 0.000496099
5.34 7.79306e-05 0.000475968
5.345 7.80252e-05 0.000469109
5.35 7.99344e-05 0.000472064
5.355 7.90424e-05 0.000474887
5.36 7.7972e-05 0.000468055
5.365 7.60732e-05 0.000492064
5.37 7.70368e-05 0.000483028
5.375 7.59743e-05 0.000488919
5.38 7.70509e-05 0.000487042
5.385 7.81182e-05 0.000469917
5.39 7.80274e-05 0.000497065
5.395 7.48958e-05 0.000478079
5.4 7.69903e-05 0.000532981
5.405 7.90057e-05 0.000485089
5.41 7.5915e-05 0.000491098
5.415 7.6049e-05 0.000486993
5.42 7.6104e-05 0.000482048
5.425 7.7986e-05 0.000469069
5.43 7.90805e-05 0.000490926
5.435 7.90947e-05 0.00047794
5.44 7.80039e-05 0.000469041
5.445 7.79267e-05 0.000496964
5.45 7.60935e-05 0.000482038
5.455 7.69563e-05 0.000478947
5.46 7.50903e-05 0.000469989
5.465 7.51126e-05 0.000550011
5.47 7.69199e-05 0.000496911
5.475 7.5907e-05 0.00049009
5.48 7.60139e-05 0.000471958
5.485 7.49694e-05 0.000469106
5.49 7.50311e-05 0.000467976
5.495 7.59008e-05 0.000477084
5.5 8.50416e-05 0.000488973
5.505 7.39045e-05 0.000483041
5.51 7.70984e-05 0.000470089
5.515 7.4915e-05 0.000468098
5.52 7.29836e-05 0.000491074
5.525 7.20397e-05 0.000497084
5.53 7.3081e-05 0.000487887
5.535 7.39087e-05 0.000542999
5.54 7.61139e-05 0.000468058
5.545 7.70898e-05 0.000472081
5.55 7.69594e-05 0.00061795
5.555 8.00986e-05 0.00048899
5.56 7.29898e-05 0.000496034
5.565 8.10536e-05 0.000491991
5.57 7.90926e-05 0.000493938
5.575 7.9953e-05 0.000490083
5.58 7.90439e-05 0.000488889
5.585 8.00568e-05 0.000489948
5.59 7.60971e-05 0.000489042
5.595 7.30989e-05 0.000490904
5.6 7.2937e-05 0.000486981
5.605 7.28813e-05 0.000499925
5.61 7.3108e-05 0.000485914
5.615 7.20173e-05 0.000488015
5.62 7.30259e-05 0.00049007
5.625 7.09814e-05 0.000486933
5.63 7.28974e-05 0.000496941
5.635 6.89783e-05 0.000486075
5.64 6.88944e-05 0.000487991
5.645 6.79628e-05 0.000486014
5.65 6.9071e-05 0.00048493
5.655 6.81191e-05 0.000488931
5.66 6.89888e-05 0.000503086
5.665 6.80301e-05 0.000487081
5.67 6.80456e-05 0.000487096
5.675 6.79221e-05 0.000490973
5.68 6.79442e-05 0.000486041
5.685 6.79133e-05 0.000499964
5.69 6.80473e-05 0.000487098
5.695 6.69701e-05 0.000487974
5.7 6.79924e-05 0.000490043
5.705 6.70541e-05 0.000485105
5.71 6.79306e-05 0.000484981
5.715 6.78997e-05 0.00049795
5.72 6.7941e-05 0.000485992
5.725 6.7996e-05 0.000490047
5.73 6.79583e-05 0.000487009
5.735 6.70732e-05 0.000487078
5.74 6.69033e-05 0.000501908
5.745 6.81165e-05 0.000485929
5.75 6.70392e-05 0.000486044
5.755 6.70151e-05 0.000491019
5.76 6.6905e-05 0.000493909
5.765 6.996e-05 0.000506103
5.77 6.99415e-05 0.000510085
5.775 6.8923e-05 0.00050502
5.78 6.90966e-05 0.000505955
5.785 6.89923e-05 0.000510089
5.79 6.89273e-05 0.000507024
5.795 6.91077e-05 0.000523013
5.8 6.89774e-05 0.000504882
5.805 7.00979e-05 0.000509003
5.81 6.80793e-05 0.000506938
5.815 6.90676e-05 0.000505926
5.82 6.90558e-05 0.000505914
5.825 6.88971e-05 0.000505994
5.83 6.80528e-05 0.000511103
5.835 6.91089e-05 0.000505968
5.84 6.90304e-05 0.000504935
5.845 6.9065e-05 0.000507924
5.85 6.90534e-05 0.000516912
5.855 6.90495e-05 0.000505908
5.86 6.80379e-05 0.000510089
5.865 6.89731e-05 0.00050707
5.87 6.81003e-05 0.000506913
5.875 6.80885e-05 0.000522947
5.88 6.8897e-05 0.000505994
5.885 6.90639e-05 0.000513922
5.89 6.7999e-05 0.00050705
5.895 6.80268e-05 0.000508077
5.9 6.79687e-05 0.000505066
5.905 6.78835e-05 0.000506934
5.91 6.89712e-05 0.000509068
5.915 6.78996e-05 0.00050695
5.92 6.78867e-05 0.000506937
5.925 6.81133e-05 0.000506926
5.93 6.90935e-05 0.000511952
5.935 6.79496e-05 0.000506
5.94 6.69255e-05 0.00050993
5.945 6.69478e-05 0.000511952
5.95 6.81021e-05 0.000505914
5.955 6.69854e-05 0.00051099
5.96 6.78946e-05 0.000506945
5.965 6.69631e-05 0.000509014
5.97 6.69323e-05 0.000504937
5.975 6.69082e-05 0.000505913
5.98 6.6023e-05 0.000506981
5.985 6.80248e-05 0.000511076
5.99 6.69013e-05 0.000505952
5.995 6.60693e-05 0.000511027
6 6.70915e-05 0.000506096
6.005 6.70674e-05 0.000507072
6.01 6.59507e-05 0.000516909
6.015 6.7026e-05 0.00050703
6.02 6.59488e-05 0.000508953
6.025 6.71167e-05 0.000505883
6.03 6.70463e-05 0.000506051
6.035 6.61148e-05 0.000506119
6.04 6.7084e-05 0.000518088
6.045 6.70395e-05 0.000506044
6.05 6.61025e-05 0.00051106
6.055 6.60659e-05 0.000508024
6.06 6.61005e-05 0.000508059
6.065 6.59962e-05 0.000505954
6.07 6.49764e-05 0.000505934
6.075 6.49646e-05 0.000510115
6.08 6.40457e-05 0.000505911
6.085 6.39412e-05 0.000506045
6.09 6.289e-05 0.000505994
6.095 6.4024e-05 0.000510889
6.1 6.38925e-05 0.000506996
6.105 6.39734e-05 0.000511077
6.11 6.299e-05 0.000506048
6.115 6.08924e-05 0.000506096
6.12 5.9927e-05 0.000517892
6.125 6.10937e-05 0.000506059
6.13 6.10956e-05 0.00050606
6.135 6.09584e-05 0.000506923
6.14 6.00462e-05 0.000507011
6.145 5.98955e-05 0.000509099
6.15 6.10296e-05 0.000507994
6.155 6.19307e-05 0.000528942
6.16 6.20839e-05 0.000529095
6.165 6.10914e-05 0.000529056
6.17 6.19066e-05 0.000527918
6.175 6.00135e-05 0.000534932
6.18 5.99542e-05 0.000529111
6.185 6.11075e-05 0.000528072
6.19 6.00754e-05 0.00053304
6.195 5.99303e-05 0.000528895
6.2 6.08981e-05 0.000608101
6.205 6.20749e-05 0.000529086
6.21 6.1897e-05 0.000528908
6.215 6.10965e-05 0.000572061
6.22 6.19434e-05 0.000529001
6.225 6.2083e-05 0.000534094
6.23 6.09199e-05 0.000528931
6.235 6.08854e-05 0.000529089
6.24 6.1085e-05 0.00052905
6.245 6.10992e-05 0.000529064
6.25 6.10003e-05 0.000539965
6.255 6.09627e-05 0.000527928
6.26 6.20233e-05 0.000532034
6.265 6.09312e-05 0.000529896
6.27 6.09917e-05 0.000529957
6.275 5.99992e-05 0.000528964
6.28 6.1053e-05 0.000529064
6.285 6.01135e-05 0.000529078
6.29 6.1035e-05 0.000528
6.295 6.00494e-05 0.000528968
6.3 6.09246e-05 0.000527889
6.305 6.10247e-05 0.000540989
6.31 5.99258e-05 0.000528891
6.315 6.09796e-05 0.000527944
6.32 6.00469e-05 0.000528012
6.325 6.01143e-05 0.000527033
6.33 6.00222e-05 0.000536941
6.335 6.00297e-05 0.000527948
6.34 6.00542e-05 0.000528973
6.345 6.00504e-05 0.000529969
6.35 5.79078e-05 0.000529972
6.355 5.80078e-05 0.000533072
6.36 5.79226e-05 0.000528987
6.365 5.80826e-05 0.000527955
6.37 5.89578e-05 0.000528068
6.375 5.79325e-05 0.000527997
6.38 5.79468e-05 0.000569011
6.385 6.10208e-05 0.000553986
6.39 6.09017e-05 0.000554105
6.395 6.09746e-05 0.000553939
6.4 6.10407e-05 0.000554006
6.405 6.00605e-05 0.000565025
6.41 6.00261e-05 0.000554945
6.415 6.00063e-05 0.000550971
6.42 5.98939e-05 0.000558051
6.425 6.11058e-05 0.000554071
6.43 5.79854e-05 0.00053005
6.435 5.19953e-05 0.000488066
6.44 5.18945e-05 0.000486919
6.445 5.18932e-05 0.000488918
6.45 5.19846e-05 0.000487009
6.455 5.29368e-05 0.000486008
6.46 5.18892e-05 0.000501914
6.465 5.20528e-05 0.000489078
6.47 5.19058e-05 0.00048693
6.475 5.1997e-05 0.000487022
6.48 5.19957e-05 0.000486067
6.485 5.19943e-05 0.000491065
6.49 5.19863e-05 0.000487011
6.495 5.20245e-05 0.000488049
6.5 5.21158e-05 0.000487902
6.505 5.21145e-05 0.000487901
6.51 5.29075e-05 0.000487979
6.515 5.49173e-05 0.000473081
6.52 5.19272e-05 0.000480952
6.525 5.5911e-05 0.000472883
6.53 5.3053e-05 0.000480886
6.535 5.50493e-05 0.000468975
6.54 5.51055e-05 0.000470031
6.545 5.20159e-05 0.000483041
6.55 5.21048e-05 0.000502891
6.555 5.40152e-05 0.000478941
6.56 5.20442e-05 0.000483069
6.565 4.80009e-05 0.000486887
6.57 4.80966e-05 0.000485936
6.575 4.79403e-05 0.000490064
6.58 4.79298e-05 0.000495008
6.585 4.89567e-05 0.000486081
6.59 4.80876e-05 0.000486927
6.595 4.90863e-05 0.000478972
6.6 4.69368e-05 0.000470015
6.605 5.00788e-05 0.000485011
6.61 4.70151e-05 0.000471093
6.615 4.80781e-05 0.000476918
6.62 4.69954e-05 0.000471027
6.625 4.69057e-05 0.000574984
6.63 4.89188e-05 0.000491043
6.635 5.10867e-05 0.000512065
6.64 4.89496e-05 0.000506074
6.645 4.8965e-05 0.000510089
6.65 4.89872e-05 0.000506111
6.655 4.891e-05 0.000507034
6.66 4.90181e-05 0.000517904
6.665 4.90132e-05 0.000506899
6.67 4.90805e-05 0.000506966
6.675 4.80564e-05 0.000506896
6.68 4.89791e-05 0.000505103
6.685 4.90409e-05 0.000504927
6.69 4.90032e-05 0.000508889
6.695 4.80186e-05 0.000506097
6.7 4.79877e-05 0.000507066
6.705 4.80099e-05 0.000505088
6.71 4.60605e-05 0.000502092
6.715 4.78975e-05 0.000532975
6.72 5.10969e-05 0.000528075
6.725 4.9979e-05 0.000528911
6.73 4.90531e-05 0.000527939
6.735 4.90877e-05 0.000528974
6.74 5.00759e-05 0.000528008
6.745 4.8984e-05 0.000527916
6.75 4.91044e-05 0.00052799
6.755 4.88939e-05 0.000529018
6.76 4.89216e-05 0.000529046
6.765 5.00025e-05 0.000528935
6.77 4.99241e-05 0.000534903
6.775 5.00378e-05 0.00052797
6.78 4.99729e-05 0.000526951
6.785 5.01001e-05 0.000528032
6.79 5.10816e-05 0.00052706
6.795 5.09636e-05 0.000553942
6.8 5.39507e-05 0.000552068
6.805 5.21162e-05 0.000551949
6.81 5.20106e-05 0.000553035
6.815 5.20904e-05 0.000552115
6.82 5.28854e-05 0.000568956
6.825 5.0017e-05 0.000551949
6.83 5.00504e-05 0.000552982
6.835 4.90906e-05 0.000551976
6.84 4.90844e-05 0.00055297
6.845 4.88862e-05 0.00056401
6.85 5.00517e-05 0.000551984
6.855 4.9953e-05 0.000551885
6.86 4.89932e-05 0.000552117
6.865 4.90333e-05 0.000552919
6.87 4.88814e-05 0.000552006
6.875 5.00933e-05 0.000551072
6.88 4.9895e-05 0.000553066
6.885 4.89815e-05 0.000551106
6.89 4.89359e-05 0.000551106
6.895 4.80291e-05 0.000553107
6.9 5.29303e-05 0.000554048
6.905 4.8957e-05 0.000550081
6.91 4.90367e-05 0.000550922
6.915 4.60768e-05 0.000554062
6.92 4.5117e-05 0.000552102
6.925 4.59639e-05 0.000556949
6.93 4.60041e-05 0.000552989
6.935 4.49516e-05 0.000551937
6.94 4.60448e-05 0.00055303
6.945 4.60207e-05 0.000553006
6.95 4.6043e-05 0.000559028
6.955 4.49239e-05 0.000553101
6.96 4.09707e-05 0.000550963
6.965 3.99851e-05 0.000549931
6.97 3.90919e-05 0.000550991
6.975 3.89998e-05 0.000561899
6.98 3.99937e-05 0.000549939
6.985 4.0008e-05 0.000550954
6.99 4.01149e-05 0.000551061
6.995 3.88906e-05 0.000551028
7 4.00043e-05 0.00054995
7.005 4.00704e-05 0.000551016
7.01 3.99852e-05 0.000549931
7.015 3.89463e-05 0.000550084
7.02 3.90599e-05 0.000550006
7.025 3.88889e-05 0.000550073
7.03 4.19562e-05 0.000550995
7.035 3.9063e-05 0.000549962
7.04 3.98852e-05 0.000550069
7.045 3.89526e-05 0.00055109
7.05 4.00594e-05 0.000550005
7.055 3.89674e-05 0.000563105
7.06 3.89613e-05 0.000549907
7.065 3.90682e-05 0.000550014
7.07 3.8897e-05 0.000550035
7.075 3.91102e-05 0.00055101
7.08 3.80781e-05 0.000561977
7.085 3.90719e-05 0.000550971
7.09 3.90861e-05 0.000550985
7.095 3.79545e-05 0.000550046
7.1 3.89687e-05 0.000550107
7.105 3.89898e-05 0.000564889
7.11 3.90763e-05 0.000550976
7.115 3.90905e-05 0.00054999
7.12 3.91116e-05 0.000550011
7.125 3.88941e-05 0.000550032
7.13 3.90077e-05 0.000549907
7.135 4.21091e-05 0.000550955
7.14 3.89707e-05 0.000551109
7.145 3.90776e-05 0.000549977
7.15 3.89992e-05 0.000549899
7.155 3.80202e-05 0.000550112
7.16 4.01092e-05 0.000556055
7.165 3.89788e-05 0.000551117
7.17 3.89331e-05 0.000551071
7.175 3.78874e-05 0.000550025
7.18 3.99875e-05 0.000549933
7.185 3.90944e-05 0.00056504
7.19 3.89357e-05 0.000552073
7.195 3.9082e-05 0.000549981
7.2 3.90364e-05 0.000550936
7.205 3.89444e-05 0.00054989
7.21 3.88919e-05 0.00056203
7.215 3.8992e-05 0.000549938
7.22 3.80526e-05 0.000549952
7.225 3.91131e-05 0.000550012
7.23 3.90742e-05 0.000549974
7.235 3.90161e-05 0.000549915
7.24 3.89365e-05 0.000551074
7.245 3.89903e-05 0.00055089
7.25 3.90508e-05 0.00055095
7.255 3.89656e-05 0.000551103
7.26 3.91188e-05 0.000551018
7.265 3.89409e-05 0.000591079
7.27 4.09267e-05 0.000575919
7.275 4.08867e-05 0.000577117
7.28 4.10319e-05 0.000577024
7.285 4.1098e-05 0.00057709
7.29 4.1077e-05 0.000583069
7.295 4.10764e-05 0.000576069
7.3 4.09901e-05 0.000575982
7.305 4.09104e-05 0.000575902
7.31 4.11156e-05 0.000576108
7.315 4.095e-05 0.000587942
7.32 4.00817e-05 0.000577027
7.325 4.10415e-05 0.000576034
7.33 4.10478e-05 0.00057704
7.335 3.99613e-05 0.000577907
7.34 4.40634e-05 0.000627002
7.345 4.80389e-05 0.000610117
7.35 4.70878e-05 0.000609927
7.355 4.78915e-05 0.000610969
7.36 5.10918e-05 0.00103707
7.365 5.29805e-05 0.00101205
7.37 5.20749e-05 0.000639908
7.375 4.39126e-05 0.000606043
7.38 4.80486e-05 0.000615888
7.385 4.7945e-05 0.000611023
7.39 4.51069e-05 0.000606046
7.395 4.2913e-05 0.000605044
7.4 4.40051e-05 0.000622898
7.405 3.61096e-05 0.000486108
7.41 4.10188e-05 0.000486011
7.415 3.50885e-05 0.000485087
7.42 3.49946e-05 0.000484947
7.425 3.59649e-05 0.000484964
7.43 3.60865e-05 0.000532085
7.435 3.58894e-05 0.000485888
7.44 3.60982e-05 0.000485097
7.445 3.49227e-05 0.000485114
7.45 3.59598e-05 0.000484959
7.455 3.49301e-05 0.000484929
7.46 3.69658e-05 0.000490011
7.465 3.59757e-05 0.000484974
7.47 3.59924e-05 0.000484991
7.475 3.60158e-05 0.000484015
7.48 3.59996e-05 0.000494998
7.485 3.61021e-05 0.000489909
7.49 3.80045e-05 0.000510096
7.495 3.7073e-05 0.000511118
7.5 3.70953e-05 0.000508948
7.505 3.79785e-05 0.00051007
7.51 3.70007e-05 0.000510046
7.515 3.79698e-05 0.000515061
7.52 3.80779e-05 0.000509931
7.525 3.89995e-05 0.000512899
7.53 3.79246e-05 0.000510016
7.535 3.69097e-05 0.000509955
7.54 3.69411e-05 0.000510033
7.545 3.71183e-05 0.000515925
7.55 3.69509e-05 0.000510996
7.555 3.69224e-05 0.000509014
7.56 3.69007e-05 0.000509946
7.565 3.79322e-05 0.000510024
7.57 3.70098e-05 0.000510055
7.575 3.69486e-05 0.000514994
7.58 3.70659e-05 0.000510111
7.585 3.80974e-05 0.00055395
7.59 4.59139e-05 0.000852899
7.595 4.59783e-05 0.000844964
7.6 4.60428e-05 0.000532028
7.605 3.80267e-05 0.000511118
7.61 4.01045e-05 0.00051005
7.615 3.90365e-05 0.000570936
7.62 3.69796e-05 0.000511025
7.625 3.80573e-05 0.00050891
7.63 3.79893e-05 0.000515081
7.635 3.70602e-05 0.000510105
7.64 3.80984e-05 0.000508951
7.645 3.68914e-05 0.000508937
7.65 3.70686e-05 0.000509114
7.655 3.70537e-05 0.000509099
7.66 3.70851e-05 0.000499892
7.665 3.49381e-05 0.000489891
7.67 3.50566e-05 0.000507009
7.675 3.59027e-05 0.000489902
7.68 3.60607e-05 0.000489059
7.685 3.60662e-05 0.000491065
7.69 3.48863e-05 0.000491077
7.695 3.60906e-05 0.000493089
7.7 3.6103e-05 0.000489102
7.705 3.49367e-05 0.000489889
7.71 3.49557e-05 0.000489908
7.715 3.59216e-05 0.00048892
7.72 3.50333e-05 0.000489986
7.725 3.59066e-05 0.000494905
7.73 3.5912e-05 0.000488911
7.735 3.50305e-05 0.000490029
7.74 3.49964e-05 0.000488995
7.745 3.50155e-05 0.000489968
7.75 3.50785e-05 0.000515031
7.755 3.60759e-05 0.000500883
7.76 3.60147e-05 0.000490014
7.765 3.59658e-05 0.000489965
7.77 3.59769e-05 0.000488976
7.775 3.58885e-05 0.000489887
7.78 3.5939e-05 0.000488938
7.785 3.59366e-05 0.000487935
7.79 3.59329e-05 0.000487932
