0 0.000110882 0.00156606
0.005 9.99158e-05 0.00152706
0.01 9.70048e-05 0.00151897
0.015 0.000100054 0.00151496
0.02 0.000102965 0.00151097
0.025 9.50745e-05 0.00151299
0.03 9.50518e-05 0.00152392
0.035 9.51082e-05 0.00150803
0.04 9.69002e-05 0.0018351
0.045 0.00015501 0.00216704
0.05 0.000143942 0.00201198
0.055 0.000133071 0.00208908
0.06 0.000133066 0.00205908
0.065 0.000133996 0.00204705
0.07 0.000133092 0.0020361
0.075 0.000132923 0.00204093
0.08 0.000133919 0.00192197
0.085 0.000117119 0.00196906
0.09 0.000142946 0.00211389
0.095 0.000132039 0.00210896
0.1 0.000157086 0.00183397
0.105 0.000115937 0.00152907
0.11 0.000118078 0.00152611
0.115 0.000102888 0.00154694
0.12 0.000107976 0.00151502
0.125 0.000103979 0.00151803
0.13 0.000104068 0.00151693
0.135 9.50254e-05 0.0015229
0.14 0.000105082 0.00151294
0.145 0.000101092 0.001443
0.15 9.19653e-05 0.00146994
0.155 9.29574e-05 0.00144302
0.16 9.1937e-05 0.00145091
0.165 9.29032e-05 0.00146297
0.17 0.000106974 0.00145592
0.175 9.90918e-05 0.00146191
0.18 0.000112063 0.00145405
0.185 9.60884e-05 0.00146501
0.19 9.29347e-05 0.00145495
0.195 9.29935e-05 0.00144306
0.2 9.4059e-05 0.00145788
0.205 9.40646e-05 0.00144394
0.21 9.28986e-05 0.00145392
0.215 9.29111e-05 0.00144993
0.22 9.39303e-05 0.00145299
0.225 9.20354e-05 0.00142801
0.23 9.3936e-05 0.001411
0.235 9.21022e-05 0.00142707
0.24 9.30097e-05 0.00142903
0.245 9.69035e-05 0.00142511
0.25 9.49431e-05 0.00142905
0.255 9.78833e-05 0.00141589
0.26 9.59828e-05 0.00143295
0.265 0.000102081 0.00142608
0.27 9.1975e-05 0.00141695
0.275 9.10881e-05 0.00142101
0.28 9.21017e-05 0.00141212
0.285 9.19832e-05 0.00142595
0.29 9.79302e-05 0.00175299
0.295 0.000130083 0.00219291
0.3 0.000138885 0.00191693
0.305 0.000111046 0.00191194
0.31 0.000126042 0.00190796
0.315 0.000124897 0.00190601
0.32 0.000125104 0.00198698
0.325 0.000124917 0.00190603
0.33 0.000102098 0.00160406
0.335 0.000123018 0.00207004
0.34 0.000135934 0.00172108
0.345 0.000109046 0.00139809
0.35 9.40528e-05 0.00134012
0.355 9.20225e-05 0.00135299
0.36 9.10249e-05 0.00176595
0.365 0.000117953 0.00148398
0.37 9.89372e-05 0.00137904
0.375 8.98921e-05 0.00135701
0.38 8.8941e-05 0.00133001
0.385 8.79841e-05 0.00133601
0.39 8.80206e-05 0.00132904
0.395 8.69835e-05 0.00132696
0.4 8.80335e-05 0.0013651
0.405 0.000100102 0.00134401
0.41 9.49515e-05 0.00131711
0.415 8.79552e-05 0.00130698
0.42 8.69329e-05 0.00130991
0.425 8.49107e-05 0.00130703
0.43 0.000100041 0.00131591
0.435 8.70377e-05 0.00137201
0.44 8.89272e-05 0.001301
0.445 8.71038e-05 0.00138308
0.45 0.000105925 0.00133111
0.455 9.19313e-05 0.0015629
0.46 8.91187e-05 0.00131395
0.465 8.70365e-05 0.00137106
0.47 8.89259e-05 0.00131004
0.475 9.40427e-05 0.00125411
0.48 8.80816e-05 0.00126211
0.485 8.69746e-05 0.00126495
0.49 8.50598e-05 0.00122999
0.495 8.50535e-05 0.00126894
0.5 9.20652e-05 0.00128108
0.505 8.59244e-05 0.0012079
0.51 8.40379e-05 0.00121311
0.515 8.10588e-05 0.001233
0.52 8.19135e-05 0.0012029
0.525 7.90011e-05 0.00120808
0.53 8.00751e-05 0.00122801
0.535 9.20484e-05 0.00119902
0.54 7.80761e-05 0.00123311
0.545 8.08846e-05 0.00118506
0.55 8.0092e-05 0.00117298
0.555 7.90813e-05 0.00120893
0.56 7.997e-05 0.0011681
0.565 7.99323e-05 0.00115811
0.57 7.79883e-05 0.00115303
0.575 7.69584e-05 0.001158
0.58 0.000101961 0.00115696
0.585 7.79835e-05 0.00116007
0.59 8.40722e-05 0.00116396
0.595 8.30943e-05 0.00116789
0.6 8.28836e-05 0.00115496
0.605 8.31081e-05 0.0011649
0.61 7.90975e-05 0.00115099
0.615 7.70213e-05 0.00123001
0.62 7.98828e-05 0.00115701
0.625 7.79852e-05 0.00116102
0.63 7.79418e-05 0.00118798
0.635 7.90489e-05 0.00116094
0.64 7.89524e-05 0.00115304
0.645 7.69226e-05 0.00116791
0.65 7.80113e-05 0.00117605
0.655 7.90865e-05 0.00113293
0.66 7.59382e-05 0.00113988
0.665 7.90146e-05 0.0011681
0.67 7.89044e-05 0.00109599
0.675 7.60884e-05 0.00113903
0.68 7.79263e-05 0.00110801
0.685 7.69509e-05 0.00109594
0.69 7.49957e-05 0.00113489
0.695 7.90382e-05 0.00113588
0.7 7.90219e-05 0.00111411
0.705 7.50397e-05 0.00109694
0.71 7.89919e-05 0.00109808
0.715 7.1891e-05 0.00106989
0.72 7.09834e-05 0.00106993
0.725 7.10757e-05 0.00107203
0.73 7.30417e-05 0.00108509
0.735 7.29678e-05 0.00114201
0.74 7.30047e-05 0.00111009
0.745 7.40824e-05 0.00107993
0.75 7.80154e-05 0.00106905
0.755 7.2101e-05 0.0010741
0.76 7.19946e-05 0.00107599
0.765 7.40734e-05 0.00107897
0.77 7.2907e-05 0.00107695
0.775 7.29859e-05 0.00114603
0.78 7.90623e-05 0.00107091
0.785 7.2949e-05 0.00106899
0.79 7.09951e-05 0.00109095
0.795 7.29145e-05 0.00107396
0.8 7.19933e-05 0.00106999
0.805 7.08937e-05 0.00107189
0.81 7.28867e-05 0.00110898
0.815 7.90366e-05 0.00108193
0.82 7.79085e-05 0.00107299
0.825 7.78879e-05 0.00107892
0.83 8.99802e-05 0.0010909
0.835 7.49121e-05 0.00107205
0.84 9.0044e-05 0.00125192
0.845 9.29371e-05 0.00133695
0.85 9.10526e-05 0.00135198
0.855 0.000111088 0.00135098
0.86 9.49106e-05 0.00133902
0.865 9.29063e-05 0.00121297
0.87 7.60063e-05 0.00106095
0.875 7.60524e-05 0.00109404
0.88 7.79571e-05 0.00111304
0.885 8.31137e-05 0.00110491
0.89 8.09394e-05 0.00110112
0.895 7.60237e-05 0.00109197
0.9 7.50291e-05 0.00111097
0.905 7.79147e-05 0.001132
0.91 7.79583e-05 0.00111804
0.915 7.79093e-05 0.00113695
0.92 8.68998e-05 0.00114512
0.925 7.9009e-05 0.00113709
0.93 7.89465e-05 0.00112703
0.935 7.80828e-05 0.00113888
0.94 8.20134e-05 0.001093
0.945 7.70052e-05 0.001099
0.95 7.89043e-05 0.00109599
0.955 7.69491e-05 0.00108794
0.96 7.5915e-05 0.0011531
0.965 7.79778e-05 0.00109701
0.97 8.60594e-05 0.00110004
0.975 8.79641e-05 0.00110503
0.98 8.40608e-05 0.00109595
0.985 7.49069e-05 0.00107109
0.99 8.51082e-05 0.00107799
0.995 7.50277e-05 0.00107697
1 8.70522e-05 0.00107703
1.005 7.41107e-05 0.00108196
1.01 7.61161e-05 0.00109911
1.015 7.61078e-05 0.00106905
1.02 7.40545e-05 0.00106695
1.025 7.80937e-05 0.00107489
1.03 7.5881e-05 0.00107206
1.035 7.39202e-05 0.00107006
1.04 7.61054e-05 0.00112705
1.045 8.11151e-05 0.00110105
1.05 7.90006e-05 0.00108208
1.055 7.70127e-05 0.00111205
1.06 7.9931e-05 0.00108506
1.065 7.99296e-05 0.00107511
1.07 7.58953e-05 0.00107489
1.075 7.61132e-05 0.0010751
1.08 7.60462e-05 0.00111799
1.085 7.69114e-05 0.0011019
1.09 7.59031e-05 0.00108709
1.095 7.69943e-05 0.00107099
1.1 7.408e-05 0.00106993
1.105 7.59803e-05 0.00110997
1.11 7.61042e-05 0.00111705
1.115 7.6983e-05 0.00108902
1.12 7.59951e-05 0.00113494
1.125 8.29381e-05 0.00110001
1.13 7.91152e-05 0.00110296
1.135 7.99544e-05 0.00111908
1.14 7.7919e-05 0.00111696
1.145 7.90361e-05 0.00110888
1.15 7.90211e-05 0.0011431
1.155 8.00975e-05 0.00116499
1.16 8.30473e-05 0.00115808
1.165 9.10028e-05 0.00115197
1.17 8.19921e-05 0.00117602
1.175 8.31137e-05 0.00115791
1.18 8.09776e-05 0.00120496
1.185 8.81047e-05 0.00115989
1.19 8.29088e-05 0.00116994
1.195 8.39377e-05 0.00115501
1.2 8.204e-05 0.00121202
1.205 8.41072e-05 0.00115395
1.21 8.10706e-05 0.00116105
1.215 8.29741e-05 0.001163
1.22 8.19239e-05 0.00115291
1.225 8.09404e-05 0.00115112
1.23 8.30959e-05 0.00113289
1.235 8.60401e-05 0.00114597
1.24 8.30566e-05 0.00119689
1.245 8.20979e-05 0.00114489
1.25 8.58827e-05 0.0011381
1.255 8.20982e-05 0.00113008
1.26 8.19961e-05 0.00115398
1.265 8.40113e-05 0.0011429
1.27 8.40279e-05 0.0011361
1.275 8.20048e-05 0.00116299
1.28 8.39275e-05 0.001182
1.285 8.29891e-05 0.00114002
1.29 8.20656e-05 0.00114205
1.295 8.19962e-05 0.00115998
1.3 8.69388e-05 0.00114196
1.305 8.0909e-05 0.00114089
1.31 8.2078e-05 0.00113906
1.315 8.10155e-05 0.00110695
1.32 9.10116e-05 0.00114594
1.325 8.10146e-05 0.00112195
1.33 8.10719e-05 0.00119206
1.335 0.000101986 0.00124394
1.34 8.29326e-05 0.00111596
1.345 8.10893e-05 0.00110607
1.35 7.98822e-05 0.00111901
1.355 8.00389e-05 0.00116398
1.36 8.29888e-05 0.00110707
1.365 8.01127e-05 0.00112805
1.37 8.40105e-05 0.00112209
1.375 8.39153e-05 0.00111399
1.38 8.30189e-05 0.0011131
1.385 8.10829e-05 0.00113502
1.39 8.3974e-05 0.00111005
1.395 8.08991e-05 0.00113908
1.4 8.70669e-05 0.00113104
1.405 8.90971e-05 0.00111993
1.41 8.60807e-05 0.00127601
1.415 9.40054e-05 0.00109807
1.42 7.98842e-05 0.00111406
1.425 8.1094e-05 0.00109203
1.43 8.49535e-05 0.00112108
1.435 8.29577e-05 0.00119103
1.44 8.81052e-05 0.00110689
1.445 8.19839e-05 0.00112197
1.45 8.19417e-05 0.00113497
1.455 8.30644e-05 0.00111109
1.46 8.00223e-05 0.00110291
1.465 7.89609e-05 0.00107409
1.47 7.8894e-05 0.00106598
1.475 7.90259e-05 0.00108792
1.48 0.00010303 0.00111903
1.485 8.70996e-05 0.00118388
1.49 8.9055e-05 0.00117789
1.495 8.5971e-05 0.0011909
1.5 8.60189e-05 0.00117695
1.505 8.78953e-05 0.00119497
1.51 8.69829e-05 0.00120096
1.515 8.7971e-05 0.00124399
1.52 8.89444e-05 0.00120101
1.525 9.89258e-05 0.00119903
1.53 8.7993e-05 0.00119302
1.535 8.68953e-05 0.00120511
1.54 8.70088e-05 0.00120603
1.545 8.80297e-05 0.0012221
1.55 8.80038e-05 0.00123003
1.555 8.81025e-05 0.00118989
1.56 8.59449e-05 0.00115711
1.565 8.40406e-05 0.00116812
1.57 8.60693e-05 0.00116605
1.575 8.79061e-05 0.00116098
1.58 8.49419e-05 0.00116411
1.585 8.81165e-05 0.00116895
1.59 8.89465e-05 0.00121106
1.595 9.19075e-05 0.00119712
1.6 9.10278e-05 0.001212
1.605 8.90882e-05 0.00119392
1.61 8.69374e-05 0.00118896
1.615 8.80713e-05 0.0012169
1.62 8.89397e-05 0.00119801
1.625 8.70735e-05 0.00118305
1.63 8.69895e-05 0.00122497
1.635 8.799e-05 0.00118801
1.64 8.7038e-05 0.00118702
1.645 8.90397e-05 0.00120792
1.65 9.00606e-05 0.00123994
1.655 9.40803e-05 0.00123991
1.66 9.49474e-05 0.0012161
1.665 9.60993e-05 0.00127902
1.67 9.29189e-05 0.00124294
1.675 9.18854e-05 0.0012629
1.68 0.000106918 0.00126311
1.685 9.48829e-05 0.00129804
1.69 9.89996e-05 0.00131506
1.695 9.90496e-05 0.00135111
1.7 0.000100078 0.00139699
1.705 0.000104013 0.00138406
1.71 0.000113014 0.001451
1.715 0.000117992 0.00144102
1.72 0.000119925 0.00141505
1.725 0.000118937 0.00141297
1.73 0.000119963 0.00149308
1.735 0.00012292 0.0014599
1.74 0.00013011 0.00147198
1.745 0.000121902 0.00153907
1.75 0.000124082 0.0015721
1.755 0.000127083 0.00161005
1.76 0.000137109 0.00165906
1.765 0.000136053 0.00171896
1.77 0.000129922 0.00169203
1.775 0.000129985 0.00167005
1.78 0.000127943 0.00170196
1.785 0.000129091 0.00167811
1.79 0.000165029 0.00171909
1.795 0.000131057 0.00168197
1.8 0.000130087 0.00172696
1.805 0.000131943 0.0017171
1.81 0.000132018 0.00170593
1.815 0.00013806 0.00175702
1.82 0.000133014 0.00170598
1.825 0.000133036 0.00174004
1.83 0.000142964 0.00178091
1.835 0.000141116 0.00179702
1.84 0.000138108 0.00182011
1.845 0.000136921 0.00171812
1.85 0.000131029 0.0016819
1.855 0.000127105 0.00169207
1.86 0.000129029 0.00162204
1.865 0.000138081 0.00166704
1.87 0.000135918 0.00162702
1.875 0.00012791 0.00158412
1.88 0.000126884 0.00161309
1.885 0.000128009 0.00162898
1.89 0.000126921 0.00163589
1.895 0.000136984 0.00171089
1.9 0.000129059 0.00175288
1.905 0.000145058 0.0017091
1.91 0.000125887 0.001623
1.915 0.000127098 0.00162402
1.92 0.000148978 0.00165401
1.925 0.000127955 0.00158992
1.93 0.000131008 0.00163192
1.935 0.000135946 0.00163705
1.94 0.000133924 0.00162793
1.945 0.000129115 0.00169994
1.95 0.000133965 0.00163697
1.955 0.000126103 0.00163498
1.96 0.000126048 0.00160097
1.965 0.000126955 0.00163612
1.97 0.000127099 0.00164702
1.975 0.000150978 0.00180306
1.98 0.000139089 0.00175909
1.985 0.000129096 0.00171411
1.99 0.000126939 0.00161291
1.995 0.000125117 0.00152195
2 0.000129889 0.001539
2.005 0.000129957 0.00152802
2.01 0.000125098 0.00150793
2.015 0.000129995 0.0015501
2.02 0.00012891 0.00153793
2.025 0.000128084 0.00160605
2.03 0.000130056 0.00150112
2.035 0.000122993 0.00146897
2.04 0.000124083 0.00150711
2.045 0.000127066 0.00146799
2.05 0.000123911 0.00146993
2.055 0.000116948 0.00149488
2.06 0.000116912 0.00145389
2.065 0.000115983 0.00147211
2.07 0.000115034 0.00146512
2.075 0.000112098 0.00144004
2.08 0.000115958 0.00144409
2.085 0.000114089 0.00141689
2.09 0.000143995 0.00143599
2.095 0.000112106 0.00141305
2.1 0.000111907 0.00141609
2.105 0.000111086 0.00142203
2.11 0.000113019 0.00147901
2.115 0.000113917 0.00145895
2.12 0.000120896 0.00150906
2.125 0.000114886 0.00147097
2.13 0.00011189 0.00139107
2.135 0.00011195 0.00142794
2.14 0.000112115 0.00142906
2.145 0.000112896 0.00142289
2.15 0.000112114 0.0014901
2.155 0.000121031 0.00143396
2.16 0.000113931 0.00144901
2.165 0.000117094 0.00143603
2.17 0.000117093 0.00143203
2.175 0.0001189 0.00142693
2.18 0.000116045 0.00145793
2.185 0.000113982 0.00138502
2.19 0.000114996 0.00139208
2.195 0.000111109 0.00138801
2.2 0.000110097 0.00141295
2.205 0.000117083 0.00139207
2.21 0.000115044 0.00142189
2.215 0.000132945 0.00147391
2.22 0.000114015 0.00143805
2.225 0.000112921 0.00142291
2.23 0.000112 0.00141194
2.235 0.000112994 0.00142098
2.24 0.000131026 0.00160194
2.245 0.000119112 0.00162195
2.25 0.000115091 0.00143893
2.255 0.000112997 0.00141399
2.26 0.000113049 0.00142804
2.265 0.000119894 0.00141902
2.27 0.000112105 0.00143705
2.275 0.000113065 0.0014841
2.28 0.000120896 0.00142002
2.285 0.000116955 0.00142689
2.29 0.000119014 0.00139309
2.295 0.000113021 0.00139706
2.3 0.000114074 0.00140192
2.305 0.000118 0.00146298
2.31 0.000113058 0.00140005
2.315 0.000109025 0.00138111
2.32 0.000107066 0.00135802
2.325 0.000108002 0.00139504
2.33 0.000105883 0.00138803
2.335 0.000105924 0.00141207
2.34 0.00011501 0.00145209
2.345 0.000116074 0.00139501
2.35 0.000121081 0.00135396
2.355 0.000105096 0.00135195
2.36 0.000103946 0.001384
2.365 0.000106894 0.00136508
2.37 0.000106928 0.00135212
2.375 0.000119901 0.00138398
2.38 0.000106001 0.0013579
2.385 0.00010289 0.00136589
2.39 0.000103958 0.00132801
2.395 0.000103081 0.00132708
2.4 0.000103918 0.00134497
2.405 0.000103967 0.00137202
2.41 0.000106074 0.00135298
2.415 0.00010911 0.00133496
2.42 0.00010592 0.00133406
2.425 0.000104883 0.00134398
2.43 0.000106117 0.00133202
2.435 0.000107934 0.00134593
2.44 0.000105923 0.00139311
2.445 0.000107983 0.00133798
2.45 0.000101039 0.00130595
2.455 0.000101096 0.00129501
2.46 9.99807e-05 0.00130289
2.465 9.9998e-05 0.0013371
2.47 0.000102014 0.00129902
2.475 0.000100084 0.00135299
2.48 0.000102888 0.00128689
2.485 0.000101104 0.00125501
2.49 9.89442e-05 0.00125
2.495 9.69898e-05 0.00124895
2.5 9.59428e-05 0.0012561
2.505 9.6889e-05 0.00124709
2.51 9.50871e-05 0.001305
2.515 9.80049e-05 0.00122202
2.52 9.40914e-05 0.00125392
2.525 9.58986e-05 0.00122605
2.53 9.40313e-05 0.0012239
2.535 9.49787e-05 0.00122809
2.54 0.000101105 0.00122702
2.545 9.4939e-05 0.00128505
2.55 9.68907e-05 0.00123609
2.555 9.20031e-05 0.00117202
2.56 9.20511e-05 0.00117902
2.565 9.10134e-05 0.00119394
2.57 9.39483e-05 0.00118301
2.575 9.30427e-05 0.00119111
2.58 9.40704e-05 0.0012189
2.585 9.49511e-05 0.00120506
2.59 9.39121e-05 0.00113698
2.595 8.89749e-05 0.00115109
2.6 8.99248e-05 0.00113304
2.605 8.90011e-05 0.00112807
2.61 8.59455e-05 0.00111292
2.615 8.59563e-05 0.00111489
2.62 8.59672e-05 0.0010909
2.625 8.40122e-05 0.00114909
2.63 8.70219e-05 0.00109
2.635 8.30668e-05 0.00108991
2.64 8.29264e-05 0.00107496
2.645 8.39712e-05 0.00108009
2.65 8.28906e-05 0.00107192
2.655 8.3009e-05 0.00106704
2.66 8.60675e-05 0.001064
2.665 8.20005e-05 0.00108398
2.67 8.01054e-05 0.00101204
2.675 7.70272e-05 0.00102006
2.68 7.69424e-05 0.00101193
2.685 7.69173e-05 0.00101291
2.69 7.60844e-05 0.000991029
2.695 7.39476e-05 0.000984038
2.7 7.49961e-05 0.000977941
2.705 7.39259e-05 0.000978016
2.71 7.20016e-05 0.001025
2.715 7.49427e-05 0.000967079
2.72 7.0032e-05 0.000944983
2.725 6.81088e-05 0.000927921
2.73 6.89212e-05 0.000933018
2.735 8.60958e-05 0.000919027
2.74 6.29015e-05 0.000720959
2.745 6.19065e-05 0.000687918
2.75 6.11049e-05 0.000701116
2.755 6.09054e-05 0.000686109
2.76 6.00641e-05 0.000731029
2.765 6.2963e-05 0.00068702
2.77 6.10687e-05 0.000684033
2.775 6.00885e-05 0.000690053
2.78 6.00946e-05 0.000685013
2.785 5.89223e-05 0.000685033
2.79 6.28958e-05 0.000916
2.795 6.5974e-05 0.000934932
2.8 6.61106e-05 0.000968069
2.805 6.79152e-05 0.000920966
2.81 6.5026e-05 0.000927984
2.815 6.48848e-05 0.000986081
2.82 6.89005e-05 0.000920998
2.825 6.59119e-05 0.000921108
2.83 6.49764e-05 0.000920888
2.835 6.40409e-05 0.000924953
2.84 6.5006e-05 0.000916918
2.845 6.39845e-05 0.000930088
2.85 6.49428e-05 0.000916093
2.855 6.70209e-05 0.000920025
2.86 6.2039e-05 0.000914096
2.865 6.19318e-05 0.000967989
2.87 6.39283e-05 0.000947078
2.875 6.39589e-05 0.000914063
2.88 6.1898e-05 0.000912909
2.885 6.19366e-05 0.000916948
2.89 6.19219e-05 0.000917933
2.895 6.20463e-05 0.000922057
2.9 6.21176e-05 0.00091389
2.905 6.20035e-05 0.000916015
2.91 6.10353e-05 0.000919
2.915 6.20671e-05 0.000959078
2.92 6.30839e-05 0.000914903
2.925 6.091e-05 0.000914113
2.93 6.09485e-05 0.000919913
2.935 6.08809e-05 0.000911892
2.94 6.11047e-05 0.00091907
2.945 6.2037e-05 0.000926048
2.95 6.40947e-05 0.00095396
2.955 6.51117e-05 0.000920023
2.96 6.0984e-05 0.000926949
2.965 7.11004e-05 0.000920052
2.97 6.60655e-05 0.000915023
2.975 6.10441e-05 0.000914009
2.98 6.08906e-05 0.000912094
2.985 6.00748e-05 0.000917993
2.99 6.0014e-05 0.000912932
2.995 6.99857e-05 0.000934891
3 6.29767e-05 0.000930034
3.005 6.18955e-05 0.000944907
3.01 6.2926e-05 0.000975983
3.015 6.40616e-05 0.000929927
3.02 6.10729e-05 0.000926084
3.025 6.20447e-05 0.000960056
3.03 6.30617e-05 0.000930119
3.035 6.1881e-05 0.000931892
3.04 6.1985e-05 0.000941996
3.045 6.30224e-05 0.000967888
3.05 6.31183e-05 0.000939984
3.055 6.1924e-05 0.000929935
3.06 6.00811e-05 0.000984046
3.065 6.71105e-05 0.000926923
3.07 6.09298e-05 0.000940895
3.075 6.19739e-05 0.000936985
3.08 6.21106e-05 0.000933883
3.085 6.09695e-05 0.000931981
3.09 6.08814e-05 0.000940085
3.095 6.29255e-05 0.000930983
3.1 6.10759e-05 0.000957041
3.105 6.19075e-05 0.000929919
3.11 6.00183e-05 0.000980983
3.115 6.3008e-05 0.000931066
3.12 6.09731e-05 0.000938938
3.125 6.09246e-05 0.000926889
3.13 6.10885e-05 0.000928053
3.135 6.00604e-05 0.000934025
3.14 6.19723e-05 0.000935983
3.145 6.09305e-05 0.000927895
3.15 5.99023e-05 0.000929059
3.155 5.99601e-05 0.000976117
3.16 6.30821e-05 0.000933947
3.165 6.10403e-05 0.000928005
3.17 6.00121e-05 0.000930931
3.175 6.00766e-05 0.000932995
3.18 5.98959e-05 0.000951099
3.185 6.21185e-05 0.000936891
3.19 5.9931e-05 0.000929896
3.195 6.10881e-05 0.000936053
3.2 6.19006e-05 0.000935912
3.205 6.09516e-05 0.000982916
3.21 6.50272e-05 0.000935939
3.215 6.19255e-05 0.000945983
3.22 6.10555e-05 0.000927067
3.225 6.21132e-05 0.000956886
3.23 6.20375e-05 0.000936049
3.235 6.08963e-05 0.0009321
3.24 6.10998e-05 0.000928065
3.245 6.00716e-05 0.000929036
3.25 6.00897e-05 0.000929008
3.255 6.11012e-05 0.000995112
3.26 6.31169e-05 0.000931982
3.265 6.09361e-05 0.000927901
3.27 5.9908e-05 0.000939111
3.275 6.10516e-05 0.000926016
3.28 5.99771e-05 0.000935896
3.285 6.18822e-05 0.000940893
3.29 6.0959e-05 0.000940924
3.295 6.09501e-05 0.000928915
3.3 5.99682e-05 0.000926933
3.305 6.50261e-05 0.000934938
3.31 5.99313e-05 0.000933088
3.315 5.98964e-05 0.000951053
3.32 6.2119e-05 0.000943892
3.325 6.20637e-05 0.000928075
3.33 5.98897e-05 0.000929047
3.335 5.99541e-05 0.00119592
3.34 6.2983e-05 0.000988041
3.345 6.29593e-05 0.000929063
3.35 6.19243e-05 0.000935936
3.355 6.60216e-05 0.00093298
3.36 6.1973e-05 0.00094103
3.365 6.81097e-05 0.000932922
3.37 6.09945e-05 0.000945959
3.375 6.19324e-05 0.00093299
3.38 6.10828e-05 0.000935048
3.385 6.2041e-05 0.000987052
3.39 6.61099e-05 0.000939068
3.395 6.21008e-05 0.00095192
3.4 6.39788e-05 0.000930891
3.405 6.19835e-05 0.000931995
3.41 6.10411e-05 0.000941006
3.415 6.20389e-05 0.00093005
3.42 5.99113e-05 0.000929115
3.425 6.08831e-05 0.000928086
3.43 5.99476e-05 0.000940912
3.435 6.10912e-05 0.000984056
3.44 6.30674e-05 0.000927886
3.445 5.98935e-05 0.00093405
3.45 6.09511e-05 0.000949962
3.455 6.19354e-05 0.000936946
3.46 6.10326e-05 0.000933997
3.465 6.0044e-05 0.000969962
3.47 6.30009e-05 0.000948105
3.475 6.19389e-05 0.000926996
3.48 6.20497e-05 0.000937061
3.485 6.19085e-05 0.00099492
3.49 6.59638e-05 0.000934968
3.495 6.30543e-05 0.000929112
3.5 6.09267e-05 0.000927891
3.505 6.0991e-05 0.000965956
3.51 6.3895e-05 0.000937999
3.515 6.30849e-05 0.000931904
3.52 6.21038e-05 0.000933115
3.525 6.20621e-05 0.000931073
3.53 6.19808e-05 0.000981992
3.535 6.51096e-05 0.000931021
3.54 6.19289e-05 0.00093894
3.545 6.31188e-05 0.000951938
3.55 6.41173e-05 0.000939029
3.555 6.29693e-05 0.000930027
3.56 6.19807e-05 0.000933992
3.565 6.30846e-05 0.000928904
3.57 6.49107e-05 0.000945061
3.575 6.60939e-05 0.000962052
3.58 7.10508e-05 0.001026
3.585 7.00586e-05 0.00098601
3.59 6.88822e-05 0.000986026
3.595 6.80438e-05 0.000999094
3.6 7.10923e-05 0.00097809
3.605 6.79228e-05 0.000978973
3.61 6.79588e-05 0.00097901
3.615 6.70413e-05 0.000985046
3.62 7.30366e-05 0.000982081
3.625 6.79134e-05 0.00103001
3.63 7.19144e-05 0.000988912
3.635 7.40747e-05 0.000994973
3.64 7.08848e-05 0.00100488
3.645 7.29196e-05 0.000995964
3.65 7.10608e-05 0.00100906
3.655 7.39691e-05 0.000996059
3.66 7.10177e-05 0.000992969
3.665 7.1934e-05 0.00102398
3.67 7.28953e-05 0.00106494
3.675 7.70872e-05 0.00101508
3.68 7.29165e-05 0.00103996
3.685 7.39965e-05 0.00102609
3.69 8.50506e-05 0.00101298
3.695 7.41046e-05 0.00101096
3.7 7.30865e-05 0.00102294
3.705 7.40478e-05 0.00103695
3.71 7.60353e-05 0.00101698
3.715 7.69572e-05 0.00106399
3.72 7.79501e-05 0.00102199
3.725 7.49974e-05 0.0010099
3.73 7.40255e-05 0.00101812
3.735 7.61191e-05 0.00102206
3.74 7.40805e-05 0.00101298
3.745 7.49629e-05 0.0010101
3.75 7.49447e-05 0.00101408
3.755 7.39197e-05 0.00103901
3.76 8.9959e-05 0.00102688
3.765 7.69859e-05 0.00101998
3.77 7.78942e-05 0.00102098
3.775 8.59946e-05 0.00104693
3.78 7.99018e-05 0.00106508
3.785 8.19343e-05 0.00108592
3.79 8.39328e-05 0.00108901
3.795 8.40635e-05 0.0010719
3.8 8.00892e-05 0.00112398
3.805 8.19013e-05 0.00108589
3.81 8.10524e-05 0.00106899
3.815 8.10386e-05 0.00107598
3.82 8.29648e-05 0.001098
3.825 8.39566e-05 0.00113308
3.83 8.60398e-05 0.00111097
3.835 8.40112e-05 0.0011119
3.84 8.49826e-05 0.00115811
3.845 8.69324e-05 0.00110696
3.85 8.8005e-05 0.00111403
3.855 8.70622e-05 0.00110904
3.86 8.69873e-05 0.00118596
3.865 0.000102896 0.0011479
3.87 8.9071e-05 0.0011289
3.875 8.80616e-05 0.00113909
3.88 8.78928e-05 0.00114192
3.885 8.8055e-05 0.00113008
3.89 9.89462e-05 0.00113805
3.895 8.89491e-05 0.00113907
3.9 9.09657e-05 0.00121089
3.905 9.20261e-05 0.001161
3.91 9.2916e-05 0.00119993
3.915 9.89763e-05 0.00117403
3.92 9.6978e-05 0.00118699
3.925 9.80588e-05 0.00124407
3.93 0.000106065 0.00126397
3.935 9.99377e-05 0.00125409
3.94 0.000103109 0.00131111
3.945 0.000104112 0.00133292
3.95 0.000111089 0.00140703
3.955 0.00010595 0.00140209
3.96 0.000105924 0.00138511
3.965 0.000105111 0.00142301
3.97 0.000115945 0.00148707
3.975 0.000115015 0.0014219
3.98 0.000108994 0.00168704
3.985 0.000120905 0.00142303
3.99 0.000121102 0.00145799
3.995 0.000114067 0.00141591
4 0.000117994 0.00156898
4.005 0.00011691 0.00148089
4.01 0.000114039 0.00152208
4.015 0.000113883 0.00152292
4.02 0.000113952 0.00151003
4.025 0.000114955 0.00157808
4.03 0.000117055 0.00156499
4.035 0.000117077 0.00155401
4.04 0.000124952 0.00154302
4.045 0.000116994 0.00154398
4.05 0.000117042 0.00154998
4.055 0.000117991 0.00154502
4.06 0.000118887 0.00155192
4.065 0.000118067 0.0015571
4.07 0.000118049 0.00156508
4.075 0.000118971 0.001559
4.08 0.000118092 0.00154388
4.085 0.000120987 0.00158692
4.09 0.000120067 0.00158895
4.095 0.000124044 0.00159811
4.1 0.000125104 0.00168793
4.105 0.000135087 0.0017329
4.11 0.000125904 0.00172206
4.115 0.000126886 0.00179205
4.12 0.000126965 0.00176389
4.125 0.000128986 0.001952
4.13 0.000131987 0.0018499
4.135 0.000142886 0.00217407
4.14 0.000138091 0.00199109
4.145 0.000145004 0.00207605
4.15 0.00014504 0.00206589
4.155 0.000146923 0.0020861
4.16 0.000143078 0.00198307
4.165 0.000135918 0.00206602
4.17 0.000136942 0.00206909
4.175 0.000145044 0.00207009
4.18 0.000142895 0.00205389
4.185 0.000136071 0.00208798
4.19 0.000140922 0.00208402
4.195 0.000141918 0.00213111
4.2 0.000141893 0.00211303
4.205 0.000143987 0.00205603
4.21 0.00014011 0.00207797
4.215 0.000141014 0.00211892
4.22 0.00014391 0.0021659
4.225 0.000145923 0.00223701
4.23 0.000146079 0.00221893
4.235 0.00015699 0.00235911
4.24 0.000163089 0.00222206
4.245 0.000215933 0.00239893
4.25 0.000163075 0.00217204
4.255 0.000144961 0.00218005
4.26 0.000155086 0.00217911
4.265 0.000152966 0.00215195
4.27 0.000143992 0.00224499
4.275 0.00014595 0.00224504
4.28 0.0001451 0.0022109
4.285 0.000142919 0.00216691
4.29 0.000162946 0.00223911
4.295 0.000149922 0.00228596
4.3 0.000148104 0.00226805
4.305 0.000145881 0.00231502
4.31 0.000153982 0.00233096
4.315 0.000148096 0.00227504
4.32 0.000159038 0.00229406
4.325 0.000163987 0.00241395
4.33 0.000165898 0.00244196
4.335 0.000156927 0.00233909
4.34 0.00014898 0.00233397
4.345 0.000156987 0.00231392
4.35 0.000173975 0.00244993
4.355 0.000152037 0.00238397
4.36 0.000167037 0.00242391
4.365 0.0001691 0.00243606
4.37 0.000167997 0.00245591
4.375 0.000183893 0.00243207
4.38 0.000187101 0.00261094
4.385 0.000181945 0.00254403
4.39 0.00018705 0.00252389
4.395 0.000183976 0.00243996
4.4 0.000175084 0.00248909
4.405 0.000171099 0.00247896
4.41 0.000170035 0.00254804
4.415 0.000171113 0.00243093
4.42 0.000168064 0.00244498
4.425 0.000170908 0.00256101
4.43 0.000176899 0.00253899
4.435 0.000174031 0.00262399
4.44 0.000189974 0.002759
4.445 0.000205899 0.00277991
4.45 0.000199067 0.00276899
4.455 0.000196025 0.00273604
4.46 0.000190997 0.00256707
4.465 0.000178015 0.00250192
4.47 0.000185996 0.00242903
4.475 0.000172117 0.00248103
4.48 0.000170999 0.0024891
4.485 0.000170014 0.00247407
4.49 0.000169956 0.00244896
4.495 0.000174926 0.00261193
4.5 0.000182896 0.00256203
4.505 0.000192921 0.00255809
4.51 0.000182117 0.00256997
4.515 0.000185089 0.00255088
4.52 0.000175948 0.002581
4.525 0.000184913 0.00248395
4.53 0.000175106 0.00254511
4.535 0.000176993 0.00267089
4.54 0.000179948 0.00278794
4.545 0.000178118 0.00273007
4.55 0.000178893 0.00273089
4.555 0.000177899 0.00265109
4.56 0.000177067 0.00268492
4.565 0.000185995 0.00261607
4.57 0.000185945 0.00288102
4.575 0.000188105 0.00267499
4.58 0.000203045 0.00267796
4.585 0.000192065 0.00275895
4.59 0.000193996 0.00272692
4.595 0.000185082 0.00279307
4.6 0.000181907 0.00280099
4.605 0.000184052 0.00272599
4.61 0.000180965 0.00271201
4.615 0.000179091 0.00266409
4.62 0.000177954 0.0026539
4.625 0.000180115 0.00276892
4.63 0.000191908 0.00271498
4.635 0.000189953 0.00266893
4.64 0.000186113 0.00266195
4.645 0.000178916 0.0026251
4.65 0.000187912 0.00254409
4.655 0.000191001 0.00268503
4.66 0.000158008 0.00253698
4.665 0.000165935 0.002615
4.67 0.000166025 0.00254009
4.675 0.000163933 0.00253695
4.68 0.000165893 0.002604
4.685 0.00016895 0.00258191
4.69 0.0001881 0.00261103
4.695 0.000178958 0.00260495
4.7 0.000177935 0.00256288
4.705 0.00017992 0.00260491
4.71 0.00016791 0.00259606
4.715 0.000194915 0.00252393
4.72 0.000181079 0.00253988
4.725 0.000168959 0.00252792
4.73 0.000176118 0.00252397
4.735 0.000166032 0.00244209
4.74 0.000162022 0.00237594
4.745 0.000166922 0.00237003
4.75 0.000159954 0.00233597
4.755 0.000158908 0.00232188
4.76 0.000161882 0.002382
4.765 0.000176039 0.00244089
4.77 0.000176909 0.00245305
4.775 0.000195991 0.00252606
4.78 0.000175003 0.00248805
4.785 0.00016811 0.00260202
4.79 0.000177955 0.00260409
4.795 0.000169031 0.00244499
4.8 0.000164015 0.00243698
4.805 0.000163972 0.00249999
4.81 0.000163033 0.00245
4.815 0.000162923 0.00243608
4.82 0.000161119 0.00231499
4.825 0.000162108 0.00232398
4.83 0.000163076 0.00243804
4.835 0.000162026 0.00237795
4.84 0.000166919 0.00248103
4.845 0.000168047 0.00248696
4.85 0.000178962 0.00254796
4.855 0.000175921 0.00248097
4.86 0.000172982 0.00238189
4.865 0.00016798 0.00233294
4.87 0.000160106 0.00231889
4.875 0.000159087 0.00237206
4.88 0.000176112 0.00240092
4.885 0.000167897 0.00238305
4.89 0.000161968 0.00239508
4.895 0.000158987 0.00237896
4.9 0.000160032 0.0023691
4.905 0.000181039 0.00251589
4.91 0.000178046 0.00272895
4.915 0.000177959 0.00271491
4.92 0.000177032 0.00255989
4.925 0.000194078 0.00242801
4.93 0.000165909 0.00256097
4.935 0.000175106 0.00259192
4.94 0.000189931 0.00258896
4.945 0.000176093 0.00244995
4.95 0.000178036 0.00244694
4.955 0.000164005 0.00248997
4.96 0.00017292 0.00243111
4.965 0.000164056 0.00232802
4.97 0.000160109 0.00234389
4.975 0.000158057 0.00236803
4.98 0.000159023 0.002386
4.985 0.000158034 0.00233001
4.99 0.000157002 0.00233993
4.995 0.000161002 0.00237107
5 0.000159001 0.00236598
5.005 0.00016006 0.00239889
5.01 0.000173091 0.00235
5.015 0.000170044 0.0023901
5.02 0.000173928 0.00237193
5.025 0.000160006 0.00239107
5.03 0.000171058 0.00239011
5.035 0.000175916 0.00239996
5.04 0.000164887 0.0025099
5.045 0.000163981 0.00249195
5.05 0.000163995 0.00248296
5.055 0.000162984 0.00248495
5.06 0.000162059 0.00242498
5.065 0.000171075 0.00245094
5.07 0.000161998 0.00237011
5.075 0.000159951 0.00237897
5.08 0.00016089 0.00237796
5.085 0.000167915 0.00239907
5.09 0.000168045 0.00260501
5.095 0.000173075 0.00248598
5.1 0.000163905 0.00244711
5.105 0.000175113 0.00242911
5.11 0.000163017 0.00280298
5.115 0.000169087 0.00243309
5.12 0.000161978 0.00245009
5.125 0.000177961 0.0024921
5.13 0.000162915 0.00248188
5.135 0.000162903 0.00247511
5.14 0.000166044 0.00243691
5.145 0.000176106 0.00240796
5.15 0.000168964 0.00227893
5.155 0.000183972 0.00231996
5.16 0.000163091 0.00232601
5.165 0.000155913 0.00233599
5.17 0.000167045 0.00237091
5.175 0.000158002 0.00232198
5.18 0.000161977 0.00239009
5.185 0.000157909 0.00237908
5.19 0.000156954 0.00239008
5.195 0.000181079 0.00269188
5.2 0.000198043 0.00270396
5.205 0.000175957 0.00253005
5.21 0.000154049 0.00232308
5.215 0.000156885 0.00237601
5.22 0.000168963 0.00238992
5.225 0.000159 0.00226698
5.23 0.00017489 0.00222289
5.235 0.000152933 0.00221811
5.24 0.000157904 0.00224507
5.245 0.000166013 0.00226488
5.25 0.000153102 0.00233608
5.255 0.000155924 0.002371
5.26 0.000153936 0.00237796
5.265 0.000154988 0.00236902
5.27 0.000155008 0.00239404
5.275 0.000155892 0.00239997
5.28 0.000159049 0.00261007
5.285 0.000172053 0.00263892
5.29 0.00017505 0.0026451
5.295 0.000175892 0.00240994
5.3 0.000161949 0.00228306
5.305 0.000158911 0.00216093
5.31 0.000150956 0.00216304
5.315 0.00014697 0.0021831
5.32 0.000158942 0.00217192
5.325 0.000155967 0.00218304
5.33 0.000148986 0.00217097
5.335 0.000148092 0.00215803
5.34 0.000146072 0.00215692
5.345 0.000142913 0.0021271
5.35 0.000183033 0.00225097
5.355 0.000147068 0.00218196
5.36 0.0001649 0.00213091
5.365 0.00014698 0.00212792
5.37 0.000165981 0.00215409
5.375 0.000151967 0.00208609
5.38 0.000147114 0.00193606
5.385 0.000143095 0.00195704
5.39 0.000141917 0.00193606
5.395 0.00013611 0.00195197
5.4 0.000143991 0.00194499
5.405 0.000147005 0.0019289
5.41 0.000143987 0.00192598
5.415 0.000136095 0.00193696
5.42 0.00013401 0.00192002
5.425 0.000133906 0.00192391
5.43 0.000135034 0.00195209
5.435 0.000135015 0.00192907
5.44 0.00013299 0.00187895
5.445 0.000132086 0.001889
5.45 0.00013097 0.00183808
5.455 0.000128981 0.001811
5.46 0.000124927 0.001688
5.465 0.000132083 0.001674
5.47 0.00012302 0.00169904
5.475 0.000125884 0.001679
5.48 0.000123007 0.00185998
5.485 0.00012511 0.00167699
5.49 0.000117915 0.0016709
5.495 0.000119071 0.0015811
5.5 0.000123959 0.00155198
5.505 0.000112027 0.00155202
5.51 0.000122001 0.00152893
5.515 0.000114103 0.00157595
5.52 0.000117918 0.00164395
5.525 0.000117923 0.00165191
5.53 0.000118107 0.00166109
5.535 0.000116946 0.00160688
5.54 0.000113052 0.00154304
5.545 0.000111014 0.00153791
5.55 0.000111057 0.001412
5.555 0.000105103 0.00143096
5.56 0.00010599 0.00142694
5.565 0.00010601 0.00141791
5.57 0.000105102 0.00142496
5.575 0.000106897 0.00142009
5.58 0.000109015 0.00141906
5.585 0.000110048 0.0014229
5.59 0.000109074 0.00142812
5.595 0.000111047 0.00142794
5.6 0.00010906 0.0014161
5.605 0.000104006 0.00143706
5.61 0.000105072 0.00144398
5.615 0.000105078 0.00141694
5.62 0.000103886 0.00141894
5.625 0.000102932 0.00142194
5.63 0.000110965 0.0014241
5.635 0.000108984 0.00142207
5.64 0.000113017 0.00138401
5.645 0.000102905 0.00139091
5.65 0.000113986 0.00138302
5.655 0.000100927 0.00140988
5.66 0.000102894 0.00140294
5.665 0.000101107 0.00138706
5.67 9.91082e-05 0.00132693
5.675 0.00012597 0.00158009
5.68 0.000100911 0.00129806
5.685 9.70345e-05 0.001313
5.69 9.70913e-05 0.00127005
5.695 9.59245e-05 0.00127208
5.7 9.40887e-05 0.00125691
5.705 9.48959e-05 0.00124501
5.71 0.000109955 0.00125004
5.715 9.79273e-05 0.00125498
5.72 9.70915e-05 0.0012581
5.725 9.69315e-05 0.0012509
5.73 0.00010807 0.00125307
5.735 9.6095e-05 0.00125401
5.74 9.39949e-05 0.00123406
5.745 9.09751e-05 0.00122395
5.75 9.10682e-05 0.00121999
5.755 8.98835e-05 0.001231
5.76 9.10162e-05 0.00123294
5.765 9.20495e-05 0.00123902
5.77 9.19302e-05 0.00123895
5.775 9.09962e-05 0.00125092
5.78 9.1956e-05 0.00122593
5.785 8.99892e-05 0.00120511
5.79 8.99107e-05 0.00120003
5.795 8.80378e-05 0.00118106
5.8 8.79536e-05 0.00115998
5.805 8.70425e-05 0.00115407
5.81 8.8946e-05 0.00116502
5.815 9.10212e-05 0.00119199
5.82 8.90093e-05 0.00115308
5.825 8.59658e-05 0.0011749
5.83 8.79416e-05 0.00115597
5.835 8.78915e-05 0.00115891
5.84 8.6934e-05 0.00114996
5.845 8.59899e-05 0.00116292
5.85 8.69194e-05 0.0011489
5.855 8.70749e-05 0.00115305
5.86 8.78858e-05 0.00119291
5.865 8.90727e-05 0.0011719
5.87 8.89559e-05 0.00120207
5.875 9.08909e-05 0.00120605
5.88 9.19118e-05 0.00124288
5.885 9.39778e-05 0.00126309
5.89 9.41093e-05 0.00125293
5.895 9.50623e-05 0.00127593
5.9 9.40808e-05 0.00129191
5.905 9.40788e-05 0.00153595
5.91 9.81148e-05 0.00129189
5.915 9.70599e-05 0.00133702
5.92 0.00010199 0.00133899
5.925 9.99598e-05 0.00137306
5.93 0.000100935 0.00138308
5.935 0.000100075 0.00138194
5.94 9.88914e-05 0.00139895
5.945 0.000102919 0.00142392
5.95 0.000113897 0.00140993
5.955 0.000103036 0.00143804
5.96 0.000103909 0.00144001
5.965 0.000109107 0.00141791
5.97 0.000112087 0.00140608
5.975 0.00010708 0.00139308
5.98 0.000108047 0.00142004
5.985 0.000117921 0.00140795
5.99 0.000111947 0.00139189
5.995 0.000112901 0.00137694
6 0.000109974 0.00137606
6.005 0.000114001 0.00139808
6.01 0.000101108 0.00138606
6.015 0.000100963 0.00138192
6.02 0.000100964 0.00139592
6.025 0.000104091 0.0014319
6.03 0.000102025 0.00138798
6.035 0.000102065 0.00139407
6.04 0.000103007 0.00144506
6.045 0.000109059 0.0014311
6.05 0.000112111 0.0014271
6.055 0.000110024 0.00145392
6.06 0.000115088 0.00142693
6.065 0.000103015 0.00143002
6.07 0.000104094 0.0014239
6.075 0.00010408 0.00145194
6.08 0.00010294 0.00142194
6.085 0.000103033 0.00142304
6.09 0.000103079 0.00149408
6.095 0.000104024 0.00142707
6.1 0.00010295 0.00142095
6.105 0.00010495 0.00145105
6.11 0.000103903 0.00145295
6.115 0.000103001 0.001465
6.12 0.000104079 0.00145689
6.125 0.000103932 0.00141698
6.13 0.000103032 0.00143903
6.135 0.000105905 0.00145805
6.14 0.00010599 0.00148789
6.145 0.000108027 0.00145602
6.15 0.000111959 0.0014499
6.155 0.000109991 0.00149208
6.16 0.000112067 0.00149701
6.165 0.000112084 0.00150507
6.17 0.000113087 0.00149488
6.175 0.000118919 0.00154499
6.18 0.000124901 0.00154897
6.185 0.000133955 0.00153501
6.19 0.000142923 0.00154992
6.195 0.00011997 0.00173905
6.2 0.000151984 0.00161811
6.205 0.000121883 0.00160905
6.21 0.000127915 0.00161788
6.215 0.000125053 0.00159193
6.22 0.000123073 0.00157705
6.225 0.000122113 0.00159604
6.23 0.000122888 0.0015521
6.235 0.000122048 0.00156098
6.24 0.000121102 0.00154099
6.245 0.000120104 0.00155794
6.25 0.000119986 0.00154711
6.255 0.000111928 0.00150692
6.26 0.000113892 0.00150593
6.265 0.000109948 0.00147604
6.27 0.00010696 0.00148596
6.275 0.000108957 0.001491
6.28 0.000107948 0.00150099
6.285 0.000108011 0.00149001
6.29 0.000107956 0.00147595
6.295 0.000105014 0.00145711
6.3 0.000105105 0.00144796
6.305 0.000103972 0.00146502
6.31 0.000104003 0.00142605
6.315 0.000107083 0.00142008
6.32 0.000105023 0.00143193
6.325 0.000108035 0.00142303
6.33 0.000105068 0.00145293
6.335 0.000107106 0.0014401
6.34 0.000106066 0.00142402
6.345 0.000105098 0.00148096
6.35 0.000134095 0.0014571
6.355 0.000110026 0.00139811
6.36 0.000105993 0.0016829
6.365 0.000108011 0.00148301
6.37 0.000111088 0.00148603
6.375 0.000106939 0.00148489
6.38 0.000104891 0.00150803
6.385 0.000109908 0.001553
6.39 0.000111095 0.00155604
6.395 0.000117931 0.00160591
6.4 0.000115984 0.00159092
6.405 0.000116004 0.00159789
6.41 0.000112969 0.00159396
6.415 0.000112904 0.00160289
6.42 0.000113023 0.00159501
6.425 0.000112911 0.0016289
6.43 0.000114943 0.00159703
6.435 0.000113069 0.00163211
6.44 0.000117903 0.00164989
6.445 0.000115047 0.00161089
6.45 0.000113961 0.00156104
6.455 0.000116082 0.00161397
6.46 0.000116081 0.00159897
6.465 0.000115094 0.00159994
6.47 0.000114022 0.0016471
6.475 0.000122066 0.001622
6.48 0.000121993 0.00164392
6.485 0.000125977 0.0016199
6.49 0.000123043 0.00164102
6.495 0.000120882 0.001625
6.5 0.00012094 0.00162306
6.505 0.000120111 0.00160899
6.51 0.000116065 0.00162595
6.515 0.000114898 0.00157498
6.52 0.000117038 0.00148302
6.525 0.000115923 0.00152005
6.53 0.000111005 0.0014929
6.535 0.000111035 0.00151798
6.54 0.000112025 0.00151897
6.545 0.000115015 0.0015539
6.55 0.000127056 0.00165698
6.555 0.000117935 0.00159096
6.56 0.000116094 0.00161298
6.565 0.000115994 0.00163888
6.57 0.000120897 0.00164602
6.575 0.000115895 0.00164102
6.58 0.00011694 0.00164712
6.585 0.000115892 0.00162502
6.59 0.000115117 0.00163196
6.595 0.000113943 0.00160103
6.6 0.000114964 0.00158205
6.605 0.000130101 0.00158397
6.61 0.000113883 0.00158697
6.615 0.000113923 0.00158996
6.62 0.00011191 0.0015489
6.625 0.000113051 0.00153804
6.63 0.000111021 0.00149892
6.635 0.000115899 0.00159307
6.64 0.000120004 0.00161108
6.645 0.000121898 0.00160907
6.65 0.000121076 0.00166096
6.655 0.000123994 0.00162402
6.66 0.000127046 0.00161997
6.665 0.000115979 0.00169711
6.67 0.000117916 0.0016799
6.675 0.000115966 0.00167609
6.68 0.000123884 0.00169991
6.685 0.000127026 0.001753
6.69 0.0001261 0.00177898
6.695 0.000165887 0.00171395
6.7 0.000117967 0.00171895
6.705 0.000117963 0.00171499
6.71 0.000118006 0.00174199
6.715 0.000143067 0.00171406
6.72 0.000118943 0.00171397
6.725 0.000117092 0.00171503
6.73 0.000118055 0.00173704
6.735 0.000119885 0.00175196
6.74 0.000137053 0.00180201
6.745 0.000135006 0.00184106
6.75 0.000134004 0.00185401
6.755 0.000131988 0.00181695
6.76 0.000130974 0.00181408
6.765 0.000137981 0.00188594
6.77 0.000134912 0.00180397
6.775 0.00013201 0.00182493
6.78 0.000139922 0.00186202
6.785 0.000137018 0.00183197
6.79 0.000128963 0.00178403
6.795 0.000137943 0.00183095
6.8 0.000140934 0.00183008
6.805 0.000136986 0.00185789
6.81 0.00014995 0.00188603
6.815 0.000135105 0.00189292
6.82 0.000136035 0.0018799
6.825 0.000136031 0.00184994
6.83 0.000139062 0.00192611
6.835 0.000138037 0.00187204
6.84 0.000138895 0.0019119
6.845 0.000140983 0.00199908
6.85 0.000149883 0.00192692
6.855 0.000157116 0.00195804
6.86 0.000141069 0.00199597
6.865 0.000143088 0.00207404
6.87 0.000142098 0.002138
6.875 0.000142901 0.0021009
6.88 0.000141916 0.00212606
6.885 0.000128997 0.00192301
6.89 0.000128085 0.00193205
6.895 0.000125114 0.00187699
6.9 0.000123925 0.00183395
6.905 0.00012395 0.00184297
6.91 0.000127087 0.00184801
6.915 0.000128032 0.00177705
6.92 0.000128105 0.00178588
6.925 0.000128939 0.00176695
6.93 0.000125887 0.001759
6.935 0.000119914 0.00171999
6.94 0.000126003 0.00165512
6.945 0.000123967 0.00167099
6.95 0.000122997 0.00171097
6.955 0.00012194 0.00157992
6.96 0.000115027 0.00180311
6.965 0.000115099 0.00154794
6.97 0.000113101 0.00160209
6.975 0.000115029 0.00167192
6.98 0.0001141 0.0015839
