0 27 0.00589871
0.005 27 0.0059001
0.01 27 0.00590415
0.015 27 0.00591067
0.02 27 0.00591948
0.025 27 0.00593047
0.03 27 0.00594356
0.035 27 0.00595871
0.04 27 0.00597588
0.045 27 0.00599503
0.05 27 0.00601614
0.055 27 0.00603919
0.06 27 0.00606416
0.065 27 0.00609103
0.07 27 0.00611979
0.075 27 0.00615043
0.08 27 0.00618292
0.085 27 0.00621726
0.09 27 0.00625343
0.095 27 0.00629142
0.1 27 0.00633122
0.105 27 0.00637282
0.11 27 0.0064162
0.115 27 0.00646136
0.12 27 0.00650827
0.125 26 0.00655693
0.13 26 0.00660733
0.135 26 0.00665946
0.14 25 0.0067133
0.145 25 0.00676884
0.15 25 0.00682608
0.155 25 0.00688499
0.16 25 0.00694557
0.165 25 0.00700782
0.17 25 0.00707171
0.175 25 0.00713723
0.18 25 0.00720438
0.185 25 0.00727315
0.19 25 0.00734351
0.195 25 0.00741547
0.2 25 0.00748901
0.205 25 0.00756413
0.21 25 0.0076408
0.215 25 0.00771902
0.22 25 0.00779878
0.225 25 0.00788007
0.23 25 0.00796288
0.235 25 0.00804719
0.24 25 0.008133
0.245 25 0.0082203
0.25 24 0.00830907
0.255 24 0.00839931
0.26 24 0.008491
0.265 24 0.00858413
0.27 24 0.0086787
0.275 24 0.00877469
0.28 24 0.00887209
0.285 24 0.0089709
0.29 24 0.0090711
0.295 24 0.00917267
0.3 24 0.00927562
0.305 25 0.00937993
0.31 25 0.00948559
0.315 25 0.00959259
0.32 25 0.00970092
0.325 25 0.00981056
0.33 24 0.00992152
0.335 24 0.0100338
0.34 24 0.0101473
0.345 24 0.0102621
0.35 24 0.0103782
0.355 24 0.0104955
0.36 23 0.0106141
0.365 22 0.0107339
0.37 22 0.010855
0.375 22 0.0109772
0.38 22 0.0111007
0.385 22 0.0112253
0.39 22 0.0113511
0.395 22 0.0114781
0.4 23 0.0116063
0.405 23 0.0117356
0.41 23 0.011866
0.415 23 0.0119975
0.42 22 0.0121302
0.425 22 0.012264
0.43 22 0.0123989
0.435 22 0.0125348
0.44 22 0.0126695
0.445 22 0.0128045
0.45 22 0.0129406
0.455 21 0.0130776
0.46 21 0.0132156
0.465 21 0.0133545
0.47 21 0.0134943
0.475 20 0.013635
0.48 20 0.0137766
0.485 19 0.0139191
0.49 19 0.0140625
0.495 19 0.0142067
0.5 19 0.0143517
0.505 19 0.0144976
0.51 19 0.0146443
0.515 18 0.0147918
0.52 17 0.01494
0.525 17 0.015089
0.53 17 0.0152388
0.535 16 0.0153893
0.54 15 0.0155405
0.545 14 0.0156924
0.55 14 0.0158451
0.555 14 0.0159984
0.56 14 0.0161523
0.565 14 0.0163069
0.57 14 0.0164622
0.575 14 0.0165264
0.58 14 0.0165308
0.585 14 0.0165355
0.59 14 0.0165407
0.595 14 0.0165462
0.6 15 0.0165521
0.605 14 0.0165585
0.61 13 0.0165652
0.615 13 0.0165586
0.62 13 0.0165287
0.625 13 0.0164991
0.63 13 0.0164699
0.635 13 0.0164409
0.64 13 0.0164123
0.645 13 0.016384
0.65 12 0.016356
0.655 11 0.0163283
0.66 11 0.016301
0.665 12 0.0162741
0.67 11 0.0162475
0.675 11 0.0162212
0.68 10 0.0161953
0.685 9 0.0161698
0.69 9 0.0161446
0.695 9 0.0161198
0.7 9 0.0160954
0.705 9 0.0160713
0.71 9 0.0160477
0.715 9 0.0160244
0.72 9 0.0160016
0.725 9 0.0159791
0.73 9 0.015957
0.735 9 0.0159353
0.74 9 0.015914
0.745 9 0.0158932
0.75 9 0.0158727
0.755 9 0.0158527
0.76 9 0.015833
0.765 9 0.0158138
0.77 9 0.015795
0.775 9 0.0157766
0.78 9 0.0157587
0.785 9 0.0157411
0.79 10 0.015724
0.795 10 0.0157074
0.8 10 0.0156911
0.805 10 0.0156753
0.81 10 0.0156599
0.815 10 0.0156449
0.82 10 0.0156303
0.825 10 0.0156162
0.83 10 0.0156026
0.835 10 0.0155893
0.84 10 0.0155765
0.845 10 0.0155641
0.85 10 0.0155521
0.855 10 0.0155406
0.86 10 0.0155295
0.865 10 0.0155188
0.87 11 0.0155085
0.875 11 0.0154987
0.88 10 0.0154892
0.885 10 0.0154802
0.89 10 0.0154717
0.895 10 0.0154635
0.9 10 0.0154558
0.905 10 0.0154484
0.91 10 0.0154415
0.915 10 0.015435
0.92 10 0.0154289
0.925 10 0.0154232
0.93 10 0.0154179
0.935 10 0.0154129
0.94 11 0.0154084
0.945 11 0.0154043
0.95 11 0.0154006
0.955 11 0.0153972
0.96 11 0.0153942
0.965 11 0.0153916
0.97 11 0.0153894
0.975 12 0.0153876
0.98 12 0.0153861
0.985 13 0.0153849
0.99 13 0.0153841
0.995 13 0.0153837
1 13 0.0153836
1.005 13 0.0153838
1.01 13 0.0153844
1.015 13 0.0153853
1.02 13 0.0153865
1.025 13 0.0153881
1.03 12 0.01539
1.035 12 0.015376
1.04 12 0.0153434
1.045 12 0.0153113
1.05 12 0.0152797
1.055 12 0.0152486
1.06 12 0.0152179
1.065 12 0.0151876
1.07 12 0.0151577
1.075 12 0.0151282
1.08 12 0.0150991
1.085 12 0.0150704
1.09 12 0.015042
1.095 12 0.015014
1.1 12 0.0149864
1.105 12 0.0149592
1.11 12 0.0149323
1.115 12 0.0149058
1.12 12 0.0148797
1.125 12 0.0148539
1.13 12 0.0148285
1.135 12 0.0148035
1.14 12 0.0147787
1.145 13 0.0147544
1.15 13 0.0147303
1.155 13 0.0147067
1.16 13 0.0146833
1.165 13 0.0146603
1.17 13 0.0146376
1.175 12 0.0146152
1.18 12 0.0145932
1.185 12 0.0145715
1.19 12 0.0145501
1.195 12 0.014529
1.2 12 0.0145083
1.205 12 0.0144878
1.21 12 0.0144677
1.215 12 0.0144479
1.22 12 0.0144283
1.225 11 0.0144091
1.23 11 0.0143902
1.235 11 0.0143715
1.24 11 0.0143532
1.245 11 0.0143351
1.25 12 0.0143174
1.255 12 0.0142999
1.26 12 0.0142827
1.265 12 0.0142658
1.27 12 0.0142491
1.275 12 0.0142328
1.28 12 0.0142167
1.285 12 0.0142009
1.29 12 0.0141853
1.295 12 0.01417
1.3 12 0.014155
1.305 12 0.0141403
1.31 12 0.0141258
1.315 12 0.0141116
1.32 12 0.0140976
1.325 13 0.0140839
1.33 13 0.0140704
1.335 13 0.0140572
1.34 13 0.0140443
1.345 14 0.0140315
1.35 14 0.0140191
1.355 14 0.0140069
1.36 14 0.0139949
1.365 14 0.0139832
1.37 14 0.0139717
1.375 14 0.0139604
1.38 14 0.0139494
1.385 14 0.0139386
1.39 14 0.013928
1.395 14 0.0139177
1.4 14 0.0139076
1.405 14 0.0138977
1.41 14 0.0138881
1.415 14 0.0138787
1.42 14 0.0138695
1.425 14 0.0138605
1.43 14 0.0138518
1.435 14 0.0138433
1.44 14 0.013835
1.445 14 0.0138269
1.45 14 0.013819
1.455 13 0.0138114
1.46 13 0.0138039
1.465 13 0.0137967
1.47 13 0.0137897
1.475 13 0.0137829
1.48 13 0.0137763
1.485 13 0.0137699
1.49 13 0.0137637
1.495 13 0.0137577
1.5 13 0.013752
1.505 13 0.0137464
1.51 13 0.013741
1.515 13 0.0137359
1.52 13 0.0137309
1.525 13 0.0137262
1.53 13 0.0137216
1.535 13 0.0137173
1.54 13 0.0137132
1.545 13 0.0137092
1.55 13 0.0137055
1.555 14 0.0137019
1.56 14 0.0136985
1.565 14 0.0136739
1.57 14 0.0136432
1.575 14 0.0136127
1.58 14 0.0135824
1.585 14 0.0135523
1.59 14 0.0135224
1.595 13 0.0134928
1.6 13 0.0134633
1.605 14 0.0134341
1.61 14 0.013405
1.615 14 0.0133762
1.62 14 0.0133475
1.625 14 0.0133191
1.63 14 0.0132908
1.635 14 0.0132628
1.64 14 0.0132349
1.645 14 0.0132072
1.65 14 0.0131798
1.655 14 0.0131525
1.66 14 0.0131254
1.665 14 0.0130985
1.67 14 0.0130718
1.675 14 0.0130453
1.68 14 0.013019
1.685 14 0.0129929
1.69 14 0.0129669
1.695 14 0.0129412
1.7 14 0.0129156
1.705 14 0.0128902
1.71 14 0.012865
1.715 14 0.01284
1.72 14 0.0128152
1.725 14 0.0127905
1.73 14 0.0127661
1.735 14 0.0127418
1.74 14 0.0127177
1.745 14 0.0126938
1.75 14 0.01267
1.755 14 0.0126465
1.76 14 0.0126231
1.765 14 0.0125999
1.77 15 0.0125769
1.775 15 0.012554
1.78 16 0.0125314
1.785 16 0.0125089
1.79 16 0.0124866
1.795 16 0.0124644
1.8 16 0.0124425
1.805 16 0.0124207
1.81 16 0.0123991
1.815 16 0.0123777
1.82 16 0.0123565
1.825 16 0.0123354
1.83 16 0.0123145
1.835 16 0.0122938
1.84 16 0.0122733
1.845 16 0.012253
1.85 16 0.0122328
1.855 16 0.0122128
1.86 16 0.012193
1.865 16 0.0121733
1.87 16 0.0121539
1.875 16 0.0121346
1.88 16 0.0121155
1.885 16 0.0120966
1.89 16 0.0120778
1.895 16 0.0120593
1.9 16 0.0120409
1.905 16 0.0120227
1.91 16 0.0120047
1.915 16 0.0119868
1.92 16 0.0119692
1.925 16 0.0119517
1.93 16 0.0119344
1.935 16 0.0119173
1.94 16 0.0119004
1.945 16 0.0118837
1.95 16 0.0118672
1.955 16 0.0118509
1.96 16 0.0118347
1.965 16 0.0118188
1.97 16 0.011803
1.975 16 0.0117874
1.98 17 0.0117721
1.985 17 0.0117569
1.99 17 0.011742
1.995 17 0.0117272
2 18 0.0117126
2.005 18 0.0116983
2.01 18 0.0116841
2.015 18 0.0116701
2.02 18 0.0116564
2.025 18 0.0116428
2.03 17 0.0116295
2.035 17 0.0116164
2.04 16 0.0116034
2.045 16 0.0115907
2.05 16 0.0115782
2.055 16 0.0115659
2.06 16 0.0115538
2.065 16 0.0115419
2.07 16 0.0115303
2.075 16 0.0115188
2.08 16 0.0115076
2.085 16 0.0114966
2.09 16 0.0114858
2.095 16 0.0114752
2.1 16 0.0114648
2.105 16 0.0114547
2.11 16 0.0114447
2.115 16 0.011435
2.12 16 0.0114256
2.125 16 0.0114163
2.13 16 0.0114073
2.135 16 0.0113984
2.14 16 0.0113744
2.145 16 0.0113354
2.15 16 0.0112967
2.155 16 0.0112581
2.16 16 0.0112196
2.165 16 0.0111814
2.17 16 0.0111434
2.175 16 0.0111056
2.18 16 0.0110679
2.185 16 0.0110304
2.19 17 0.0109932
2.195 17 0.0109561
2.2 19 0.0109192
2.205 19 0.0108826
2.21 19 0.0108461
2.215 19 0.0108098
2.22 19 0.0107738
2.225 19 0.0107379
2.23 19 0.0107022
2.235 19 0.0106667
2.24 19 0.0106315
2.245 19 0.0105964
2.25 19 0.0105616
2.255 19 0.010527
2.26 19 0.0104925
2.265 19 0.0104583
2.27 19 0.0104243
2.275 19 0.0103905
2.28 19 0.0103569
2.285 19 0.0103236
2.29 19 0.0102904
2.295 19 0.0102575
2.3 19 0.0102248
2.305 19 0.0101923
2.31 19 0.01016
2.315 19 0.010128
2.32 19 0.0100961
2.325 19 0.0100645
2.33 19 0.0100332
2.335 20 0.010002
2.34 20 0.00997106
2.345 20 0.00994036
2.35 20 0.00990988
2.355 20 0.00987963
2.36 20 0.00984961
2.365 20 0.00981982
2.37 20 0.00979026
2.375 20 0.00976094
2.38 21 0.00973184
2.385 22 0.00970299
2.39 22 0.00967436
2.395 22 0.00964598
2.4 22 0.00961783
2.405 22 0.00958991
2.41 22 0.00956224
2.415 22 0.0095348
2.42 22 0.00950761
2.425 22 0.00948066
2.43 22 0.00945394
2.435 22 0.00942748
2.44 22 0.00940125
2.445 22 0.00937527
2.45 22 0.00934953
2.455 22 0.00932404
2.46 22 0.0092988
2.465 22 0.0092738
2.47 22 0.00924905
2.475 21 0.00922455
2.48 21 0.0092003
2.485 21 0.0091763
2.49 21 0.00915255
2.495 21 0.00912905
2.5 21 0.00910581
2.505 21 0.00908281
2.51 21 0.00906008
2.515 21 0.00903759
2.52 20 0.00901536
2.525 20 0.00899339
2.53 22 0.00897167
2.535 22 0.00895021
2.54 22 0.00892901
2.545 22 0.00890806
2.55 22 0.00888737
2.555 22 0.00886695
2.56 22 0.00884678
2.565 22 0.00882687
2.57 22 0.00880723
2.575 22 0.00878784
2.58 22 0.00876872
2.585 22 0.00874986
2.59 23 0.00873126
2.595 24 0.00871293
2.6 24 0.00869486
2.605 24 0.00867705
2.61 24 0.00865951
2.615 24 0.00864224
2.62 24 0.00862523
2.625 24 0.00860848
2.63 24 0.00859201
2.635 24 0.0085758
2.64 24 0.00855986
2.645 24 0.00854418
2.65 24 0.00852887
2.655 24 0.00851389
2.66 24 0.00849919
2.665 24 0.00847389
2.67 24 0.00842689
2.675 24 0.00838015
2.68 24 0.00833366
2.685 24 0.00828742
2.69 24 0.00824144
2.695 24 0.00819572
2.7 24 0.00815024
2.705 24 0.00810503
2.71 24 0.00806007
2.715 24 0.00801538
2.72 24 0.00797094
2.725 25 0.00792675
2.73 25 0.00788283
2.735 25 0.00783917
2.74 25 0.00779577
2.745 25 0.00775264
2.75 25 0.00770976
2.755 26 0.00766715
2.76 26 0.0076248
2.765 26 0.00758272
2.77 26 0.0075409
2.775 26 0.00749934
2.78 26 0.00745806
2.785 26 0.00741703
2.79 26 0.00737628
2.795 26 0.00733579
2.8 26 0.00729557
2.805 26 0.00725562
2.81 26 0.00721593
2.815 26 0.00717652
2.82 25 0.00713738
2.825 25 0.0070985
2.83 25 0.0070599
2.835 25 0.00702156
2.84 24 0.0069835
2.845 24 0.00694571
2.85 24 0.00690819
2.855 24 0.00687095
2.86 24 0.00683397
2.865 24 0.00679728
2.87 24 0.00676086
2.875 24 0.00672472
2.88 24 0.00668886
2.885 25 0.00665328
2.89 25 0.00661798
2.895 25 0.00658296
2.9 25 0.00654823
2.905 25 0.00651379
2.91 25 0.00647963
2.915 25 0.00644576
2.92 25 0.00641218
2.925 25 0.00637889
2.93 26 0.00634589
2.935 26 0.00631319
2.94 26 0.00628079
2.945 26 0.00624867
2.95 26 0.00621686
2.955 26 0.00618535
2.96 26 0.00615414
2.965 26 0.00612323
2.97 26 0.00609262
2.975 26 0.00606232
2.98 26 0.00603232
2.985 26 0.00600263
2.99 26 0.00597326
2.995 26 0.00594419
3 26 0.00591543
3.005 26 0.00588699
3.01 26 0.00585886
3.015 26 0.00583105
3.02 26 0.00580356
3.025 26 0.00577638
3.03 26 0.00574953
3.035 26 0.005723
3.04 26 0.00569679
3.045 26 0.00567091
3.05 26 0.00564535
3.055 27 0.00562012
3.06 27 0.00559522
3.065 27 0.00557065
3.07 27 0.00554642
3.075 27 0.00552252
3.08 27 0.00549895
3.085 27 0.00547572
3.09 27 0.00545283
3.095 27 0.00543028
3.1 27 0.00540807
3.105 27 0.0053862
3.11 27 0.00536468
3.115 27 0.0053435
3.12 27 0.00532267
3.125 27 0.00530219
3.13 27 0.00528206
3.135 27 0.00526228
3.14 27 0.00524286
3.145 27 0.00522379
3.15 27 0.00520507
3.155 27 0.00518672
3.16 27 0.00516872
3.165 27 0.00515108
3.17 27 0.00513381
3.175 27 0.0051169
3.18 27 0.00510036
3.185 27 0.00508418
3.19 27 0.0050538
3.195 27 0.0050053
3.2 27 0.00495716
3.205 27 0.00490937
3.21 27 0.00486195
3.215 27 0.00481488
3.22 27 0.00476818
3.225 27 0.00472185
3.23 27 0.00467588
3.235 27 0.00463028
3.24 27 0.00458505
3.245 27 0.00454019
3.25 27 0.00449571
3.255 27 0.0044516
3.26 27 0.00440787
3.265 27 0.00436452
3.27 27 0.00432154
3.275 27 0.00427895
3.28 27 0.00423675
3.285 27 0.00419493
3.29 27 0.00415356
3.295 27 0.00411259
3.3 26 0.00407202
3.305 26 0.00403183
3.31 26 0.00399204
3.315 26 0.00395265
3.32 26 0.00391366
3.325 26 0.00387506
3.33 26 0.00383687
3.335 26 0.00379908
3.34 26 0.0037617
3.345 26 0.00372472
3.35 25 0.00368815
3.355 25 0.00365199
3.36 25 0.00361624
3.365 25 0.00358091
3.37 25 0.00354599
3.375 25 0.00351149
3.38 25 0.00347741
3.385 26 0.00344375
3.39 25 0.00341051
3.395 25 0.00337769
3.4 25 0.0033453
3.405 25 0.00331334
3.41 25 0.00328181
3.415 25 0.00325071
3.42 25 0.00322004
3.425 25 0.00318981
3.43 25 0.00316001
3.435 25 0.00313065
3.44 25 0.00310173
3.445 25 0.00307325
3.45 25 0.00304522
3.455 25 0.00301762
3.46 25 0.00299048
3.465 25 0.00296379
3.47 25 0.00293754
3.475 25 0.00291175
3.48 25 0.00288641
3.485 25 0.00286152
3.49 25 0.00283709
3.495 25 0.00281312
3.5 25 0.00278962
3.505 25 0.00276657
3.51 26 0.00274399
3.515 26 0.00272187
3.52 26 0.00270022
3.525 26 0.00267904
3.53 26 0.00265833
3.535 26 0.00263809
3.54 26 0.00261833
3.545 26 0.00259904
3.55 26 0.00258023
3.555 26 0.0025619
3.56 26 0.00254405
3.565 26 0.00252668
3.57 25 0.0025098
3.575 25 0.0024934
3.58 25 0.00247749
3.585 25 0.00246207
3.59 25 0.00244714
3.595 25 0.00243271
3.6 24 0.00241877
3.605 24 0.00240532
3.61 24 0.00239237
3.615 24 0.00237993
3.62 24 0.00236798
3.625 24 0.00235653
3.63 24 0.00234559
3.635 24 0.00233516
3.64 24 0.00232523
3.645 24 0.00231582
3.65 24 0.00230691
3.655 24 0.00229852
3.66 24 0.00229064
3.665 24 0.00228327
3.67 24 0.00227643
3.675 24 0.0022701
3.68 24 0.00226429
3.685 24 0.00225901
3.69 24 0.00225425
3.695 24 0.00225002
3.7 24 0.00224631
3.705 24 0.00224313
3.71 24 0.00224048
3.715 24 0.00223836
3.72 24 0.00221471
3.725 24 0.00217922
3.73 24 0.00214424
3.735 24 0.00210977
3.74 24 0.00207581
3.745 24 0.00204237
3.75 24 0.00200945
3.755 24 0.00197705
3.76 25 0.00194517
3.765 25 0.00191382
3.77 25 0.00188299
3.775 25 0.00185269
3.78 25 0.00182291
3.785 25 0.00179367
3.79 25 0.00176496
3.795 25 0.00173679
3.8 25 0.00170916
3.805 25 0.00168206
3.81 25 0.00165549
3.815 25 0.00162945
3.82 25 0.00160393
3.825 25 0.00157894
3.83 25 0.00155446
3.835 25 0.00153049
3.84 25 0.00150703
3.845 25 0.00148407
3.85 25 0.00146162
3.855 25 0.00143966
3.86 25 0.0014182
3.865 25 0.00139723
3.87 25 0.00137674
3.875 25 0.00135674
3.88 25 0.00133722
3.885 25 0.00131817
3.89 25 0.00129959
3.895 25 0.00128148
3.9 25 0.00126383
3.905 25 0.00124664
3.91 25 0.0012299
3.915 25 0.00121362
3.92 25 0.00119779
3.925 25 0.00118239
3.93 25 0.00116744
3.935 25 0.00115293
3.94 25 0.00113884
3.945 25 0.00112518
3.95 25 0.00111195
3.955 24 0.00109913
3.96 24 0.00108673
3.965 24 0.00107474
3.97 24 0.00106316
3.975 24 0.00105198
3.98 24 0.0010412
3.985 24 0.00103082
3.99 24 0.00102082
3.995 24 0.00101121
4 24 0.00100199
4.005 24 0.000993139
4.01 24 0.000984663
4.015 24 0.000976557
4.02 24 0.000968816
4.025 24 0.000961436
4.03 24 0.000954412
4.035 23 0.000947741
4.04 22 0.000941418
4.045 22 0.000935438
4.05 22 0.000929797
4.055 22 0.000924492
4.06 22 0.000919517
4.065 21 0.000914868
4.07 21 0.000910542
4.075 21 0.000906533
4.08 21 0.000902837
4.085 21 0.000899449
4.09 21 0.000896366
4.095 21 0.000893583
4.1 21 0.000891095
4.105 21 0.000888898
4.11 21 0.000886988
4.115 21 0.00088536
4.12 21 0.000884009
4.125 21 0.000882931
4.13 21 0.000882122
4.135 21 0.000881578
4.14 21 0.000881292
4.145 21 0.000881262
4.15 21 0.000881482
4.155 21 0.000881949
4.16 20 0.000882656
4.165 20 0.000883601
4.17 20 0.000884778
4.175 20 0.000886183
4.18 20 0.00088781
4.185 19 0.000889657
4.19 19 0.000891717
4.195 19 0.000893987
4.2 19 0.000896462
4.205 19 0.000899137
4.21 19 0.000902007
4.215 19 0.000905069
4.22 19 0.000908316
4.225 19 0.000911746
4.23 19 0.000915352
4.235 19 0.000919131
4.24 19 0.000923077
4.245 19 0.000927187
4.25 19 0.000931454
4.255 19 0.000935876
4.26 18 0.000940447
4.265 18 0.000945162
4.27 18 0.000950016
4.275 18 0.000955006
4.28 18 0.000960126
4.285 18 0.000965371
4.29 18 0.000970738
4.295 18 0.00097622
4.3 18 0.000981814
4.305 18 0.000987515
4.31 18 0.000993317
4.315 18 0.000999217
4.32 18 0.00100521
4.325 18 0.00101129
4.33 18 0.00101745
4.335 18 0.00102369
4.34 18 0.00103001
4.345 18 0.00103639
4.35 18 0.00104284
4.355 18 0.00104935
4.36 18 0.00105591
4.365 18 0.00106252
4.37 18 0.00106918
4.375 18 0.00107588
4.38 18 0.00108261
4.385 18 0.00108938
4.39 18 0.00109617
4.395 18 0.00110298
4.4 18 0.0011098
4.405 18 0.00111664
4.41 18 0.00112349
4.415 18 0.00113034
4.42 18 0.00113719
4.425 19 0.00114402
4.43 19 0.00115085
4.435 19 0.00115766
4.44 19 0.00116445
4.445 19 0.00117121
4.45 19 0.00117794
4.455 19 0.00118463
4.46 19 0.00119129
4.465 20 0.0011979
4.47 20 0.00120445
4.475 20 0.00121096
4.48 20 0.0012174
4.485 20 0.00122378
4.49 20 0.00123009
4.495 20 0.00123632
4.5 20 0.00124248
4.505 20 0.00124855
4.51 20 0.00125453
4.515 20 0.00126042
4.52 20 0.00126621
4.525 20 0.0012719
4.53 20 0.00127749
4.535 20 0.00128295
4.54 20 0.00128831
4.545 20 0.00129354
4.55 20 0.00129864
4.555 19 0.00130361
4.56 19 0.00130845
4.565 20 0.00131315
4.57 20 0.0013177
4.575 20 0.0013221
4.58 20 0.00132634
4.585 20 0.00133043
4.59 20 0.00133435
4.595 20 0.0013381
4.6 20 0.00134167
4.605 21 0.00134507
4.61 21 0.00134829
4.615 20 0.00135131
4.62 20 0.00135415
4.625 20 0.00135678
4.63 20 0.00135922
4.635 20 0.00136145
4.64 20 0.00136346
4.645 20 0.00136526
4.65 20 0.00136684
4.655 20 0.00136819
4.66 20 0.00136931
4.665 20 0.0013702
4.67 20 0.00137084
4.675 20 0.00137125
4.68 19 0.0013714
4.685 19 0.0013713
4.69 19 0.00137094
4.695 19 0.00137032
4.7 19 0.00136943
4.705 19 0.00136827
4.71 19 0.00136683
4.715 19 0.00136511
4.72 19 0.0013631
4.725 19 0.0013608
4.73 19 0.00135821
4.735 19 0.00135532
4.74 19 0.00135212
4.745 19 0.00134861
4.75 19 0.00134479
4.755 19 0.00134066
4.76 20 0.00133622
4.765 21 0.00133148
4.77 21 0.00132645
4.775 21 0.00132113
4.78 21 0.00131554
4.785 21 0.00130967
4.79 22 0.00130353
4.795 22 0.00129714
4.8 22 0.00129048
4.805 22 0.00128357
4.81 22 0.00127642
4.815 22 0.00126903
4.82 22 0.00126141
4.825 22 0.00125356
4.83 22 0.00124548
4.835 22 0.0012372
4.84 22 0.0012287
4.845 22 0.00122
4.85 22 0.00121111
4.855 22 0.00120202
4.86 22 0.00119275
4.865 21 0.0011833
4.87 21 0.00117369
4.875 21 0.0011639
4.88 21 0.00115396
4.885 21 0.00114387
4.89 21 0.00113363
4.895 21 0.00112325
4.9 22 0.00111273
4.905 22 0.0011021
4.91 22 0.00109134
4.915 22 0.00108047
4.92 21 0.00106949
4.925 21 0.00105841
4.93 22 0.00104724
4.935 22 0.00103599
4.94 23 0.00102465
4.945 23 0.00101324
4.95 23 0.00100177
4.955 23 0.000990233
4.96 23 0.000978647
4.965 23 0.000967016
4.97 23 0.000955347
4.975 23 0.000943647
4.98 23 0.000931923
4.985 23 0.000920181
4.99 23 0.000908429
4.995 23 0.000896674
5 23 0.000884924
5.005 23 0.000873184
5.01 23 0.000861464
5.015 23 0.000849769
5.02 23 0.000838107
5.025 23 0.000826485
5.03 23 0.000814911
5.035 23 0.000803392
5.04 23 0.000791935
5.045 23 0.000780548
5.05 23 0.000769239
5.055 23 0.000758014
5.06 24 0.000746881
5.065 24 0.000735848
5.07 24 0.000724922
5.075 24 0.000714111
5.08 24 0.000703422
5.085 24 0.000692863
5.09 24 0.000682442
5.095 24 0.000672167
5.1 24 0.000662044
5.105 24 0.000652082
5.11 24 0.000642289
5.115 24 0.000632673
5.12 24 0.00062324
5.125 24 0.000614
5.13 24 0.000604959
5.135 24 0.000596127
5.14 24 0.00058751
5.145 24 0.000579116
5.15 24 0.000570955
5.155 24 0.000563033
5.16 24 0.000555358
5.165 24 0.00054794
5.17 24 0.000540785
5.175 24 0.000533902
5.18 24 0.000527298
5.185 24 0.000520983
5.19 24 0.000514964
5.195 24 0.000509248
5.2 24 0.000503835
5.205 24 0.000498727
5.21 24 0.00049393
5.215 24 0.000489446
5.22 24 0.000485281
5.225 24 0.000481439
5.23 24 0.000477924
5.235 24 0.000474741
5.24 24 0.000471894
5.245 24 0.000469386
5.25 24 0.000467222
5.255 24 0.000465405
5.26 24 0.000463941
5.265 24 0.000462831
5.27 24 0.000462082
5.275 24 0.000461695
5.28 24 0.000461675
5.285 24 0.000462026
5.29 24 0.000462751
5.295 24 0.000463854
5.3 24 0.000465339
5.305 24 0.000467209
5.31 24 0.000469467
5.315 24 0.000472118
5.32 24 0.000475164
5.325 24 0.00047861
5.33 24 0.000482458
5.335 24 0.000486711
5.34 24 0.000491374
5.345 24 0.000496449
5.35 24 0.00050194
5.355 24 0.000507849
5.36 24 0.000514181
5.365 24 0.000520937
5.37 24 0.000528122
5.375 24 0.000535738
5.38 24 0.000543788
5.385 24 0.000552276
5.39 24 0.000561203
5.395 24 0.000570573
5.4 24 0.00058039
5.405 24 0.000590654
5.41 24 0.00060137
5.415 24 0.000612541
5.42 24 0.000624167
5.425 24 0.000636254
5.43 24 0.000648802
5.435 24 0.000661815
5.44 24 0.000675294
5.445 23 0.000689243
5.45 23 0.000703664
5.455 23 0.00071856
5.46 23 0.000733931
5.465 23 0.000749782
5.47 23 0.000766114
5.475 23 0.000782929
5.48 23 0.000800229
5.485 23 0.000818017
5.49 23 0.000836295
5.495 23 0.000855064
5.5 23 0.000874327
5.505 23 0.000894086
5.51 23 0.000914342
5.515 23 0.000935097
5.52 23 0.000956354
5.525 23 0.000978113
5.53 23 0.00100038
5.535 23 0.00102315
5.54 23 0.00104643
5.545 23 0.00107021
5.55 23 0.00109451
5.555 23 0.00111932
5.56 23 0.00114465
5.565 23 0.00117049
5.57 23 0.00119684
5.575 23 0.00122372
5.58 23 0.00125111
5.585 23 0.00127903
5.59 23 0.00130746
5.595 23 0.00133642
5.6 23 0.0013659
5.605 21 0.00139591
5.61 21 0.00142644
5.615 22 0.0014575
5.62 22 0.00148909
5.625 22 0.00152121
5.63 22 0.00155385
5.635 22 0.00158703
5.64 22 0.00162074
5.645 22 0.00165497
5.65 22 0.00168974
5.655 22 0.00172505
5.66 22 0.00176088
5.665 22 0.00179725
5.67 22 0.00183416
5.675 23 0.0018716
5.68 23 0.00190957
5.685 23 0.00194808
5.69 23 0.00198713
5.695 23 0.00202671
5.7 22 0.00206683
5.705 22 0.00210748
5.71 22 0.00214867
5.715 22 0.0021904
5.72 22 0.00223266
5.725 23 0.00227546
5.73 23 0.0023188
5.735 23 0.00230506
5.74 23 0.00225796
5.745 23 0.00221143
5.75 23 0.00216547
5.755 23 0.0021201
5.76 23 0.0020753
5.765 23 0.00203109
5.77 23 0.00198746
5.775 22 0.00194442
5.78 22 0.00190196
5.785 22 0.00186008
5.79 22 0.00181878
5.795 22 0.00177805
5.8 23 0.00173789
5.805 24 0.00169829
5.81 24 0.00165926
5.815 24 0.00162077
5.82 23 0.00158284
5.825 23 0.00154546
5.83 23 0.00150862
5.835 23 0.00147232
5.84 23 0.00143655
5.845 23 0.00140132
5.85 23 0.00136661
5.855 23 0.00133243
5.86 23 0.00129877
5.865 23 0.00126562
5.87 23 0.00123299
5.875 23 0.00120087
5.88 23 0.00116925
5.885 23 0.00113813
5.89 23 0.00110752
5.895 23 0.00107739
5.9 23 0.00104776
5.905 23 0.00101862
5.91 23 0.000989955
5.915 23 0.000961774
5.92 23 0.00093407
5.925 24 0.000906839
5.93 24 0.000880077
5.935 24 0.000853782
5.94 24 0.00082795
5.945 23 0.000802578
5.95 22 0.000777661
5.955 22 0.000753198
5.96 22 0.000729184
5.965 22 0.000705616
5.97 22 0.000682491
5.975 22 0.000659807
5.98 22 0.000637558
5.985 22 0.000615744
5.99 22 0.000594359
5.995 22 0.000573402
6 21 0.000552869
6.005 21 0.000532757
6.01 21 0.000513062
6.015 21 0.000493783
6.02 21 0.000474916
6.025 21 0.000456458
6.03 21 0.000438406
6.035 21 0.000420757
6.04 21 0.000403509
6.045 21 0.000386658
6.05 21 0.000370202
6.055 21 0.000354137
6.06 21 0.000338462
6.065 20 0.000323174
6.07 20 0.000308269
6.075 20 0.000293745
6.08 20 0.0002796
6.085 20 0.00026583
6.09 20 0.000252434
6.095 21 0.000239408
6.1 21 0.000226751
6.105 21 0.00021446
6.11 21 0.000202531
6.115 21 0.000190964
6.12 21 0.000179755
6.125 20 0.000168902
6.13 20 0.000158403
6.135 20 0.000148255
6.14 20 0.000138457
6.145 20 0.000129006
6.15 20 0.000119899
6.155 21 0.000111135
6.16 21 0.000102712
6.165 21 9.46267e-05
6.17 21 8.68779e-05
6.175 21 7.94635e-05
6.18 21 7.23813e-05
6.185 21 6.56295e-05
6.19 21 5.9206e-05
6.195 21 5.3109e-05
6.2 21 4.73367e-05
6.205 21 4.18871e-05
6.21 21 3.67585e-05
6.215 21 3.19492e-05
6.22 21 2.74574e-05
6.225 21 2.32814e-05
6.23 21 1.94196e-05
6.235 21 1.58703e-05
6.24 21 1.2632e-05
6.245 21 9.70308e-06
6.25 22 7.0821e-06
6.255 22 4.76756e-06
6.26 22 2.75803e-06
6.265 22 1.05209e-06
6.27 22 -3.51602e-07
6.275 22 -1.45438e-06
6.28 22 -2.25753e-06
6.285 22 -2.7623e-06
6.29 22 -2.9699e-06
6.295 22 -2.8815e-06
6.3 22 -2.49824e-06
6.305 22 -1.8212e-06
6.31 22 -8.51458e-07
6.315 22 4.09986e-07
6.32 22 1.96215e-06
6.325 22 3.8041e-06
6.33 22 5.93493e-06
6.335 22 8.35379e-06
6.34 22 1.10599e-05
6.345 22 1.40524e-05
6.35 22 1.73306e-05
6.355 22 2.08878e-05
6.36 22 2.46937e-05
6.365 22 2.87149e-05
6.37 22 3.29206e-05
6.375 22 3.72811e-05
6.38 22 4.17679e-05
6.385 22 4.63538e-05
6.39 22 5.10119e-05
6.395 22 5.57168e-05
6.4 22 6.04434e-05
6.405 22 6.51677e-05
6.41 22 6.98666e-05
6.415 22 7.45176e-05
6.42 22 7.90993e-05
6.425 22 8.35909e-05
6.43 22 8.79726e-05
6.435 22 9.22255e-05
6.44 22 9.63315e-05
6.445 22 0.000100273
6.45 22 0.000104035
6.455 22 0.000107601
6.46 22 0.000110957
6.465 22 0.000114089
6.47 22 0.000116986
6.475 22 0.000119636
6.48 22 0.000122028
6.485 23 0.000124153
6.49 23 0.000126003
6.495 23 0.00012757
6.5 22 0.00012885
6.505 22 0.000129836
6.51 22 0.000130526
6.515 22 0.000130917
6.52 22 0.000131008
6.525 22 0.000130799
6.53 23 0.000130291
6.535 23 0.000129487
6.54 23 0.000128391
6.545 23 0.000127009
6.55 23 0.000125348
6.555 23 0.000123416
6.56 23 0.000121223
6.565 23 0.000118781
6.57 23 0.000116103
6.575 23 0.000113204
6.58 23 0.000110099
6.585 23 0.000106807
6.59 23 0.000103346
6.595 23 9.97186e-05
6.6 23 9.59225e-05
6.605 23 9.19499e-05
6.61 23 8.77915e-05
6.615 22 8.3437e-05
6.62 22 7.88749e-05
6.625 22 7.40927e-05
6.63 22 6.90769e-05
6.635 23 6.38129e-05
6.64 23 5.82849e-05
6.645 23 5.24759e-05
6.65 23 4.63678e-05
6.655 23 3.99413e-05
6.66 23 3.31757e-05
6.665 23 2.6049e-05
6.67 24 1.85382e-05
6.675 24 1.06185e-05
6.68 24 2.26425e-06
6.685 24 -6.55194e-06
6.69 22 -1.58586e-05
6.695 22 -2.56858e-05
6.7 22 -3.60386e-05
6.705 22 -4.68179e-05
6.71 22 -5.79008e-05
6.715 22 -6.91671e-05
6.72 21 -8.04995e-05
6.725 21 -9.17826e-05
6.73 21 -0.000102903
6.735 21 -0.00011375
6.74 21 -0.000124212
6.745 21 -0.000134181
6.75 21 -0.00014355
6.755 21 -0.000152212
6.76 21 -0.000160063
6.765 22 -0.000166998
6.77 23 -0.000172916
6.775 22 -0.000177713
6.78 22 -0.000181291
6.785 22 -0.00018355
6.79 22 -0.000184392
6.795 22 -0.00018372
6.8 22 -0.000181439
6.805 22 -0.000177454
6.81 22 -0.000171672
6.815 22 -0.000164001
6.82 22 -0.000154351
6.825 22 -0.000142633
6.83 22 -0.000128758
6.835 22 -0.000112641
6.84 22 -9.41949e-05
6.845 22 -7.33368e-05
6.85 22 -4.9984e-05
6.855 22 -2.40765e-05
6.86 23 4.36086e-06
6.865 23 3.52829e-05
6.87 23 6.86464e-05
6.875 24 0.00010441
6.88 24 0.000142531
6.885 24 0.000182971
6.89 23 0.000225689
6.895 23 0.000270643
6.9 23 0.000317793
6.905 23 0.000367097
6.91 24 0.000418513
6.915 24 0.000471997
6.92 24 0.000502778
6.925 24 0.000530815
6.93 24 0.000560801
6.935 24 0.000592693
6.94 24 0.000626445
6.945 23 0.000662011
6.95 24 0.000699346
6.955 24 0.0007384
6.96 24 0.000779125
6.965 24 0.000821472
6.97 24 0.00086539
6.975 24 0.000910827
6.98 24 0.000957732
6.985 24 0.00100605
6.99 24 0.000982493
6.995 24 0.000934136
7 24 0.000887395
7.005 25 0.000842235
7.01 25 0.000798619
7.015 25 0.000756508
7.02 25 0.000715861
7.025 25 0.00067664
7.03 25 0.000638802
7.035 25 0.000602305
7.04 25 0.000567105
7.045 25 0.000533158
7.05 25 0.000500419
7.055 25 0.000468841
7.06 25 0.000438377
7.065 25 0.00040898
7.07 25 0.000380599
7.075 25 0.000353186
7.08 25 0.000326696
7.085 25 0.000301107
7.09 24 0.000276408
7.095 24 0.000252592
7.1 24 0.00022965
7.105 24 0.000207575
7.11 24 0.000186358
7.115 24 0.000165993
7.12 24 0.000146472
7.125 24 0.00012779
7.13 23 0.000109938
7.135 23 9.29134e-05
7.14 22 7.67094e-05
7.145 22 6.1322e-05
7.15 22 4.67473e-05
7.155 22 3.29821e-05
7.16 22 2.00238e-05
7.165 22 7.87033e-06
7.17 22 -3.47957e-06
7.175 22 -1.40266e-05
7.18 22 -2.37709e-05
7.185 22 -3.27119e-05
7.19 22 -4.08484e-05
7.195 22 -4.81786e-05
7.2 21 -5.47e-05
7.205 21 -6.04096e-05
7.21 21 -6.53036e-05
7.215 21 -6.93779e-05
7.22 21 -7.26276e-05
7.225 21 -7.5047e-05
7.23 21 -7.66302e-05
7.235 21 -7.73705e-05
7.24 21 -7.72605e-05
7.245 21 -7.62924e-05
7.25 21 -7.44579e-05
7.255 22 -7.17477e-05
7.26 22 -6.81525e-05
7.265 22 -6.3662e-05
7.27 22 -5.82654e-05
7.275 22 -5.19516e-05
7.28 22 -4.47087e-05
7.285 22 -3.65243e-05
7.29 22 -2.73854e-05
7.295 23 -1.72786e-05
7.3 23 -6.18988e-06
7.305 23 5.89541e-06
7.31 23 1.89923e-05
7.315 23 3.31165e-05
7.32 24 4.82842e-05
7.325 24 6.4512e-05
7.33 24 8.18172e-05
7.335 24 0.000100218
7.34 24 0.000119731
7.345 23 0.000140375
7.35 23 0.000162153
7.355 23 0.000185066
7.36 23 0.000209116
7.365 22 0.000234304
7.37 22 0.000260633
7.375 22 0.000288106
7.38 22 0.000316727
7.385 22 0.0003465
7.39 22 0.00037743
7.395 23 0.000409522
7.4 23 0.000442781
7.405 23 0.000477214
7.41 23 0.000512825
7.415 23 0.00054962
7.42 23 0.000587605
7.425 23 0.000626787
7.43 23 0.000667171
7.435 23 0.000644054
7.44 23 0.000612889
7.445 23 0.000582943
7.45 23 0.000554221
7.455 22 0.000526731
7.46 22 0.000500479
7.465 22 0.000475473
7.47 22 0.00045172
7.475 22 0.000429226
7.48 22 0.000408
7.485 22 0.000388049
7.49 22 0.000369379
7.495 22 0.000351999
7.5 23 0.000335916
7.505 23 0.000321137
7.51 23 0.00030767
7.515 23 0.000295522
7.52 23 0.000284702
7.525 23 0.000275217
7.53 23 0.000267075
7.535 23 0.000260284
7.54 23 0.000240344
7.545 22 0.000205328
7.55 22 0.000171632
7.555 22 0.000139266
7.56 22 0.000108238
7.565 22 7.85581e-05
7.57 22 5.02348e-05
7.575 22 2.32773e-05
7.58 22 -2.30491e-06
7.585 22 -2.65026e-05
7.59 22 -4.93064e-05
7.595 22 -7.07069e-05
7.6 22 -9.06945e-05
7.605 21 -0.000109261
7.61 21 -0.000126408
7.615 21 -0.000142141
7.62 21 -0.000156474
7.625 20 -0.000169425
7.63 20 -0.000181017
7.635 20 -0.000191278
7.64 20 -0.000200238
7.645 20 -0.00020793
7.65 20 -0.000214389
7.655 20 -0.000219653
7.66 20 -0.00022376
7.665 20 -0.000226752
7.67 20 -0.00022867
7.675 20 -0.000229559
7.68 20 -0.000229462
7.685 20 -0.000228426
7.69 20 -0.000226498
7.695 20 -0.000223726
7.7 20 -0.000220158
7.705 20 -0.000215846
7.71 20 -0.000210841
7.715 19 -0.000205194
7.72 19 -0.000198958
7.725 19 -0.000192187
7.73 18 -0.000184937
7.735 18 -0.000177262
7.74 18 -0.000169219
7.745 18 -0.000160865
7.75 18 -0.000152258
7.755 18 -0.000143458
7.76 18 -0.000134523
7.765 18 -0.000125514
7.77 18 -0.000116492
7.775 18 -0.00010752
7.78 18 -9.86584e-05
7.785 17 -8.99717e-05
7.79 17 -8.15235e-05
7.795 17 -7.33782e-05
7.8 16 -6.5601e-05
7.805 16 -5.82577e-05
7.81 16 -5.14021e-05
7.815 16 -4.50364e-05
7.82 15 -3.91384e-05
7.825 15 -3.36708e-05
7.83 15 -2.85828e-05
7.835 15 -2.38128e-05
7.84 15 -1.92906e-05
7.845 15 -1.49392e-05
7.85 15 -1.06763e-05
7.855 15 -6.41537e-06
7.86 15 -2.06638e-06
7.865 15 2.45326e-06
7.87 14 7.18687e-06
7.875 14 1.21642e-05
7.88 14 1.74078e-05
7.885 14 2.29333e-05
7.89 14 2.87508e-05
7.895 14 3.4866e-05
7.9 14 4.12811e-05
7.905 14 4.7996e-05
7.91 14 5.50087e-05
7.915 13 6.23159e-05
7.92 12 6.99133e-05
7.925 12 7.77959e-05
7.93 12 8.59583e-05
7.935 12 9.43951e-05
7.94 12 0.0001031
7.945 12 0.000112069
7.95 12 0.000121295
7.955 12 0.000130772
7.96 12 0.000140497
7.965 12 0.000150464
7.97 12 0.000160669
7.975 12 0.000171107
7.98 12 0.000181775
7.985 12 0.000192668
7.99 12 0.000203785
7.995 12 0.000215122
8 12 0.000226676
8.005 12 0.000238446
8.01 12 0.00025043
8.015 12 0.000262627
8.02 12 0.000275036
8.025 12 0.000287656
8.03 12 0.000300488
8.035 12 0.000313531
8.04 12 0.000326786
8.045 12 0.000340253
8.05 12 0.000353936
8.055 12 0.000367834
8.06 12 0.000381951
8.065 12 0.000396288
8.07 12 0.000410848
8.075 12 0.000425635
8.08 12 0.000440652
8.085 11 0.000455902
8.09 11 0.000471391
8.095 11 0.000487122
8.1 11 0.000503101
8.105 11 0.000519333
8.11 11 0.000535823
8.115 11 0.000552578
8.12 11 0.000568822
8.125 11 0.000583215
8.13 11 0.0005958
8.135 11 0.000606621
8.14 11 0.000615723
8.145 11 0.000623147
8.15 11 0.000628936
8.155 11 0.000633132
8.16 11 0.000635774
8.165 11 0.000636903
8.17 11 0.000636558
8.175 11 0.000634777
8.18 11 0.000631598
8.185 11 0.000627058
8.19 11 0.000621192
8.195 11 0.000614038
8.2 11 0.000605631
8.205 11 0.000596004
8.21 11 0.000585193
8.215 11 0.00057323
8.22 11 0.000560149
8.225 10 0.000545983
8.23 10 0.000530764
8.235 10 0.000514523
8.24 10 0.000497292
8.245 10 0.000479101
8.25 10 0.000459982
8.255 10 0.000439965
8.26 10 0.000419078
8.265 10 0.000397353
8.27 10 0.000374817
8.275 10 0.0003515
8.28 10 0.00032743
8.285 10 0.000302635
8.29 10 0.000277145
8.295 10 0.000250986
8.3 10 0.000224186
8.305 10 0.000196772
8.31 10 0.000168773
8.315 10 0.000140214
8.32 10 0.000111123
8.325 10 8.15267e-05
8.33 10 5.14517e-05
8.335 11 2.19806e-05
8.34 11 -7.38842e-06
8.345 11 -3.70233e-05
8.35 11 -6.69405e-05
8.355 11 -9.71176e-05
8.36 11 -0.000127526
8.365 11 -0.000158138
8.37 11 -0.000188923
8.375 11 -0.000219851
8.38 11 -0.000250893
8.385 11 -0.000282019
8.39 11 -0.000313199
8.395 11 -0.000344403
8.4 11 -0.000375599
8.405 11 -0.000406759
8.41 11 -0.00043785
8.415 11 -0.000468841
8.42 11 -0.000499702
8.425 11 -0.000530401
8.43 11 -0.000560906
8.435 11 -0.000591185
8.44 11 -0.000621205
8.445 11 -0.000650934
8.45 11 -0.000680338
8.455 11 -0.000709385
8.46 11 -0.00073804
8.465 11 -0.00076627
8.47 11 -0.000794039
8.475 11 -0.000821314
8.48 11 -0.000848058
8.485 11 -0.000874237
8.49 11 -0.000899813
8.495 11 -0.000924751
8.5 11 -0.000949013
8.505 11 -0.000972561
8.51 11 -0.000995359
8.515 11 -0.00101737
8.52 11 -0.00103855
8.525 11 -0.00105886
8.53 11 -0.00107826
8.535 11 -0.00109671
8.54 11 -0.00111418
8.545 12 -0.00113061
8.55 12 -0.00114597
8.555 12 -0.00116025
8.56 14 -0.00117369
8.565 14 -0.0011867
8.57 15 -0.00119978
8.575 15 -0.00121342
8.58 15 -0.00122807
8.585 15 -0.00124417
8.59 15 -0.00126209
8.595 15 -0.00128207
8.6 15 -0.00130423
